697857 	 0.5097
697858 	 0.5097
697859 	 0.5947
697860 	 1.0760
697861 	 0.5097
697862 	 0.5097
697863 	 0.5097
697864 	 0.5097
697865 	 0.6796
697866 	 0.5097
697867 	 0.4531
697868 	 1.1893
697869 	 1.4158
697870 	 0.5947
697871 	 2.2087
697872 	 0.9628
697873 	 0.5947
697874 	 0.5097
697875 	 0.6796
697876 	 0.5947
697877 	 2.8883
697878 	 2.0388
697879 	 1.6990
697880 	 1.6990
697881 	 1.6990
697882 	 1.3592
697883 	 1.3592
697884 	 3.3980
697885 	 1.3592
697886 	 1.5291
697887 	 0.9628
697888 	 0.6796
697889 	 0.6796
697890 	 0.8495
697891 	 0.5947
697892 	 0.5097
697893 	 0.5947
697894 	 2.4352
697895 	 1.3026
697896 	 0.8495
697897 	 0.5947
697898 	 5.0970
697899 	 11.2135
697900 	 3.3980
697901 	 1.3592
697902 	 0.8495
697903 	 0.6796
697904 	 0.5947
697905 	 0.8495
697906 	 0.5947
697907 	 0.5097
697908 	 0.5947
697909 	 1.2743
697910 	 0.5947
697911 	 0.5097
697912 	 0.5947
697913 	 11.6665
697914 	 12.2329
697915 	 2.0388
697916 	 1.0760
697917 	 0.7646
697918 	 11.4400
697919 	 19.2838
697920 	 5.3802
697921 	 7.2208
697922 	 5.6634
697923 	 3.1432
697924 	 3.3980
697925 	 3.1432
697926 	 2.8883
697927 	 7.6172
697928 	 6.7960
697929 	 3.3980
697930 	 2.0388
697931 	 0.8495
697932 	 0.6796
697933 	 0.5947
697934 	 0.7646
697935 	 0.8495
697936 	 0.9628
697937 	 0.6796
697938 	 0.6796
697939 	 0.6796
697940 	 1.0760
697941 	 0.8495
697942 	 1.5291
697943 	 4.5307
697944 	 2.4352
697945 	 0.6796
697946 	 0.8495
697947 	 0.6796
697948 	 0.6796
697949 	 0.5947
697950 	 0.5097
697951 	 0.5097
697952 	 0.4531
697953 	 0.4531
697954 	 0.3964
697955 	 0.3964
697956 	 0.5097
697957 	 0.3964
697958 	 0.3964
697959 	 0.3964
697960 	 0.3964
697961 	 0.3964
697962 	 0.3964
697963 	 0.3964
697964 	 0.3964
697965 	 0.3964
697966 	 0.3964
697967 	 0.3964
697968 	 0.3964
697969 	 0.4531
697970 	 1.6990
697971 	 16.7919
697972 	 29.1664
697973 	 22.6818
697974 	 5.0970
697975 	 2.0388
697976 	 2.4352
697977 	 8.9764
697978 	 3.6812
697979 	 3.1432
697980 	 2.0388
697981 	 0.6796
697982 	 0.6796
697983 	 0.7646
697984 	 0.7646
697985 	 2.3503
697986 	 14.3283
697987 	 5.0970
697988 	 12.3461
697989 	 14.8947
697990 	 30.5822
697991 	 18.1794
697992 	 6.2297
697993 	 3.9644
697994 	 3.3980
697995 	 22.9083
697996 	 5.6634
697997 	 6.7960
697998 	 3.9644
697999 	 3.1432
698000 	 3.1432
698001 	 2.8883
698002 	 14.4133
698003 	 13.7903
698004 	 5.3802
698005 	 8.0986
698006 	 31.9980
698007 	 5.9465
698008 	 4.5307
698009 	 16.7353
698010 	 24.5224
698011 	 10.1657
698012 	 5.6634
698013 	 5.6634
698014 	 4.2475
698015 	 13.1957
698016 	 6.7960
698017 	 5.0970
698018 	 6.6261
698019 	 12.3461
698020 	 6.7960
698021 	 6.2297
698022 	 4.2475
698023 	 3.6812
698024 	 3.1432
698025 	 2.8883
698026 	 2.8883
698027 	 1.6990
698028 	 0.9628
698029 	 0.9628
698030 	 1.3592
698031 	 1.6990
698032 	 2.0388
698033 	 3.3980
698034 	 2.4352
698035 	 9.3729
698036 	 3.1432
698037 	 2.4352
698038 	 2.4352
698039 	 2.4352
698040 	 2.2370
698041 	 1.8689
698042 	 1.6990
698043 	 1.6990
698044 	 2.0388
698045 	 5.0970
698046 	 3.1432
698047 	 2.6618
698048 	 2.4352
698049 	 2.2370
698050 	 1.5291
698051 	 1.3592
698052 	 1.3592
698053 	 1.6990
698054 	 1.8689
698055 	 2.0388
698056 	 2.4352
698057 	 2.0388
698058 	 1.8689
698059 	 1.5291
698060 	 1.6990
698061 	 1.5291
698062 	 6.9943
698063 	 6.2297
698064 	 3.6812
698065 	 3.1432
698066 	 2.8883
698067 	 2.2370
698068 	 1.8689
698069 	 1.6990
698070 	 1.6990
698071 	 1.5291
698072 	 1.3592
698073 	 1.3592
698074 	 1.3592
698075 	 1.2176
698076 	 1.2176
698077 	 1.0760
698078 	 1.0760
698079 	 0.8495
698080 	 1.0760
698081 	 1.6990
698082 	 1.3592
698083 	 0.7646
698084 	 0.6796
698085 	 2.4352
698086 	 2.0388
698087 	 3.6812
698088 	 3.6812
698089 	 9.0614
698090 	 4.5307
698091 	 6.2297
698092 	 4.2475
698093 	 1.8689
698094 	 1.2176
698095 	 5.7483
698096 	 3.3980
698097 	 1.6990
698098 	 1.0760
698099 	 0.8495
698100 	 0.6796
698101 	 0.8495
698102 	 0.7646
698103 	 0.7646
698104 	 0.5947
698105 	 0.6796
698106 	 0.6796
698107 	 0.8495
698108 	 0.5097
698109 	 0.6796
698110 	 0.6796
698111 	 0.5097
698112 	 0.5097
698113 	 0.8495
698114 	 1.5291
698115 	 1.0760
698116 	 0.7646
698117 	 0.5947
698118 	 0.6796
698119 	 3.6529
698120 	 1.9822
698121 	 3.3980
698122 	 0.9628
698123 	 0.5947
698124 	 0.5097
698125 	 0.8495
698126 	 4.5307
698127 	 6.1731
698128 	 4.6156
698129 	 5.0970
698130 	 2.8883
698131 	 3.9927
698132 	 4.2475
698133 	 3.1432
698134 	 1.6990
698135 	 3.5962
698136 	 5.7483
698137 	 3.9644
698138 	 1.6990
698139 	 1.2176
698140 	 1.3592
698141 	 0.9628
698142 	 5.6634
698143 	 4.2475
698144 	 2.6618
698145 	 1.3592
698146 	 1.3592
698147 	 0.9628
698148 	 0.9628
698149 	 1.0760
698150 	 5.6634
698151 	 2.0388
698152 	 2.9733
698153 	 2.0388
698154 	 3.9644
698155 	 4.5307
698156 	 2.8883
698157 	 3.1432
698158 	 3.9644
698159 	 3.3980
698160 	 1.8689
698161 	 1.6990
698162 	 1.6990
698163 	 3.7378
698164 	 1.6990
698165 	 3.6246
698166 	 1.3592
698167 	 1.0760
698168 	 0.9628
698169 	 2.4069
698170 	 1.5291
698171 	 1.2176
698172 	 0.9628
698173 	 1.0760
698174 	 0.7646
698175 	 0.6796
698176 	 0.9628
698177 	 0.6796
698178 	 0.9628
698179 	 1.5291
698180 	 1.8689
698181 	 1.0760
698182 	 0.8495
698183 	 0.6796
698184 	 0.5947
698185 	 0.5097
698186 	 7.1925
698187 	 6.7960
698188 	 2.4352
698189 	 1.0760
698190 	 0.7646
698191 	 0.6796
698192 	 0.5947
698193 	 1.4442
698194 	 0.5947
698195 	 0.5097
698196 	 0.5097
698197 	 0.5947
698198 	 0.6796
698199 	 0.5097
698200 	 1.0760
698201 	 0.5097
698202 	 3.9927
698203 	 1.3592
698204 	 2.0388
698205 	 1.0760
698206 	 0.8495
698207 	 1.8406
698208 	 2.0388
698209 	 2.3786
698210 	 3.1432
698211 	 1.0760
698212 	 0.6796
698213 	 0.5947
698214 	 0.5947
698215 	 0.5097
698216 	 0.7646
698217 	 1.0760
698218 	 0.5097
698219 	 0.5097
698220 	 0.8495
698221 	 1.3592
698222 	 0.6796
698223 	 0.5097
698224 	 0.5097
698225 	 0.5097
698226 	 0.8495
698227 	 1.3592
698228 	 0.8495
698229 	 0.5097
698230 	 1.3592
698231 	 3.9644
698232 	 5.6634
698233 	 6.2297
698234 	 1.3592
698235 	 1.2176
698236 	 4.5307
698237 	 1.6990
698238 	 6.7960
698239 	 6.7960
698240 	 2.0388
698241 	 5.9465
698242 	 19.7085
698243 	 17.7547
698244 	 8.0703
698245 	 50.6872
698246 	 6.7960
698247 	 13.5921
698248 	 6.2297
698249 	 3.3980
698250 	 2.0388
698251 	 2.8883
698252 	 2.8883
698253 	 1.6990
698254 	 3.1998
698255 	 4.5307
698256 	 2.0388
698257 	 1.6990
698258 	 1.6990
698259 	 1.3592
698260 	 0.9628
698261 	 0.8495
698262 	 0.6796
698263 	 0.6796
698264 	 0.6796
698265 	 0.5947
698266 	 0.5947
698267 	 0.5947
698268 	 0.5947
698269 	 0.5097
698270 	 0.5097
698271 	 0.5097
698272 	 0.5097
698273 	 0.4531
698274 	 0.5097
698275 	 0.8495
698276 	 0.3964
698277 	 0.3964
698278 	 0.3964
698279 	 0.3964
698280 	 0.3964
698281 	 0.4531
698282 	 0.4531
698283 	 0.3964
698284 	 0.3964
698285 	 0.3964
698286 	 0.3964
698287 	 0.8495
698288 	 0.5947
698289 	 0.5947
698290 	 0.8495
698291 	 1.5857
698292 	 1.3592
698293 	 1.0760
698294 	 0.5947
698295 	 3.1715
698296 	 3.9644
698297 	 4.5307
698298 	 2.0388
698299 	 4.5307
698300 	 5.2669
698301 	 5.0970
698302 	 2.2370
698303 	 2.2370
698304 	 1.5291
698305 	 0.9628
698306 	 0.8495
698307 	 1.2459
698308 	 0.8495
698309 	 2.2370
698310 	 0.5097
698311 	 0.5097
698312 	 0.5097
698313 	 0.5097
698314 	 0.5097
698315 	 0.5097
698316 	 0.5097
698317 	 0.5097
698318 	 3.1432
698319 	 0.9628
698320 	 1.3592
698321 	 26.2780
698322 	 3.3980
698323 	 6.2297
698324 	 3.9644
698325 	 2.4352
698326 	 2.2370
698327 	 0.8495
698328 	 6.2297
698329 	 2.0388
698330 	 2.4352
698331 	 1.8689
698332 	 1.3592
698333 	 1.0760
698334 	 0.9628
698335 	 0.6796
698336 	 0.6796
698337 	 0.5947
698338 	 0.5097
698339 	 0.5097
698340 	 0.5097
698341 	 1.0760
698342 	 1.0760
698343 	 0.5097
698344 	 0.5097
698345 	 0.5380
698346 	 0.6230
698347 	 0.7646
698348 	 1.9255
698349 	 0.6796
698350 	 0.6513
698351 	 1.4158
698352 	 1.2743
698353 	 0.6796
698354 	 0.5947
698355 	 0.6513
698356 	 1.3309
698357 	 1.8123
698358 	 0.6230
698359 	 0.5947
698360 	 0.5097
698361 	 0.5097
698362 	 0.4814
698363 	 0.5663
698364 	 0.4531
698365 	 0.4531
698366 	 1.3592
698367 	 1.4158
698368 	 0.8495
698369 	 0.9628
698370 	 0.9628
698371 	 0.9061
698372 	 0.5097
698373 	 0.6230
698374 	 0.6230
698375 	 0.4531
698376 	 0.4531
698377 	 0.4531
698378 	 0.4814
698379 	 0.3681
698380 	 0.3681
698381 	 0.3681
698382 	 0.3681
698383 	 0.3681
698384 	 0.3681
698385 	 0.3681
698386 	 0.3681
698387 	 0.3681
698388 	 0.3681
698389 	 0.3681
698390 	 0.3681
698391 	 0.3681
698392 	 0.3681
698393 	 0.3681
698394 	 0.3681
698395 	 0.4814
698396 	 0.8778
698397 	 6.3713
698398 	 2.8317
698399 	 0.7646
698400 	 0.5663
698401 	 0.3964
698402 	 0.3681
698403 	 0.4531
698404 	 0.4814
698405 	 0.4814
698406 	 0.6513
698407 	 0.4814
698408 	 0.3681
698409 	 0.4531
698410 	 0.5947
698411 	 0.4531
698412 	 2.9733
698413 	 1.5857
698414 	 11.2135
698415 	 5.2669
698416 	 9.2030
698417 	 2.9166
698418 	 1.3592
698419 	 0.7929
698420 	 0.7646
698421 	 0.9628
698422 	 0.5097
698423 	 0.5097
698424 	 0.5097
698425 	 0.5097
698426 	 0.4814
698427 	 0.5380
698428 	 1.5291
698429 	 0.5663
698430 	 0.4531
698431 	 0.4531
698432 	 0.4531
698433 	 0.4531
698434 	 0.4814
698435 	 0.4531
698436 	 0.3681
698437 	 0.3681
698438 	 0.6513
698439 	 0.5097
698440 	 1.3309
698441 	 7.2491
698442 	 2.2653
698443 	 4.8139
698444 	 1.2743
698445 	 0.9628
698446 	 0.5947
698447 	 0.5380
698448 	 0.6513
698449 	 0.4814
698450 	 0.6230
698451 	 1.6707
698452 	 0.8212
698453 	 0.4531
698454 	 1.1327
698455 	 0.4531
698456 	 0.6230
698457 	 0.7929
698458 	 0.5097
698459 	 1.3592
698460 	 0.8778
698461 	 0.5947
698462 	 0.5097
698463 	 0.4531
698464 	 0.4531
698465 	 0.4531
698466 	 0.4531
698467 	 1.2459
698468 	 1.8123
698469 	 1.3592
698470 	 0.5663
698471 	 0.4814
698472 	 0.9911
698473 	 0.4814
698474 	 0.4531
698475 	 0.4814
698476 	 0.4531
698477 	 0.4814
698478 	 1.2459
698479 	 2.4636
698480 	 0.6796
698481 	 0.4814
698482 	 0.4531
698483 	 0.4814
698484 	 0.4814
698485 	 0.5663
698486 	 0.9345
698487 	 1.0194
698488 	 1.5291
698489 	 0.7362
698490 	 0.6230
698491 	 2.5202
698492 	 7.9570
698493 	 3.7661
698494 	 1.4158
698495 	 0.4814
698496 	 0.5947
698497 	 0.5097
698498 	 0.5380
698499 	 0.9911
698500 	 1.0194
698501 	 0.6796
698502 	 0.5380
698503 	 0.5663
698504 	 0.6796
698505 	 0.4814
698506 	 0.4531
698507 	 0.4531
698508 	 1.8689
698509 	 1.0194
698510 	 0.8212
698511 	 0.6513
698512 	 0.4814
698513 	 0.6230
698514 	 0.9345
698515 	 0.5380
698516 	 1.5857
698517 	 0.9061
698518 	 0.7646
698519 	 2.3786
698520 	 0.7079
698521 	 0.6230
698522 	 0.6796
698523 	 0.5380
698524 	 0.5097
698525 	 0.4531
698526 	 0.4814
698527 	 0.4531
698528 	 0.4248
698529 	 0.3964
698530 	 0.6230
698531 	 0.5380
698532 	 0.9345
698533 	 0.4248
698534 	 0.5097
698535 	 1.0194
698536 	 3.0016
698537 	 0.6796
698538 	 21.9172
698539 	 5.9749
698540 	 3.6529
698541 	 1.4158
698542 	 5.7483
698543 	 1.6141
698544 	 0.9911
698545 	 0.6513
698546 	 1.0194
698547 	 0.4248
698548 	 0.4248
698549 	 1.4725
698550 	 0.6513
698551 	 1.0477
698552 	 0.5947
698553 	 0.5380
698554 	 0.6513
698555 	 0.6230
698556 	 0.6796
698557 	 0.6513
698558 	 0.4814
698559 	 0.5097
698560 	 0.7079
698561 	 0.6796
698562 	 0.6513
698563 	 0.6796
698564 	 1.3309
698565 	 1.5291
698566 	 0.5380
698567 	 0.5097
698568 	 0.4531
698569 	 0.4248
698570 	 4.3891
698571 	 1.5291
698572 	 0.6513
698573 	 0.5097
698574 	 0.4531
698575 	 0.4814
698576 	 0.4814
698577 	 0.5663
698578 	 1.0194
698579 	 0.7362
698580 	 1.8123
698581 	 1.0194
698582 	 1.5291
698583 	 6.5412
698584 	 1.6141
698585 	 1.2743
698586 	 6.0881
698587 	 2.5202
698588 	 2.5485
698589 	 2.5202
698590 	 2.0954
698591 	 1.0760
698592 	 0.8212
698593 	 5.9749
698594 	 1.6990
698595 	 1.1327
698596 	 0.9345
698597 	 0.6230
698598 	 0.7362
698599 	 0.8495
698600 	 0.6513
698601 	 0.6230
698602 	 0.5663
698603 	 0.6513
698604 	 0.6230
698605 	 0.4248
698606 	 0.5663
698607 	 0.5380
698608 	 0.5380
698609 	 0.8212
698610 	 0.5663
698611 	 0.4814
698612 	 0.4531
698613 	 0.4248
698614 	 0.4248
698615 	 0.4814
698616 	 0.5663
698617 	 0.6513
698618 	 0.7079
698619 	 0.5380
698620 	 1.0194
698621 	 0.5097
698622 	 0.6513
698623 	 0.6513
698624 	 0.6513
698625 	 1.0194
698626 	 0.6513
698627 	 0.6513
698628 	 0.5663
698629 	 0.6230
698630 	 0.5380
698631 	 0.5663
698632 	 0.5380
698633 	 0.5380
698634 	 1.1044
698635 	 1.1327
698636 	 3.3131
698637 	 1.4158
698638 	 4.5024
698639 	 1.9539
698640 	 1.5857
698641 	 0.6796
698642 	 1.6424
698643 	 6.2580
698644 	 2.2653
698645 	 2.5202
698646 	 1.5574
698647 	 1.3026
698648 	 1.4158
698649 	 0.8212
698650 	 0.6230
698651 	 0.5947
698652 	 0.5947
698653 	 1.6990
698654 	 0.7646
698655 	 0.6513
698656 	 3.1998
698657 	 3.5396
698658 	 0.8778
698659 	 0.6230
698660 	 0.5380
698661 	 0.5097
698662 	 0.5097
698663 	 0.5097
698664 	 0.5097
698665 	 0.5097
698666 	 0.8495
698667 	 0.8212
698668 	 0.5947
698669 	 0.9911
698670 	 1.3875
698671 	 2.0105
698672 	 0.7646
698673 	 0.6230
698674 	 0.5097
698675 	 0.4814
698676 	 0.5097
698677 	 1.1044
698678 	 1.1327
698679 	 2.0954
698680 	 30.5822
698681 	 43.8911
698682 	 5.4085
698683 	 1.6990
698684 	 1.0477
698685 	 0.8212
698686 	 3.6529
698687 	 1.3592
698688 	 0.8778
698689 	 0.6796
698690 	 0.5097
698691 	 0.5380
698692 	 0.5380
698693 	 0.5097
698694 	 0.8212
698695 	 0.5097
698696 	 0.5380
698697 	 0.5947
698698 	 2.6051
698699 	 9.2030
698700 	 11.2135
698701 	 9.2030
698702 	 22.7951
698703 	 10.1657
698704 	 2.8600
698705 	 1.6990
698706 	 1.1893
698707 	 0.9628
698708 	 0.8212
698709 	 0.7929
698710 	 0.6796
698711 	 0.5663
698712 	 0.5380
698713 	 0.5097
698714 	 0.5097
698715 	 0.5380
698716 	 0.5663
698717 	 4.6723
698718 	 1.4158
698719 	 5.0970
698720 	 4.0210
698721 	 4.0210
698722 	 19.2838
698723 	 3.6529
698724 	 7.4756
698725 	 3.3980
698726 	 1.6707
698727 	 1.7840
698728 	 2.1238
698729 	 0.6796
698730 	 0.8212
698731 	 2.0388
698732 	 1.2176
698733 	 2.2653
698734 	 0.9628
698735 	 0.5663
698736 	 0.5380
698737 	 0.4814
698738 	 0.4531
698739 	 0.4531
698740 	 0.5663
698741 	 0.4531
698742 	 0.4531
698743 	 0.4531
698744 	 0.4248
698745 	 0.4814
698746 	 1.4158
698747 	 1.5574
698748 	 1.0194
698749 	 0.4814
698750 	 0.9061
698751 	 0.9345
698752 	 0.4531
698753 	 0.3964
698754 	 0.3964
698755 	 0.3964
698756 	 0.5097
698757 	 0.4248
698758 	 0.7079
698759 	 0.8495
698760 	 0.8212
698761 	 0.5380
698762 	 0.4531
698763 	 0.4531
698764 	 1.3592
698765 	 0.5097
698766 	 0.3964
698767 	 0.3681
698768 	 0.3681
698769 	 0.3681
698770 	 0.3681
698771 	 0.3681
698772 	 0.3681
698773 	 0.3681
698774 	 0.3681
698775 	 0.5947
698776 	 0.4531
698777 	 0.3681
698778 	 0.3681
698779 	 0.3681
698780 	 0.3681
698781 	 0.3681
698782 	 0.3681
698783 	 0.3681
698784 	 0.3964
698785 	 0.6513
698786 	 0.4531
698787 	 0.5663
698788 	 0.6230
698789 	 0.6230
698790 	 1.0194
698791 	 0.9911
698792 	 0.7929
698793 	 2.1521
698794 	 1.8972
698795 	 0.8495
698796 	 0.6796
698797 	 0.8212
698798 	 0.5097
698799 	 0.6230
698800 	 2.2087
698801 	 1.1327
698802 	 1.1044
698803 	 0.8212
698804 	 0.5097
698805 	 0.3964
698806 	 0.3964
698807 	 0.4531
698808 	 1.5574
698809 	 0.5663
698810 	 0.5663
698811 	 0.4248
698812 	 6.8810
698813 	 4.2192
698814 	 4.0210
698815 	 1.1610
698816 	 3.1715
698817 	 2.0388
698818 	 2.4636
698819 	 0.8495
698820 	 0.6796
698821 	 0.5663
698822 	 1.0760
698823 	 0.5097
698824 	 6.2580
698825 	 1.6141
698826 	 0.9345
698827 	 0.8212
698828 	 2.3220
698829 	 4.0210
698830 	 1.5574
698831 	 4.9271
698832 	 2.6901
698833 	 1.6424
698834 	 0.7646
698835 	 1.1327
698836 	 1.5291
698837 	 2.2653
698838 	 0.9061
698839 	 0.7079
698840 	 4.0210
698841 	 6.9659
698842 	 7.5323
698843 	 3.3131
698844 	 1.8972
698845 	 1.0194
698846 	 1.0760
698847 	 1.5857
698848 	 0.6230
698849 	 0.5097
698850 	 0.4814
698851 	 0.4814
698852 	 0.4531
698853 	 0.7362
698854 	 0.4531
698855 	 0.3681
698856 	 0.3964
698857 	 0.3964
698858 	 0.3964
698859 	 2.8600
698860 	 0.6796
698861 	 0.3964
698862 	 0.7079
698863 	 13.5921
698864 	 3.0582
698865 	 2.3786
698866 	 1.0760
698867 	 1.0194
698868 	 0.5663
698869 	 1.3026
698870 	 1.0760
698871 	 1.8123
698872 	 0.6796
698873 	 1.3592
698874 	 1.1327
698875 	 0.9628
698876 	 1.2459
698877 	 0.5380
698878 	 0.6513
698879 	 0.7079
698880 	 0.5097
698881 	 0.7362
698882 	 0.5097
698883 	 0.5663
698884 	 0.4531
698885 	 0.5663
698886 	 1.6141
698887 	 3.3980
698888 	 2.6051
698889 	 1.0194
698890 	 2.2087
698891 	 2.4636
698892 	 7.8438
698893 	 2.9733
698894 	 3.3414
698895 	 3.9077
698896 	 1.4158
698897 	 1.0194
698898 	 0.6513
698899 	 0.6230
698900 	 0.5663
698901 	 0.5097
698902 	 0.4814
698903 	 1.6990
698904 	 0.6513
698905 	 0.6230
698906 	 0.6230
698907 	 0.5097
698908 	 0.5097
698909 	 0.5663
698910 	 1.0194
698911 	 0.5097
698912 	 0.4531
698913 	 0.4248
698914 	 0.4814
698915 	 1.1610
698916 	 1.9255
698917 	 0.7079
698918 	 0.4248
698919 	 0.8212
698920 	 0.3964
698921 	 0.3964
698922 	 1.8972
698923 	 0.8495
698924 	 0.3964
698925 	 0.3681
698926 	 0.3398
698927 	 0.3681
698928 	 0.5097
698929 	 0.4814
698930 	 0.3964
698931 	 0.3681
698932 	 0.3398
698933 	 0.7362
698934 	 0.7079
698935 	 0.6513
698936 	 0.4248
698937 	 0.3681
698938 	 0.3681
698939 	 0.3398
698940 	 0.3398
698941 	 0.3398
698942 	 0.9061
698943 	 0.3681
698944 	 0.3398
698945 	 0.3681
698946 	 0.6796
698947 	 0.5097
698948 	 0.4248
698949 	 1.2176
698950 	 4.0493
698951 	 1.0760
698952 	 3.4830
698953 	 1.4442
698954 	 2.0388
698955 	 1.1327
698956 	 0.4531
698957 	 0.4248
698958 	 1.2176
698959 	 0.5663
698960 	 0.3964
698961 	 0.3964
698962 	 0.3681
698963 	 0.3681
698964 	 0.3681
698965 	 0.3681
698966 	 0.3681
698967 	 0.3964
698968 	 0.3681
698969 	 0.3398
698970 	 0.3398
698971 	 0.3681
698972 	 0.3398
698973 	 0.3398
698974 	 0.3398
698975 	 0.3398
698976 	 0.3398
698977 	 0.3398
698978 	 0.3398
698979 	 0.3398
698980 	 0.7362
698981 	 0.3398
698982 	 0.3398
698983 	 0.4248
698984 	 0.3681
698985 	 0.3398
698986 	 0.3398
698987 	 0.3398
698988 	 1.5008
698989 	 1.8972
698990 	 17.7547
698991 	 5.5501
698992 	 1.5857
698993 	 2.1521
698994 	 1.5008
698995 	 3.4263
698996 	 1.7840
698997 	 1.2176
698998 	 0.9628
698999 	 0.6230
699000 	 0.8212
699001 	 0.4248
699002 	 0.3964
699003 	 0.5380
699004 	 1.2176
699005 	 0.8212
699006 	 1.6990
699007 	 2.4919
699008 	 2.0671
699009 	 1.5008
699010 	 0.9628
699011 	 0.4248
699012 	 0.4248
699013 	 0.4248
699014 	 0.3964
699015 	 0.8212
699016 	 0.5380
699017 	 0.3681
699018 	 0.3964
699019 	 0.5663
699020 	 0.3964
699021 	 0.3681
699022 	 2.6618
699023 	 4.8705
699024 	 19.2838
699025 	 32.8475
699026 	 19.2838
699027 	 3.5396
699028 	 2.4919
699029 	 2.5768
699030 	 1.6990
699031 	 1.5008
699032 	 16.1972
699033 	 13.5921
699034 	 3.5396
699035 	 3.6812
699036 	 4.7289
699037 	 5.2103
699038 	 13.5921
699039 	 6.9659
699040 	 3.7095
699041 	 2.4636
699042 	 13.5921
699043 	 6.3430
699044 	 3.5396
699045 	 2.7467
699046 	 2.4636
699047 	 1.8972
699048 	 0.8212
699049 	 1.5008
699050 	 1.6990
699051 	 0.7079
699052 	 0.6513
699053 	 0.5663
699054 	 0.4248
699055 	 0.3964
699056 	 0.3964
699057 	 0.3964
699058 	 0.3681
699059 	 0.3398
699060 	 0.3398
699061 	 0.3681
699062 	 0.3398
699063 	 0.3398
699064 	 0.3398
699065 	 0.3398
699066 	 0.3115
699067 	 0.3115
699068 	 0.3115
699069 	 0.3115
699070 	 0.3115
699071 	 0.3115
699072 	 0.3115
699073 	 0.3115
699074 	 0.3115
699075 	 0.3398
699076 	 0.3398
699077 	 0.3398
699078 	 0.3398
699079 	 0.3964
699080 	 0.3398
699081 	 0.3964
699082 	 1.3026
699083 	 1.5008
699084 	 0.3964
699085 	 0.3398
699086 	 0.3398
699087 	 0.3964
699088 	 0.3398
699089 	 0.3398
699090 	 0.8212
699091 	 1.9822
699092 	 0.5380
699093 	 1.6141
699094 	 0.6513
699095 	 0.3964
699096 	 0.3964
699097 	 0.3964
699098 	 0.3964
699099 	 0.3398
699100 	 0.3398
699101 	 2.4069
699102 	 0.6513
699103 	 0.3964
699104 	 0.3964
699105 	 0.3964
699106 	 0.3398
699107 	 0.3398
699108 	 0.3398
699109 	 0.3398
699110 	 0.3398
699111 	 0.3398
699112 	 0.3398
699113 	 0.3398
699114 	 0.3398
699115 	 0.3398
699116 	 0.3398
699117 	 0.3964
699118 	 0.3964
699119 	 0.3964
699120 	 0.6230
699121 	 0.4248
699122 	 0.3964
699123 	 0.3964
699124 	 0.3964
699125 	 0.3964
699126 	 0.3964
699127 	 0.3964
699128 	 0.3964
699129 	 0.3964
699130 	 0.3964
699131 	 0.3964
699132 	 0.3964
699133 	 0.5380
699134 	 0.3964
699135 	 0.3964
699136 	 0.3398
699137 	 0.3398
699138 	 0.5380
699139 	 0.4248
699140 	 0.3964
699141 	 0.3964
699142 	 0.3964
699143 	 0.3398
699144 	 0.3398
699145 	 0.3964
699146 	 0.3964
699147 	 0.7362
699148 	 0.3964
699149 	 4.3325
699150 	 0.8212
699151 	 0.3964
699152 	 0.3398
699153 	 0.3398
699154 	 0.3398
699155 	 0.3398
699156 	 0.3398
699157 	 0.3398
699158 	 0.3398
699159 	 0.3398
699160 	 0.3964
699161 	 1.1893
699162 	 0.4248
699163 	 0.3964
699164 	 0.3964
699165 	 0.6230
699166 	 0.4248
699167 	 0.3964
699168 	 0.3398
699169 	 0.3964
699170 	 0.3964
699171 	 0.3398
699172 	 0.3398
699173 	 0.3398
699174 	 0.3964
699175 	 0.3398
699176 	 0.3398
699177 	 0.3398
699178 	 0.3398
699179 	 0.3398
699180 	 0.3964
699181 	 0.3964
699182 	 0.4248
699183 	 0.3398
699184 	 0.4248
699185 	 0.5380
699186 	 0.7362
699187 	 5.6917
699188 	 2.4069
699189 	 1.1893
699190 	 0.6230
699191 	 4.9838
699192 	 1.1893
699193 	 0.5380
699194 	 0.4248
699195 	 0.4248
699196 	 0.5380
699197 	 0.3964
699198 	 0.3964
699199 	 0.3964
699200 	 0.3964
699201 	 0.5380
699202 	 14.8947
699203 	 14.5549
699204 	 1.5857
699205 	 0.7079
699206 	 0.5663
699207 	 0.5380
699208 	 0.5380
699209 	 0.7929
699210 	 0.7929
699211 	 0.7079
699212 	 0.5380
699213 	 0.5380
699214 	 4.7006
699215 	 10.5905
699216 	 4.7006
699217 	 1.7556
699218 	 1.7556
699219 	 4.7006
699220 	 1.7556
699221 	 2.9733
699222 	 4.3891
699223 	 1.9822
699224 	 1.2176
699225 	 0.9061
699226 	 6.3147
699227 	 4.9838
699228 	 1.2176
699229 	 0.7929
699230 	 2.4636
699231 	 2.9733
699232 	 2.7184
699233 	 5.9465
699234 	 3.2281
699235 	 1.9822
699236 	 1.9822
699237 	 2.1804
699238 	 0.9061
699239 	 0.7929
699240 	 0.6230
699241 	 0.9061
699242 	 0.6230
699243 	 0.7079
699244 	 4.0776
699245 	 4.9838
699246 	 3.2281
699247 	 14.0168
699248 	 3.7661
699249 	 6.7111
699250 	 2.7184
699251 	 4.7006
699252 	 3.2281
699253 	 1.4158
699254 	 1.0477
699255 	 1.5857
699256 	 1.4158
699257 	 0.7929
699258 	 1.0477
699259 	 1.0477
699260 	 2.7184
699261 	 1.5857
699262 	 1.5857
699263 	 1.5857
699264 	 2.1804
699265 	 4.3891
699266 	 1.5857
699267 	 0.9061
699268 	 0.6230
699269 	 0.7079
699270 	 0.6230
699271 	 3.2281
699272 	 1.4158
699273 	 2.1804
699274 	 0.6230
699275 	 0.5380
699276 	 0.5380
699277 	 0.4814
699278 	 0.7929
699279 	 0.7929
699280 	 8.7499
699281 	 2.1804
699282 	 1.5857
699283 	 1.9822
699284 	 11.5533
699285 	 12.5160
699286 	 4.9838
699287 	 2.4636
699288 	 1.7556
699289 	 2.1804
699290 	 1.7556
699291 	 17.3016
699292 	 5.6067
699293 	 3.7661
699294 	 2.7184
699295 	 1.9822
699296 	 1.4158
699297 	 4.3891
699298 	 1.7556
699299 	 1.2176
699300 	 0.9061
699301 	 0.7079
699302 	 0.6230
699303 	 0.6230
699304 	 1.2176
699305 	 1.4158
699306 	 1.4158
699307 	 1.2176
699308 	 6.3147
699309 	 12.5160
699310 	 4.7006
699311 	 2.9733
699312 	 2.7184
699313 	 1.4158
699314 	 1.5857
699315 	 3.2281
699316 	 8.7499
699317 	 7.1075
699318 	 2.1804
699319 	 4.9838
699320 	 2.4636
699321 	 1.4158
699322 	 3.2281
699323 	 8.3252
699324 	 3.2281
699325 	 1.9822
699326 	 2.9733
699327 	 2.9733
699328 	 2.4636
699329 	 12.5160
699330 	 12.0347
699331 	 23.6446
699332 	 10.1091
699333 	 3.5113
699334 	 3.2281
699335 	 3.7661
699336 	 2.9733
699337 	 2.7184
699338 	 2.7184
699339 	 1.5857
699340 	 2.4636
699341 	 16.6503
699342 	 26.2780
699343 	 60.3149
699344 	 21.0394
699345 	 7.5040
699346 	 8.7499
699347 	 11.5533
699348 	 8.7499
699349 	 11.0719
699350 	 6.7111
699351 	 6.3147
699352 	 4.0776
699353 	 2.9733
699354 	 4.0776
699355 	 4.3891
699356 	 2.7184
699357 	 2.1804
699358 	 1.7556
699359 	 1.2176
699360 	 1.0477
699361 	 1.0477
699362 	 0.9061
699363 	 1.2176
699364 	 1.7556
699365 	 0.7929
699366 	 1.0477
699367 	 1.0477
699368 	 1.0477
699369 	 0.7079
699370 	 0.6230
699371 	 0.6230
699372 	 0.5663
699373 	 0.5663
699374 	 0.5663
699375 	 0.7079
699376 	 4.7006
699377 	 4.7006
699378 	 2.1804
699379 	 4.0776
699380 	 5.2953
699381 	 2.1804
699382 	 0.9061
699383 	 1.0477
699384 	 4.7006
699385 	 1.7556
699386 	 0.9061
699387 	 0.7079
699388 	 0.7079
699389 	 1.0477
699390 	 0.9061
699391 	 0.9061
699392 	 0.6230
699393 	 0.5663
699394 	 0.5380
699395 	 0.5380
699396 	 0.5380
699397 	 0.5380
699398 	 0.4814
699399 	 0.4814
699400 	 0.4814
699401 	 0.5380
699402 	 0.7929
699403 	 0.7929
699404 	 3.5113
699405 	 11.5533
699406 	 12.9974
699407 	 11.5533
699408 	 26.2780
699409 	 6.7111
699410 	 16.1123
699411 	 59.1822
699412 	 19.2838
699413 	 14.0168
699414 	 9.2030
699415 	 6.3147
699416 	 4.3891
699417 	 2.9733
699418 	 2.4636
699419 	 1.7556
699420 	 1.5857
699421 	 1.2176
699422 	 1.0477
699423 	 0.9061
699424 	 0.7929
699425 	 0.7079
699426 	 0.7079
699427 	 4.9838
699428 	 4.0776
699429 	 2.7184
699430 	 1.9822
699431 	 1.9822
699432 	 1.9822
699433 	 1.9822
699434 	 1.9822
699435 	 1.7556
699436 	 2.9733
699437 	 2.4636
699438 	 1.5857
699439 	 1.5857
699440 	 1.4158
699441 	 1.2176
699442 	 0.7929
699443 	 0.5380
699444 	 0.4814
699445 	 0.4814
699446 	 0.4814
699447 	 0.4248
699448 	 0.4248
699449 	 0.4248
699450 	 0.4248
699451 	 0.4248
699452 	 0.4814
699453 	 0.3964
699454 	 0.3964
699455 	 0.3964
699456 	 0.3964
699457 	 0.3964
699458 	 0.3964
699459 	 0.3964
699460 	 0.5663
699461 	 0.3964
699462 	 0.3964
699463 	 0.3964
699464 	 0.3964
699465 	 0.3964
699466 	 0.3964
699467 	 0.3964
699468 	 0.3964
699469 	 0.3964
699470 	 0.3964
699471 	 0.3964
699472 	 0.3964
699473 	 0.3964
699474 	 0.3964
699475 	 0.3964
699476 	 0.4814
699477 	 0.3964
699478 	 0.3964
699479 	 0.3964
699480 	 0.5663
699481 	 0.5380
699482 	 0.5663
699483 	 0.3964
699484 	 0.4248
699485 	 0.3964
699486 	 0.3964
699487 	 0.3964
699488 	 0.3964
699489 	 0.3964
699490 	 0.6230
699491 	 4.7006
699492 	 3.2281
699493 	 0.7079
699494 	 0.6230
699495 	 0.4248
699496 	 0.4248
699497 	 0.3964
699498 	 0.3964
699499 	 0.3964
699500 	 0.3964
699501 	 0.3964
699502 	 0.9061
699503 	 0.5380
699504 	 0.4814
699505 	 0.4248
699506 	 0.7929
699507 	 0.6230
699508 	 0.4248
699509 	 0.4248
699510 	 0.3964
699511 	 0.3964
699512 	 0.3964
699513 	 0.3964
699514 	 0.3964
699515 	 0.3964
699516 	 0.3964
699517 	 0.3964
699518 	 0.3964
699519 	 0.3964
699520 	 0.4248
699521 	 0.3964
699522 	 0.5663
699523 	 0.3964
699524 	 0.3964
699525 	 0.3964
699526 	 0.3964
699527 	 0.3964
699528 	 0.3964
699529 	 0.3964
699530 	 0.3964
699531 	 0.3964
699532 	 0.3964
699533 	 0.3964
699534 	 0.4248
699535 	 1.2176
699536 	 0.4248
699537 	 0.3964
699538 	 0.3964
699539 	 0.3964
699540 	 0.3964
699541 	 0.4248
699542 	 0.5380
699543 	 0.3964
699544 	 3.2281
699545 	 2.7184
699546 	 0.7929
699547 	 0.4248
699548 	 0.4248
699549 	 0.3964
699550 	 0.3964
699551 	 0.3964
699552 	 0.3964
699553 	 0.6230
699554 	 4.9838
699555 	 30.5822
699556 	 20.1616
699557 	 6.7111
699558 	 9.6277
699559 	 4.7006
699560 	 2.1804
699561 	 1.0477
699562 	 0.7079
699563 	 0.6230
699564 	 0.4814
699565 	 0.4248
699566 	 0.4248
699567 	 0.4248
699568 	 0.4248
699569 	 0.4248
699570 	 3.5113
699571 	 0.5663
699572 	 0.4248
699573 	 0.4248
699574 	 0.3964
699575 	 0.4248
699576 	 0.4248
699577 	 0.7929
699578 	 0.6230
699579 	 0.4248
699580 	 0.4248
699581 	 0.3964
699582 	 0.3964
699583 	 0.3964
699584 	 0.3964
699585 	 0.3964
699586 	 0.3964
699587 	 0.3964
699588 	 0.3964
699589 	 0.3964
699590 	 0.3964
699591 	 0.3964
699592 	 0.3964
699593 	 0.3964
699594 	 0.5663
699595 	 0.4248
699596 	 0.3964
699597 	 0.4814
699598 	 1.4158
699599 	 0.4814
699600 	 0.4248
699601 	 0.4248
699602 	 0.4248
699603 	 0.4248
699604 	 0.4814
699605 	 1.7556
699606 	 5.6067
699607 	 3.7661
699608 	 6.3147
699609 	 12.5160
699610 	 3.7661
699611 	 1.5857
699612 	 1.0477
699613 	 0.5663
699614 	 0.5380
699615 	 0.4814
699616 	 0.4248
699617 	 0.4248
699618 	 0.5663
699619 	 0.4814
699620 	 0.9061
699621 	 0.9061
699622 	 0.7929
699623 	 0.6230
699624 	 0.6230
699625 	 0.5380
699626 	 1.2176
699627 	 1.4158
699628 	 0.7929
699629 	 1.2176
699630 	 4.3891
699631 	 1.4158
699632 	 2.1804
699633 	 0.7929
699634 	 0.5663
699635 	 0.9061
699636 	 3.2281
699637 	 0.7929
699638 	 0.7929
699639 	 2.9733
699640 	 0.7929
699641 	 1.4158
699642 	 0.6230
699643 	 0.6230
699644 	 0.9061
699645 	 0.5380
699646 	 6.3147
699647 	 1.7556
699648 	 2.1804
699649 	 0.7929
699650 	 0.6230
699651 	 0.7929
699652 	 0.6230
699653 	 4.7006
699654 	 1.4158
699655 	 5.9465
699656 	 3.5113
699657 	 7.1075
699658 	 2.1804
699659 	 12.0347
699660 	 3.2281
699661 	 1.4158
699662 	 1.2176
699663 	 1.0477
699664 	 2.1804
699665 	 1.9822
699666 	 0.9061
699667 	 0.7079
699668 	 0.7079
699669 	 0.7079
699670 	 0.5663
699671 	 1.7556
699672 	 3.5113
699673 	 3.7661
699674 	 1.0477
699675 	 1.2176
699676 	 0.7079
699677 	 0.5380
699678 	 0.5380
699679 	 0.5380
699680 	 0.4814
699681 	 0.9061
699682 	 1.0477
699683 	 0.5663
699684 	 0.5380
699685 	 0.5663
699686 	 0.5380
699687 	 0.7079
699688 	 0.7929
699689 	 0.5380
699690 	 0.5663
699691 	 0.9061
699692 	 0.5380
699693 	 4.7006
699694 	 5.6067
699695 	 1.5857
699696 	 0.6230
699697 	 0.5380
699698 	 0.5380
699699 	 0.5380
699700 	 2.7184
699701 	 1.4158
699702 	 0.6230
699703 	 0.5380
699704 	 0.5663
699705 	 6.3147
699706 	 1.9822
699707 	 2.7184
699708 	 4.9838
699709 	 5.2953
699710 	 3.7661
699711 	 5.2953
699712 	 4.3891
699713 	 5.9465
699714 	 7.1075
699715 	 12.5160
699716 	 4.7006
699717 	 2.4636
699718 	 1.9822
699719 	 1.5857
699720 	 0.9061
699721 	 2.7184
699722 	 1.5857
699723 	 0.7929
699724 	 0.6230
699725 	 0.7079
699726 	 0.5663
699727 	 0.5380
699728 	 0.5663
699729 	 0.5380
699730 	 2.9733
699731 	 4.0776
699732 	 15.6026
699733 	 3.2281
699734 	 4.3891
699735 	 8.3252
699736 	 4.7006
699737 	 3.5113
699738 	 4.7006
699739 	 5.2953
699740 	 2.1804
699741 	 2.4636
699742 	 1.7556
699743 	 2.7184
699744 	 1.9822
699745 	 8.3252
699746 	 30.5822
699747 	 45.5901
699748 	 11.2135
699749 	 7.9287
699750 	 4.0210
699751 	 16.1972
699752 	 11.7798
699753 	 17.7547
699754 	 10.1657
699755 	 12.3461
699756 	 10.1657
699757 	 7.1358
699758 	 3.7095
699759 	 2.1804
699760 	 1.9822
699761 	 1.5008
699762 	 2.1804
699763 	 1.3026
699764 	 1.3026
699765 	 2.1804
699766 	 3.7095
699767 	 1.6141
699768 	 1.0477
699769 	 0.9628
699770 	 0.7362
699771 	 1.1893
699772 	 7.1358
699773 	 1.5008
699774 	 1.3026
699775 	 0.8212
699776 	 1.0477
699777 	 0.9628
699778 	 0.8212
699779 	 1.0477
699780 	 0.5380
699781 	 0.4248
699782 	 0.3964
699783 	 1.6141
699784 	 0.6230
699785 	 0.3964
699786 	 0.3964
699787 	 0.6230
699788 	 10.1657
699789 	 4.9838
699790 	 3.4263
699791 	 5.3519
699792 	 2.6335
699793 	 1.7840
699794 	 3.4263
699795 	 7.1358
699796 	 2.8883
699797 	 4.6440
699798 	 9.2030
699799 	 3.4263
699800 	 19.2838
699801 	 8.3252
699802 	 5.3519
699803 	 4.0210
699804 	 3.4263
699805 	 2.8883
699806 	 4.6440
699807 	 2.8883
699808 	 2.8883
699809 	 4.3325
699810 	 2.8883
699811 	 4.9838
699812 	 11.2135
699813 	 12.3461
699814 	 9.6844
699815 	 4.3325
699816 	 2.6335
699817 	 2.6335
699818 	 5.6917
699819 	 3.4263
699820 	 2.8883
699821 	 9.6844
699822 	 7.9287
699823 	 7.5323
699824 	 3.7095
699825 	 2.8883
699826 	 2.6335
699827 	 2.4069
699828 	 3.7095
699829 	 13.5921
699830 	 19.2838
699831 	 5.2953
699832 	 3.5113
699833 	 2.9733
699834 	 3.5113
699835 	 3.2281
699836 	 5.2953
699837 	 5.9465
699838 	 3.5113
699839 	 3.2281
699840 	 3.2281
699841 	 3.2281
699842 	 7.1075
699843 	 4.3891
699844 	 3.5113
699845 	 3.2281
699846 	 2.7184
699847 	 2.7184
699848 	 2.7184
699849 	 2.1804
699850 	 1.9822
699851 	 1.9822
699852 	 1.7556
699853 	 1.4158
699854 	 1.2176
699855 	 1.0477
699856 	 3.2281
699857 	 1.7556
699858 	 1.4158
699859 	 1.2176
699860 	 1.0477
699861 	 1.0477
699862 	 1.7556
699863 	 1.2176
699864 	 1.4158
699865 	 7.1075
699866 	 5.6067
699867 	 20.1616
699868 	 19.2838
699869 	 6.3147
699870 	 8.7499
699871 	 4.9838
699872 	 3.2281
699873 	 2.9733
699874 	 2.7184
699875 	 2.4636
699876 	 1.9822
699877 	 1.0477
699878 	 1.2176
699879 	 1.0477
699880 	 0.9061
699881 	 0.7929
699882 	 0.7929
699883 	 0.7929
699884 	 0.7929
699885 	 0.7929
699886 	 0.7929
699887 	 0.9061
699888 	 1.0477
699889 	 0.7929
699890 	 0.5380
699891 	 0.4814
699892 	 0.4248
699893 	 0.4248
699894 	 0.4248
699895 	 0.4248
699896 	 0.4248
699897 	 0.4814
699898 	 0.5380
699899 	 0.4248
699900 	 0.4248
699901 	 0.4248
699902 	 0.4248
699903 	 0.4248
699904 	 0.4248
699905 	 0.4248
699906 	 0.4814
699907 	 0.4814
699908 	 0.4814
699909 	 1.0477
699910 	 0.4814
699911 	 0.4248
699912 	 0.7079
699913 	 0.9061
699914 	 0.5663
699915 	 0.7079
699916 	 0.4814
699917 	 0.4814
699918 	 0.4814
699919 	 0.4814
699920 	 2.7184
699921 	 2.7184
699922 	 8.7499
699923 	 1.0477
699924 	 0.5663
699925 	 0.5663
699926 	 7.1075
699927 	 2.9733
699928 	 2.9733
699929 	 3.5113
699930 	 10.5905
699931 	 4.3891
699932 	 4.0776
699933 	 2.9733
699934 	 5.9465
699935 	 2.9733
699936 	 2.1804
699937 	 1.2176
699938 	 0.9061
699939 	 0.7929
699940 	 1.4158
699941 	 0.6230
699942 	 0.5663
699943 	 0.7929
699944 	 2.7184
699945 	 4.3891
699946 	 1.7556
699947 	 2.9733
699948 	 2.1804
699949 	 2.4636
699950 	 1.2176
699951 	 3.2281
699952 	 1.7556
699953 	 1.4158
699954 	 1.7556
699955 	 1.5857
699956 	 1.0477
699957 	 1.5857
699958 	 1.4158
699959 	 2.1804
699960 	 1.4158
699961 	 2.1804
699962 	 2.4636
699963 	 1.4158
699964 	 4.3891
699965 	 3.5113
699966 	 1.4158
699967 	 1.7556
699968 	 1.5857
699969 	 0.9061
699970 	 1.4158
699971 	 0.9061
699972 	 5.6067
699973 	 4.3891
699974 	 2.1804
699975 	 2.1804
699976 	 2.9733
699977 	 5.2953
699978 	 3.5113
699979 	 2.1804
699980 	 1.4158
699981 	 2.4636
699982 	 1.9822
699983 	 1.2176
699984 	 1.4158
699985 	 1.0477
699986 	 2.4636
699987 	 6.3147
699988 	 2.1804
699989 	 2.1804
699990 	 5.6067
699991 	 1.5857
699992 	 1.0477
699993 	 0.7929
699994 	 0.6230
699995 	 0.6230
699996 	 0.7079
699997 	 0.5663
699998 	 1.5857
699999 	 3.5113
700000 	 4.7006
700001 	 2.4636
700002 	 5.6067
700003 	 6.7111
700004 	 4.3891
700005 	 1.9822
700006 	 3.2281
700007 	 3.2281
700008 	 1.7556
700009 	 1.0477
700010 	 0.7929
700011 	 0.7079
700012 	 0.7079
700013 	 2.1804
700014 	 0.9061
700015 	 1.0477
700016 	 1.4158
700017 	 1.2176
700018 	 1.0477
700019 	 4.9838
700020 	 3.5113
700021 	 3.5113
700022 	 1.7556
700023 	 0.9061
700024 	 1.7556
700025 	 1.4158
700026 	 1.4158
700027 	 0.7929
700028 	 0.7929
700029 	 0.9061
700030 	 0.7929
700031 	 1.0477
700032 	 4.3891
700033 	 1.2176
700034 	 1.7556
700035 	 3.2281
700036 	 2.1804
700037 	 3.5113
700038 	 1.9822
700039 	 1.0477
700040 	 0.7929
700041 	 1.2176
700042 	 0.7079
700043 	 0.7079
700044 	 0.7079
700045 	 0.5663
700046 	 0.6230
700047 	 0.5663
700048 	 0.5380
700049 	 0.5380
700050 	 0.6230
700051 	 0.5380
700052 	 0.4814
700053 	 0.4814
700054 	 0.5380
700055 	 1.4158
700056 	 0.5663
700057 	 1.9822
700058 	 0.7929
700059 	 0.9061
700060 	 0.5663
700061 	 0.5380
700062 	 0.5380
700063 	 0.5380
700064 	 0.5380
700065 	 1.0477
700066 	 1.4158
700067 	 1.4158
700068 	 0.7079
700069 	 1.0477
700070 	 4.3891
700071 	 2.1804
700072 	 1.4158
700073 	 2.7184
700074 	 6.3147
700075 	 5.6067
700076 	 5.9465
700077 	 2.7184
700078 	 1.4158
700079 	 0.9061
700080 	 0.6230
700081 	 0.5663
700082 	 0.5380
700083 	 1.7556
700084 	 3.2281
700085 	 1.0477
700086 	 0.6230
700087 	 0.6230
700088 	 0.5663
700089 	 1.0477
700090 	 1.4158
700091 	 0.7929
700092 	 0.9061
700093 	 0.9061
700094 	 1.2176
700095 	 1.5857
700096 	 2.4636
700097 	 6.3147
700098 	 4.7006
700099 	 2.4636
700100 	 2.7184
700101 	 2.7184
700102 	 7.5040
700103 	 12.5160
700104 	 3.2281
700105 	 3.5113
700106 	 26.2780
700107 	 14.0168
700108 	 7.1075
700109 	 4.3891
700110 	 2.4636
700111 	 1.7556
700112 	 1.5857
700113 	 8.7499
700114 	 7.5040
700115 	 4.3891
700116 	 14.5549
700117 	 13.4788
700118 	 10.5905
700119 	 4.0776
700120 	 6.3147
700121 	 3.7661
700122 	 2.4636
700123 	 1.7556
700124 	 1.5857
700125 	 1.4158
700126 	 2.4636
700127 	 10.1091
700128 	 2.7184
700129 	 2.1804
700130 	 6.3147
700131 	 2.4636
700132 	 1.5857
700133 	 1.7556
700134 	 4.0776
700135 	 4.9838
700136 	 2.7184
700137 	 4.0776
700138 	 4.0776
700139 	 13.4788
700140 	 1.3875
700141 	 0.7079
700142 	 1.4158
700143 	 5.5501
700144 	 4.0776
700145 	 6.7394
700146 	 6.8810
700147 	 2.4636
700148 	 2.2653
700149 	 1.5574
700150 	 1.6707
700151 	 1.6141
700152 	 1.1044
700153 	 1.2743
700154 	 1.4725
700155 	 4.9838
700156 	 18.0945
700157 	 3.1149
700158 	 1.8406
700159 	 4.3325
700160 	 4.8705
700161 	 6.2297
700162 	 3.3697
700163 	 1.9822
700164 	 3.6246
700165 	 3.0299
700166 	 1.6707
700167 	 1.5008
700168 	 2.7467
700169 	 3.6246
700170 	 1.5857
700171 	 4.5590
700172 	 31.7149
700173 	 18.8024
700174 	 6.0881
700175 	 3.1432
700176 	 3.1432
700177 	 2.0105
700178 	 1.7556
700179 	 1.5857
700180 	 1.3026
700181 	 1.4725
700182 	 1.5008
700183 	 1.2176
700184 	 2.0105
700185 	 2.8034
700186 	 17.9529
700187 	 39.6436
700188 	 4.5873
700189 	 2.5768
700190 	 1.9822
700191 	 1.5857
700192 	 1.3592
700193 	 2.0105
700194 	 1.4158
700195 	 1.4158
700196 	 1.6141
700197 	 1.3309
700198 	 1.6707
700199 	 2.2370
700200 	 1.3592
700201 	 1.2176
700202 	 1.0477
700203 	 0.9345
700204 	 1.1044
700205 	 2.3786
700206 	 1.1327
700207 	 1.8972
700208 	 1.8406
700209 	 1.1327
700210 	 0.9345
700211 	 0.8778
700212 	 0.8212
700213 	 1.9822
700214 	 0.9911
700215 	 0.8495
700216 	 0.7929
700217 	 0.9061
700218 	 0.9061
700219 	 0.7079
700220 	 0.7079
700221 	 0.6796
700222 	 0.6796
700223 	 0.7929
700224 	 1.2176
700225 	 1.9822
700226 	 2.5485
700227 	 1.4158
700228 	 0.9345
700229 	 3.1998
700230 	 1.5291
700231 	 1.4442
700232 	 1.4442
700233 	 6.2580
700234 	 1.7840
700235 	 1.9822
700236 	 1.1044
700237 	 1.2176
700238 	 1.1044
700239 	 0.9061
700240 	 0.9061
700241 	 0.7646
700242 	 0.7646
700243 	 0.7362
700244 	 0.7646
700245 	 0.8212
700246 	 8.0703
700247 	 1.5857
700248 	 1.4158
700249 	 13.1390
700250 	 1.9822
700251 	 1.2176
700252 	 1.0477
700253 	 0.9061
700254 	 0.8212
700255 	 0.8212
700256 	 0.8495
700257 	 0.7646
700258 	 0.7362
700259 	 0.7362
700260 	 12.9691
700261 	 5.5218
700262 	 4.2475
700263 	 8.7216
700264 	 4.8139
700265 	 1.9822
700266 	 3.8511
700267 	 6.4279
700268 	 6.1448
700269 	 4.8988
700270 	 3.9360
700271 	 2.8034
700272 	 3.7661
700273 	 2.1804
700274 	 1.5291
700275 	 1.2176
700276 	 1.1044
700277 	 1.0194
700278 	 0.8778
700279 	 0.8212
700280 	 0.7929
700281 	 0.7362
700282 	 0.7362
700283 	 0.7362
700284 	 0.7079
700285 	 1.3026
700286 	 6.0032
700287 	 20.5863
700288 	 3.5962
700289 	 1.5008
700290 	 0.9911
700291 	 0.8495
700292 	 0.7079
700293 	 0.6796
700294 	 0.6796
700295 	 0.6796
700296 	 0.7079
700297 	 0.7079
700298 	 0.7079
700299 	 0.6796
700300 	 0.6796
700301 	 0.7646
700302 	 0.6796
700303 	 0.8212
700304 	 5.6067
700305 	 1.0760
700306 	 0.6796
700307 	 0.5947
700308 	 0.5663
700309 	 0.5663
700310 	 0.5380
700311 	 0.5380
700312 	 1.5008
700313 	 0.9061
700314 	 0.6796
700315 	 0.8212
700316 	 1.1044
700317 	 9.2030
700318 	 23.8428
700319 	 7.1925
700320 	 2.5485
700321 	 2.1804
700322 	 1.9822
700323 	 1.7556
700324 	 1.5291
700325 	 1.4158
700326 	 1.1893
700327 	 1.0194
700328 	 0.9061
700329 	 0.8778
700330 	 0.8212
700331 	 1.5857
700332 	 1.1044
700333 	 0.9061
700334 	 0.8212
700335 	 0.7362
700336 	 0.7079
700337 	 0.7079
700338 	 0.6513
700339 	 0.6230
700340 	 0.6230
700341 	 0.5663
700342 	 0.5663
700343 	 0.8212
700344 	 0.6513
700345 	 0.5663
700346 	 1.1044
700347 	 0.7929
700348 	 0.7079
700349 	 0.8778
700350 	 4.8139
700351 	 17.5281
700352 	 21.9172
700353 	 10.9586
700354 	 6.0881
700355 	 4.3891
700356 	 24.0976
700357 	 10.7321
700358 	 13.1390
700359 	 8.4951
700360 	 4.2475
700361 	 3.2848
700362 	 2.8034
700363 	 3.0582
700364 	 2.4636
700365 	 9.8259
700366 	 17.9246
700367 	 11.0719
700368 	 3.8511
700369 	 4.2192
700370 	 3.1432
700371 	 2.7184
700372 	 2.4919
700373 	 2.1521
700374 	 1.7556
700375 	 1.1327
700376 	 1.0194
700377 	 1.4725
700378 	 1.0194
700379 	 0.9061
700380 	 0.8212
700381 	 1.2459
700382 	 0.8212
700383 	 0.7929
700384 	 0.6230
700385 	 0.6230
700386 	 0.5947
700387 	 0.5663
700388 	 0.6796
700389 	 2.8600
700390 	 10.1657
700391 	 2.0954
700392 	 0.8778
700393 	 0.7646
700394 	 3.7095
700395 	 7.9854
700396 	 7.8721
700397 	 4.3891
700398 	 1.9822
700399 	 1.2176
700400 	 4.2475
700401 	 2.0954
700402 	 2.6335
700403 	 1.6141
700404 	 1.0760
700405 	 1.5857
700406 	 0.9061
700407 	 0.9061
700408 	 13.2240
700409 	 6.0881
700410 	 1.9255
700411 	 2.1804
700412 	 1.9255
700413 	 2.5485
700414 	 6.1731
700415 	 1.4725
700416 	 3.4263
700417 	 1.2459
700418 	 0.9911
700419 	 1.1610
700420 	 0.7079
700421 	 0.7079
700422 	 3.1998
700423 	 9.4578
700424 	 7.9854
700425 	 2.2653
700426 	 3.0299
700427 	 2.1804
700428 	 1.7556
700429 	 1.5291
700430 	 1.3592
700431 	 1.3026
700432 	 2.1804
700433 	 1.5291
700434 	 1.3026
700435 	 1.1893
700436 	 1.1044
700437 	 1.0194
700438 	 0.9061
700439 	 1.5291
700440 	 1.1044
700441 	 1.0194
700442 	 0.9061
700443 	 1.0477
700444 	 2.3786
700445 	 6.0881
700446 	 5.6067
700447 	 7.1358
700448 	 1.7840
700449 	 1.2176
700450 	 1.2176
700451 	 0.8778
700452 	 0.9061
700453 	 0.8212
700454 	 0.6796
700455 	 1.4725
700456 	 3.9077
700457 	 1.3026
700458 	 1.1044
700459 	 0.9628
700460 	 0.8778
700461 	 0.8212
700462 	 0.7929
700463 	 1.3026
700464 	 4.3891
700465 	 1.0477
700466 	 0.9061
700467 	 0.8212
700468 	 1.8406
700469 	 6.7960
700470 	 0.9911
700471 	 1.5857
700472 	 1.7556
700473 	 1.1893
700474 	 3.0299
700475 	 17.5281
700476 	 14.9513
700477 	 7.1925
700478 	 1.7556
700479 	 1.3026
700480 	 1.1893
700481 	 1.1044
700482 	 1.0477
700483 	 1.1893
700484 	 12.2612
700485 	 15.9990
700486 	 6.0315
700487 	 2.1804
700488 	 1.7556
700489 	 1.9822
700490 	 1.5291
700491 	 1.6707
700492 	 1.4158
700493 	 1.1893
700494 	 1.2176
700495 	 1.1044
700496 	 0.9628
700497 	 0.9911
700498 	 0.8212
700499 	 0.7929
700500 	 0.7362
700501 	 0.7362
700502 	 0.8212
700503 	 1.5291
700504 	 1.1044
700505 	 2.0954
700506 	 6.5412
700507 	 1.1327
700508 	 0.9061
700509 	 0.9061
700510 	 3.2281
700511 	 2.9450
700512 	 1.5008
700513 	 0.9061
700514 	 0.8212
700515 	 2.3220
700516 	 2.3220
700517 	 2.1804
700518 	 2.1804
700519 	 6.6545
700520 	 1.7840
700521 	 2.1521
700522 	 1.2176
700523 	 0.9061
700524 	 0.7646
700525 	 0.6230
700526 	 1.3875
700527 	 0.6796
700528 	 0.5380
700529 	 0.5663
700530 	 0.7079
700531 	 1.2459
700532 	 0.5663
700533 	 0.4814
700534 	 5.4368
700535 	 1.2176
700536 	 0.9061
700537 	 0.5663
700538 	 0.5097
700539 	 2.0954
700540 	 1.1044
700541 	 0.9061
700542 	 0.5663
700543 	 0.6796
700544 	 1.5857
700545 	 17.4715
700546 	 8.4101
700547 	 1.8406
700548 	 3.0299
700549 	 2.2370
700550 	 6.4846
700551 	 1.9822
700552 	 1.5574
700553 	 8.6366
700554 	 7.4473
700555 	 12.1762
700556 	 4.0776
700557 	 2.2653
700558 	 1.5574
700559 	 1.2176
700560 	 1.6141
700561 	 0.9628
700562 	 0.7929
700563 	 0.6796
700564 	 0.6796
700565 	 0.6230
700566 	 0.5663
700567 	 0.5097
700568 	 0.5097
700569 	 0.4814
700570 	 3.9077
700571 	 1.1610
700572 	 1.2176
700573 	 0.6796
700574 	 4.0776
700575 	 1.0194
700576 	 1.5574
700577 	 0.9628
700578 	 0.6796
700579 	 0.6796
700580 	 0.6230
700581 	 0.5947
700582 	 0.6230
700583 	 0.5380
700584 	 0.5097
700585 	 0.5097
700586 	 0.5380
700587 	 0.5947
700588 	 0.4814
700589 	 0.5097
700590 	 0.5097
700591 	 1.2459
700592 	 0.5380
700593 	 0.4814
700594 	 0.4531
700595 	 0.4248
700596 	 0.4248
700597 	 0.5097
700598 	 0.5380
700599 	 0.6230
700600 	 0.7929
700601 	 2.0954
700602 	 5.4368
700603 	 0.7929
700604 	 0.6230
700605 	 0.6230
700606 	 0.4248
700607 	 0.7929
700608 	 0.6796
700609 	 0.5097
700610 	 0.4248
700611 	 1.5574
700612 	 3.8511
700613 	 1.0477
700614 	 0.5097
700615 	 0.4814
700616 	 0.4531
700617 	 0.4248
700618 	 0.4248
700619 	 0.3964
700620 	 0.4814
700621 	 0.5097
700622 	 0.4531
700623 	 1.4158
700624 	 1.3592
700625 	 0.4814
700626 	 0.4531
700627 	 1.2176
700628 	 0.9911
700629 	 0.4531
700630 	 0.4531
700631 	 0.4248
700632 	 0.9628
700633 	 1.3592
700634 	 0.9061
700635 	 11.5533
700636 	 9.4578
700637 	 3.8228
700638 	 12.2612
700639 	 25.0038
700640 	 19.1422
700641 	 23.9561
700642 	 16.9901
700643 	 6.3430
700644 	 3.3414
700645 	 2.5768
700646 	 1.9822
700647 	 1.5291
700648 	 1.2743
700649 	 1.0760
700650 	 0.9061
700651 	 0.7646
700652 	 0.6796
700653 	 0.6230
700654 	 0.5380
700655 	 0.5097
700656 	 0.5097
700657 	 0.5097
700658 	 0.9061
700659 	 0.5947
700660 	 0.5097
700661 	 0.4531
700662 	 0.4531
700663 	 0.4248
700664 	 0.4248
700665 	 0.3964
700666 	 0.3964
700667 	 0.6796
700668 	 0.5380
700669 	 0.5663
700670 	 0.8212
700671 	 0.5947
700672 	 0.4248
700673 	 1.6990
700674 	 1.3026
700675 	 0.7646
700676 	 1.2743
700677 	 6.4846
700678 	 7.3907
700679 	 4.5024
700680 	 1.5008
700681 	 0.8778
700682 	 0.6796
700683 	 0.6230
700684 	 0.5663
700685 	 0.9911
700686 	 3.1998
700687 	 0.9061
700688 	 1.0194
700689 	 0.7079
700690 	 0.5097
700691 	 0.4248
700692 	 0.4248
700693 	 0.4248
700694 	 0.3964
700695 	 0.5097
700696 	 3.2848
700697 	 0.9061
700698 	 0.7646
700699 	 0.6796
700700 	 0.5663
700701 	 0.6796
700702 	 0.4531
700703 	 0.5663
700704 	 1.0194
700705 	 3.6812
700706 	 10.4206
700707 	 2.6618
700708 	 2.0105
700709 	 1.7273
700710 	 0.9911
700711 	 0.7362
700712 	 0.5663
700713 	 0.4531
700714 	 0.4248
700715 	 2.3786
700716 	 4.0210
700717 	 2.0954
700718 	 0.8778
700719 	 0.7362
700720 	 0.9345
700721 	 5.6917
700722 	 1.9822
700723 	 13.5921
700724 	 16.5937
700725 	 5.5218
700726 	 14.9796
700727 	 3.4263
700728 	 2.8883
700729 	 1.6707
700730 	 2.2653
700731 	 1.3026
700732 	 1.1327
700733 	 0.9061
700734 	 1.1044
700735 	 0.8212
700736 	 0.6513
700737 	 0.5947
700738 	 0.5663
700739 	 0.4814
700740 	 1.2743
700741 	 0.5663
700742 	 0.4531
700743 	 0.9061
700744 	 3.1998
700745 	 1.4158
700746 	 3.1149
700747 	 0.9628
700748 	 26.9860
700749 	 21.5491
700750 	 20.3598
700751 	 28.6000
700752 	 11.4683
700753 	 19.4537
700754 	 7.1358
700755 	 6.3147
700756 	 4.6440
700757 	 3.5962
700758 	 5.7766
700759 	 2.9450
700760 	 2.1521
700761 	 1.6990
700762 	 1.4158
700763 	 1.1610
700764 	 1.3309
700765 	 1.0194
700766 	 5.4652
700767 	 2.9733
700768 	 1.3309
700769 	 0.9628
700770 	 0.7646
700771 	 0.7079
700772 	 0.6796
700773 	 0.6513
700774 	 0.5663
700775 	 0.5663
700776 	 0.6230
700777 	 1.7840
700778 	 1.1044
700779 	 6.2580
700780 	 3.0582
700781 	 8.6650
700782 	 1.7840
700783 	 1.0194
700784 	 0.7362
700785 	 1.8972
700786 	 1.5008
700787 	 1.6990
700788 	 1.9822
700789 	 2.6335
700790 	 2.0105
700791 	 0.9061
700792 	 0.8778
700793 	 0.6513
700794 	 2.5768
700795 	 6.0032
700796 	 5.1253
700797 	 2.1521
700798 	 1.5574
700799 	 2.1804
700800 	 1.0194
700801 	 0.8778
700802 	 0.8495
700803 	 7.7022
700804 	 6.8244
700805 	 13.4505
700806 	 11.2701
700807 	 12.6293
700808 	 4.1059
700809 	 2.3786
700810 	 1.6990
700811 	 1.2743
700812 	 1.1044
700813 	 0.8778
700814 	 0.8495
700815 	 0.9061
700816 	 0.8778
700817 	 1.0194
700818 	 7.2208
700819 	 22.1721
700820 	 21.3226
700821 	 6.1731
700822 	 3.5396
700823 	 3.1149
700824 	 2.1804
700825 	 1.7556
700826 	 3.1149
700827 	 4.4741
700828 	 4.1626
700829 	 10.0808
700830 	 7.6172
700831 	 5.7483
700832 	 2.5485
700833 	 1.7840
700834 	 1.3592
700835 	 1.0760
700836 	 0.9061
700837 	 0.9061
700838 	 1.0760
700839 	 1.5857
700840 	 0.7929
700841 	 0.6796
700842 	 1.5857
700843 	 0.7929
700844 	 0.9061
700845 	 3.1432
700846 	 1.7840
700847 	 0.8778
700848 	 0.6796
700849 	 1.0194
700850 	 0.8495
700851 	 0.8778
700852 	 3.9360
700853 	 8.0137
700854 	 13.3939
700855 	 3.9077
700856 	 4.5590
700857 	 17.0751
700858 	 6.3996
700859 	 2.4919
700860 	 1.7273
700861 	 1.3592
700862 	 7.2208
700863 	 2.4069
700864 	 1.3026
700865 	 0.9911
700866 	 2.0954
700867 	 1.0477
700868 	 0.9061
700869 	 0.7362
