697369 	 0.1529
697370 	 0.4531
697371 	 0.1133
697372 	 0.0906
697373 	 0.0708
697374 	 0.0566
697375 	 0.0566
697376 	 0.0510
697377 	 0.0425
697378 	 0.0566
697379 	 0.0708
697380 	 0.0510
697381 	 0.0566
697382 	 0.0311
697383 	 0.0425
697384 	 0.0368
697385 	 0.0368
697386 	 0.0425
697387 	 0.0311
697388 	 0.0368
697389 	 0.0227
697390 	 0.0311
697391 	 0.0283
697392 	 0.0283
697393 	 0.0283
697394 	 0.0283
697395 	 0.0283
697396 	 0.0283
697397 	 0.0227
697398 	 0.0227
697399 	 0.0227
697400 	 0.0227
697401 	 0.0170
697402 	 0.0170
697403 	 0.0170
697404 	 0.0170
697405 	 0.0170
697406 	 0.0170
697407 	 0.0170
697408 	 0.0142
697409 	 0.0170
697410 	 0.0170
697411 	 0.0170
697412 	 0.0170
697413 	 0.0170
697414 	 0.0170
697415 	 0.0170
697416 	 0.0170
697417 	 0.0170
697418 	 0.0227
697419 	 0.0510
697420 	 0.0311
697421 	 0.0425
697422 	 0.0227
697423 	 0.0227
697424 	 0.0510
697425 	 0.0227
697426 	 0.0170
697427 	 0.0170
697428 	 0.0311
697429 	 0.0283
697430 	 0.0368
697431 	 0.0311
697432 	 0.0227
697433 	 0.0170
697434 	 0.0368
697435 	 0.0566
697436 	 0.1019
697437 	 0.0510
697438 	 0.1019
697439 	 0.0623
697440 	 0.0566
697441 	 0.1699
697442 	 0.0708
697443 	 0.0566
697444 	 0.0708
697445 	 0.0566
697446 	 0.0623
697447 	 0.0623
697448 	 0.0906
697449 	 0.1246
697450 	 0.0793
697451 	 0.0425
697452 	 0.0311
697453 	 0.0283
697454 	 0.0283
697455 	 0.0425
697456 	 0.1019
697457 	 0.0566
697458 	 0.0368
697459 	 0.0566
697460 	 0.0368
697461 	 0.0510
697462 	 0.0368
697463 	 0.0425
697464 	 0.0283
697465 	 0.0227
697466 	 0.0170
697467 	 0.0170
697468 	 0.0170
697469 	 0.0170
697470 	 0.0142
697471 	 0.0142
697472 	 0.0142
697473 	 0.0170
697474 	 0.0368
697475 	 0.0311
697476 	 0.0227
697477 	 0.0170
697478 	 0.0170
697479 	 0.0227
697480 	 0.0227
697481 	 0.0368
697482 	 0.1246
697483 	 0.0906
697484 	 0.1388
697485 	 0.0566
697486 	 0.0311
697487 	 0.0283
697488 	 0.0227
697489 	 0.0283
697490 	 0.0283
697491 	 0.0283
697492 	 0.0283
697493 	 0.0311
697494 	 0.0227
697495 	 0.0283
697496 	 0.0283
697497 	 0.0283
697498 	 0.0227
697499 	 0.0227
697500 	 0.0368
697501 	 0.0510
697502 	 0.0311
697503 	 0.0227
697504 	 0.0170
697505 	 0.0170
697506 	 0.0227
697507 	 0.0793
697508 	 0.0368
697509 	 0.0311
697510 	 0.0311
697511 	 0.0227
697512 	 0.0283
697513 	 0.0227
697514 	 0.0227
697515 	 0.0227
697516 	 0.0227
697517 	 0.0170
697518 	 0.0170
697519 	 0.0170
697520 	 0.0311
697521 	 0.0368
697522 	 0.0311
697523 	 0.0227
697524 	 0.0170
697525 	 0.0170
697526 	 0.0170
697527 	 0.0142
697528 	 0.0142
697529 	 0.0142
697530 	 0.0142
697531 	 0.0142
697532 	 0.0142
697533 	 0.0142
697534 	 0.0142
697535 	 0.0170
697536 	 0.1388
697537 	 0.0227
697538 	 0.0227
697539 	 0.0142
697540 	 0.0142
697541 	 0.0227
697542 	 0.1019
697543 	 0.0311
697544 	 0.0311
697545 	 0.0623
697546 	 0.4531
697547 	 0.0142
697548 	 0.0566
697549 	 0.1133
697550 	 0.0566
697551 	 0.0425
697552 	 0.0566
697553 	 0.0623
697554 	 0.0510
697555 	 0.0623
697556 	 0.0425
697557 	 0.0340
697558 	 0.0283
697559 	 0.0227
697560 	 0.0227
697561 	 0.0170
697562 	 0.0170
697563 	 0.0170
697564 	 0.0227
697565 	 0.1246
697566 	 0.0425
697567 	 0.0311
697568 	 0.0283
697569 	 0.0227
697570 	 0.0170
697571 	 0.0170
697572 	 0.0170
697573 	 0.0142
697574 	 0.0142
697575 	 0.0142
697576 	 0.0170
697577 	 0.0170
697578 	 0.0142
697579 	 0.0170
697580 	 0.0142
697581 	 0.0113
697582 	 0.0142
697583 	 0.0142
697584 	 0.0283
697585 	 0.0425
697586 	 0.0623
697587 	 0.8212
697588 	 0.0708
697589 	 0.0566
697590 	 0.0453
697591 	 0.0311
697592 	 0.0368
697593 	 0.0566
697594 	 0.0368
697595 	 0.0311
697596 	 0.0283
697597 	 0.0227
697598 	 0.0227
697599 	 0.0283
697600 	 0.0283
697601 	 0.5097
697602 	 0.1388
697603 	 0.0566
697604 	 0.0566
697605 	 0.0566
697606 	 1.4158
697607 	 1.4158
697608 	 1.4158
697609 	 7.3624
697610 	 0.7079
697611 	 0.7079
697612 	 1.4158
697613 	 1.4158
697614 	 0.1133
697615 	 0.1133
697616 	 0.1133
697617 	 0.1133
697618 	 0.1019
697619 	 0.0906
697620 	 0.0793
697621 	 0.0793
697622 	 0.1246
697623 	 0.1699
697624 	 0.1699
697625 	 0.1926
697626 	 0.2832
697627 	 0.2492
697628 	 0.1926
697629 	 0.1529
697630 	 0.1133
697631 	 0.1019
697632 	 0.0906
697633 	 0.0906
697634 	 0.0793
697635 	 0.0793
697636 	 0.0708
697637 	 0.0708
697638 	 0.0708
697639 	 0.0623
697640 	 0.0623
697641 	 0.0623
697642 	 0.0623
697643 	 0.1756
697644 	 0.2832
697645 	 0.3964
697646 	 0.2492
697647 	 0.1019
697648 	 0.0793
697649 	 0.0708
697650 	 0.0708
697651 	 0.0708
697652 	 0.0623
697653 	 0.0566
697654 	 0.0566
697655 	 0.0566
697656 	 0.0566
697657 	 0.0510
697658 	 0.0510
697659 	 0.0510
697660 	 0.0510
697661 	 0.0510
697662 	 0.0510
697663 	 0.0623
697664 	 0.3398
697665 	 0.2832
697666 	 0.1388
697667 	 0.0906
697668 	 0.0906
697669 	 0.0906
697670 	 0.1133
697671 	 0.0793
697672 	 0.2832
697673 	 0.5097
697674 	 0.7646
697675 	 0.9628
697676 	 0.0170
697677 	 0.0680
697678 	 0.1019
697679 	 0.1133
697680 	 0.1133
697681 	 0.1019
697682 	 0.0850
697683 	 0.0708
697684 	 0.0283
697685 	 0.0623
697686 	 0.0623
697687 	 0.0623
697688 	 0.0623
697689 	 0.5097
697690 	 0.1133
697691 	 0.0906
697692 	 0.0906
697693 	 0.0906
697694 	 0.0906
697695 	 0.1388
697696 	 2.1238
697697 	 6.8810
697698 	 0.3964
697699 	 0.2662
697700 	 0.1388
697701 	 0.1133
697702 	 0.1019
697703 	 0.1388
697704 	 0.1019
697705 	 0.1076
697706 	 0.1133
697707 	 0.1189
697708 	 0.1246
697709 	 0.1359
697710 	 0.1388
697711 	 0.1331
697712 	 0.1246
697713 	 0.1161
697714 	 0.1076
697715 	 0.1019
697716 	 0.0906
697717 	 0.0906
697718 	 0.1019
697719 	 0.1019
697720 	 0.0736
697721 	 0.0453
697722 	 0.0170
697723 	 0.1529
697724 	 0.1388
697725 	 0.1133
697726 	 0.1019
697727 	 0.1019
697728 	 0.1019
697729 	 0.0906
697730 	 0.0906
697731 	 0.0934
697732 	 0.0963
697733 	 0.0991
697734 	 0.0538
697735 	 0.1019
697736 	 0.0708
697737 	 0.0538
697738 	 0.0453
697739 	 0.0453
697740 	 0.0396
697741 	 0.0396
697742 	 0.0396
697743 	 0.0538
697744 	 0.0538
697745 	 0.0396
697746 	 0.0340
697747 	 0.0340
697748 	 0.0396
697749 	 0.0821
697750 	 0.0708
697751 	 0.0453
697752 	 0.0453
697753 	 0.1614
697754 	 0.2464
697755 	 0.0934
697756 	 0.0623
697757 	 0.0453
697758 	 0.0340
697759 	 0.0340
697760 	 0.0311
697761 	 0.0311
697762 	 0.0311
697763 	 0.0311
697764 	 0.0263
697765 	 0.0566
697766 	 0.0736
697767 	 0.0396
697768 	 0.0340
697769 	 0.0340
697770 	 0.0340
697771 	 0.0340
697772 	 0.0623
697773 	 0.3115
697774 	 0.1218
697775 	 0.0566
697776 	 0.0396
697777 	 0.0340
697778 	 0.0311
697779 	 0.0263
697780 	 0.0263
697781 	 0.0263
697782 	 0.0263
697783 	 0.0263
697784 	 0.0263
697785 	 0.0263
697786 	 0.0263
697787 	 0.0263
697788 	 0.0263
697789 	 0.0263
697790 	 0.0263
697791 	 0.0263
697792 	 0.0263
697793 	 0.0263
697794 	 0.0263
697795 	 0.0263
697796 	 0.0311
697797 	 0.0340
697798 	 0.0311
697799 	 0.0311
697800 	 0.2549
697801 	 0.0623
697802 	 0.0396
697803 	 0.0396
697804 	 0.0340
697805 	 0.0311
697806 	 0.0566
697807 	 0.0396
697808 	 0.0311
697809 	 0.0263
697810 	 0.0263
697811 	 0.0263
697812 	 0.0263
697813 	 0.0218
697814 	 0.0311
697815 	 0.0453
697816 	 0.0311
697817 	 0.0311
697818 	 0.1019
697819 	 0.0566
697820 	 0.0340
697821 	 0.0311
697822 	 0.0538
697823 	 0.0623
697824 	 0.0453
697825 	 0.0340
697826 	 0.0311
697827 	 0.0263
697828 	 0.0263
697829 	 0.0263
697830 	 0.0218
697831 	 0.0340
697832 	 0.2379
697833 	 0.0623
697834 	 0.0623
697835 	 0.0481
697836 	 0.2577
697837 	 0.1133
697838 	 0.0651
697839 	 0.0453
697840 	 0.0340
697841 	 0.0311
697842 	 0.0263
697843 	 0.0263
697844 	 0.0263
697845 	 0.0218
697846 	 0.0263
697847 	 0.0481
697848 	 0.0453
697849 	 0.1189
697850 	 0.0538
697851 	 0.0340
697852 	 0.0311
697853 	 0.0263
697854 	 0.0263
697855 	 0.0218
697856 	 0.0218
697857 	 0.2549
697858 	 1.4442
697859 	 0.7079
697860 	 0.3115
697861 	 0.3681
697862 	 0.1756
697863 	 0.1274
697864 	 0.0538
697865 	 0.0538
697866 	 0.0538
697867 	 0.0538
697868 	 0.0538
697869 	 0.0793
697870 	 0.1133
697871 	 0.0878
697872 	 0.0878
697873 	 0.0934
697874 	 0.0708
697875 	 0.0623
697876 	 0.0538
697877 	 0.0651
697878 	 0.2633
697879 	 0.1048
697880 	 0.0793
697881 	 0.1133
697882 	 0.1586
697883 	 0.1756
697884 	 0.2379
697885 	 0.7079
697886 	 0.3115
697887 	 0.2832
697888 	 0.1444
697889 	 0.1416
697890 	 0.1218
697891 	 0.3115
697892 	 0.7362
697893 	 0.8212
697894 	 0.2832
697895 	 0.4248
697896 	 0.7079
697897 	 0.2775
697898 	 0.2180
697899 	 0.4814
697900 	 0.8212
697901 	 1.6707
697902 	 2.2370
697903 	 1.8406
697904 	 1.5008
697905 	 0.7362
697906 	 0.5663
697907 	 0.7362
697908 	 0.6796
697909 	 0.4531
697910 	 0.3964
697911 	 0.3398
697912 	 0.3115
697913 	 0.3115
697914 	 0.2633
697915 	 0.2322
697916 	 0.2095
697917 	 0.1982
697918 	 0.1841
697919 	 0.1756
697920 	 0.1586
697921 	 0.1501
697922 	 0.1444
697923 	 0.1444
697924 	 0.1416
697925 	 0.1416
697926 	 0.1359
697927 	 0.1274
697928 	 0.1274
697929 	 0.1529
697930 	 0.1274
697931 	 0.1104
697932 	 0.1048
697933 	 0.0963
697934 	 0.0934
697935 	 0.0934
697936 	 0.0934
697937 	 0.0934
697938 	 0.0821
697939 	 0.0821
697940 	 0.0878
697941 	 0.0821
697942 	 0.0821
697943 	 0.2718
697944 	 0.1133
697945 	 0.0878
697946 	 0.0821
697947 	 0.0793
697948 	 0.0708
697949 	 0.0708
697950 	 0.0708
697951 	 0.0708
697952 	 0.1359
697953 	 0.1926
697954 	 0.5663
697955 	 0.2152
697956 	 0.4248
697957 	 0.6513
697958 	 1.5857
697959 	 1.1893
697960 	 0.3681
697961 	 0.2322
697962 	 0.1756
697963 	 0.1416
697964 	 0.4248
697965 	 1.6707
697966 	 0.4814
697967 	 0.3681
697968 	 0.3964
697969 	 0.8495
697970 	 0.5097
697971 	 0.7646
697972 	 0.5380
697973 	 0.3398
697974 	 0.2379
697975 	 0.1926
697976 	 0.1841
697977 	 0.1699
697978 	 0.1501
697979 	 0.1274
697980 	 0.1274
697981 	 0.1133
697982 	 0.1104
697983 	 0.1104
697984 	 0.1019
697985 	 0.0963
697986 	 0.0934
697987 	 0.0878
697988 	 0.0878
697989 	 0.0878
697990 	 0.0793
697991 	 0.0793
697992 	 0.0793
697993 	 0.0708
697994 	 0.0736
697995 	 0.2775
697996 	 0.1359
697997 	 0.0963
697998 	 0.1586
697999 	 0.2803
698000 	 0.2095
698001 	 0.1274
698002 	 0.0963
698003 	 0.0821
698004 	 0.0736
698005 	 0.0708
698006 	 0.0708
698007 	 0.0736
698008 	 0.0623
698009 	 0.0623
698010 	 0.0566
698011 	 0.0566
698012 	 0.0538
698013 	 0.0538
698014 	 0.0538
698015 	 0.0538
698016 	 0.0481
698017 	 0.0481
698018 	 0.0481
698019 	 0.0481
698020 	 0.0481
698021 	 0.0453
698022 	 0.0453
698023 	 0.0453
698024 	 0.0538
698025 	 0.0736
698026 	 0.0708
698027 	 0.0538
698028 	 0.0481
698029 	 0.0453
698030 	 0.0481
698031 	 0.0878
698032 	 0.0708
698033 	 0.0793
698034 	 0.0708
698035 	 0.0538
698036 	 0.0623
698037 	 0.2265
698038 	 0.0821
698039 	 0.0651
698040 	 0.0538
698041 	 0.0481
698042 	 0.0481
698043 	 0.0538
698044 	 0.0708
698045 	 0.0623
698046 	 0.0481
698047 	 0.0481
698048 	 0.0538
698049 	 0.0538
698050 	 0.2633
698051 	 0.3115
698052 	 0.1444
698053 	 0.1104
698054 	 0.0934
698055 	 0.0878
698056 	 0.0793
698057 	 0.0623
698058 	 0.0566
698059 	 0.0538
698060 	 0.0453
698061 	 0.0793
698062 	 0.0623
698063 	 0.0538
698064 	 0.0453
698065 	 0.0396
698066 	 0.0340
698067 	 0.0340
698068 	 0.0340
698069 	 0.0396
698070 	 0.0708
698071 	 0.0538
698072 	 0.0453
698073 	 0.0396
698074 	 0.0340
698075 	 0.0311
698076 	 0.0340
698077 	 0.0311
698078 	 0.0311
698079 	 0.0963
698080 	 0.4248
698081 	 0.2407
698082 	 0.0793
698083 	 0.1982
698084 	 0.2095
698085 	 0.4531
698086 	 0.1274
698087 	 0.0793
698088 	 0.0708
698089 	 0.0623
698090 	 0.0538
698091 	 0.0453
698092 	 0.0396
698093 	 0.0340
698094 	 0.0340
698095 	 0.0340
698096 	 0.0340
698097 	 0.0538
698098 	 0.0538
698099 	 0.0453
698100 	 0.0623
698101 	 0.0481
698102 	 0.0538
698103 	 0.1359
698104 	 0.0793
698105 	 0.0538
698106 	 0.0396
698107 	 0.0340
698108 	 0.0340
698109 	 0.0396
698110 	 0.0481
698111 	 0.0453
698112 	 0.0566
698113 	 0.0538
698114 	 0.0340
698115 	 0.0396
698116 	 0.1784
698117 	 0.0878
698118 	 0.0623
698119 	 0.3681
698120 	 0.8778
698121 	 0.3681
698122 	 0.2633
698123 	 0.3681
698124 	 0.1982
698125 	 0.3115
698126 	 0.1501
698127 	 0.1019
698128 	 0.1019
698129 	 0.1274
698130 	 0.0793
698131 	 0.0623
698132 	 0.0538
698133 	 0.0453
698134 	 0.0708
698135 	 0.0708
698136 	 0.0623
698137 	 0.2549
698138 	 0.1274
698139 	 0.3115
698140 	 0.3115
698141 	 0.3398
698142 	 0.3964
698143 	 0.1529
698144 	 0.1019
698145 	 0.4248
698146 	 0.7362
698147 	 0.2180
698148 	 0.1303
698149 	 0.1048
698150 	 0.0878
698151 	 0.1104
698152 	 0.0878
698153 	 0.0708
698154 	 0.0934
698155 	 0.0821
698156 	 0.1699
698157 	 0.0793
698158 	 0.0651
698159 	 0.0623
698160 	 0.0793
698161 	 0.0708
698162 	 0.1218
698163 	 0.0934
698164 	 0.0623
698165 	 0.0538
698166 	 0.0538
698167 	 0.3115
698168 	 0.1104
698169 	 0.0708
698170 	 0.0566
698171 	 0.0538
698172 	 0.1359
698173 	 0.1133
698174 	 0.0793
698175 	 0.3964
698176 	 0.2832
698177 	 0.3398
698178 	 0.1926
698179 	 0.1019
698180 	 0.1133
698181 	 0.0963
698182 	 0.0708
698183 	 0.0623
698184 	 0.0793
698185 	 0.0793
698186 	 0.0651
698187 	 0.2549
698188 	 0.1019
698189 	 0.0708
698190 	 0.0623
698191 	 0.0736
698192 	 0.0878
698193 	 0.1189
698194 	 0.2237
698195 	 0.1104
698196 	 0.0708
698197 	 0.0623
698198 	 0.7079
698199 	 1.5291
698200 	 0.2832
698201 	 0.4531
698202 	 0.3115
698203 	 0.1897
698204 	 0.1444
698205 	 0.1218
698206 	 0.1048
698207 	 0.0963
698208 	 0.0934
698209 	 0.0878
698210 	 0.1019
698211 	 0.1529
698212 	 0.1104
698213 	 0.1303
698214 	 0.1444
698215 	 0.2549
698216 	 0.5380
698217 	 0.4531
698218 	 0.2095
698219 	 0.1416
698220 	 0.6230
698221 	 0.5663
698222 	 0.2095
698223 	 0.1501
698224 	 0.1897
698225 	 0.1416
698226 	 0.1274
698227 	 0.2180
698228 	 0.1897
698229 	 1.0477
698230 	 0.7079
698231 	 0.8212
698232 	 0.3115
698233 	 0.3115
698234 	 1.4158
698235 	 1.1327
698236 	 0.5097
698237 	 0.3115
698238 	 0.2464
698239 	 0.2095
698240 	 0.1841
698241 	 0.1699
698242 	 0.1501
698243 	 0.2152
698244 	 1.8406
698245 	 3.1432
698246 	 1.1893
698247 	 0.6230
698248 	 0.4814
698249 	 0.3964
698250 	 0.3398
698251 	 0.3115
698252 	 0.2803
698253 	 0.2549
698254 	 0.2464
698255 	 0.3115
698256 	 0.9628
698257 	 1.9822
698258 	 1.7556
698259 	 0.8212
698260 	 0.9628
698261 	 1.4158
698262 	 1.2176
698263 	 0.8778
698264 	 0.8212
698265 	 1.0477
698266 	 4.5873
698267 	 5.6067
698268 	 5.5218
698269 	 2.5768
698270 	 1.3026
698271 	 1.2176
698272 	 2.1804
698273 	 1.0477
698274 	 0.8212
698275 	 0.6796
698276 	 0.5947
698277 	 0.6796
698278 	 0.6796
698279 	 0.9628
698280 	 0.6796
698281 	 0.5097
698282 	 0.8495
698283 	 0.7362
698284 	 0.6796
698285 	 0.5380
698286 	 0.4531
698287 	 0.4248
698288 	 0.4531
698289 	 0.3964
698290 	 0.3681
698291 	 0.3398
698292 	 0.3115
698293 	 0.2832
698294 	 0.2775
698295 	 0.2718
698296 	 0.2492
698297 	 0.2407
698298 	 0.2379
698299 	 0.2237
698300 	 0.2265
698301 	 0.2775
698302 	 0.2237
698303 	 0.3115
698304 	 0.9628
698305 	 0.4248
698306 	 0.2832
698307 	 0.2464
698308 	 0.2180
698309 	 0.2010
698310 	 0.1926
698311 	 0.1841
698312 	 0.3115
698313 	 1.3026
698314 	 0.4248
698315 	 0.3964
698316 	 0.3398
698317 	 0.3115
698318 	 0.2407
698319 	 0.2152
698320 	 0.1982
698321 	 0.1841
698322 	 0.1784
698323 	 0.1671
698324 	 0.1586
698325 	 0.1529
698326 	 0.1501
698327 	 0.2237
698328 	 0.2379
698329 	 0.1841
698330 	 0.1529
698331 	 0.1444
698332 	 0.1529
698333 	 0.1614
698334 	 0.7929
698335 	 0.5663
698336 	 0.2775
698337 	 0.1841
698338 	 0.1699
698339 	 0.3115
698340 	 0.5380
698341 	 0.8212
698342 	 0.3681
698343 	 0.2464
698344 	 0.1982
698345 	 0.1699
698346 	 0.1303
698347 	 0.2180
698348 	 0.2095
698349 	 0.3681
698350 	 0.5097
698351 	 0.4248
698352 	 0.2237
698353 	 0.1784
698354 	 0.1614
698355 	 0.1586
698356 	 0.1501
698357 	 0.1444
698358 	 0.1586
698359 	 0.1671
698360 	 0.1501
698361 	 0.1303
698362 	 0.1218
698363 	 0.1303
698364 	 0.1274
698365 	 0.1189
698366 	 0.1133
698367 	 0.1189
698368 	 0.1274
698369 	 0.1189
698370 	 0.1274
698371 	 0.1104
698372 	 0.1104
698373 	 0.1048
698374 	 0.0963
698375 	 0.1019
698376 	 0.1274
698377 	 0.1133
698378 	 0.1218
698379 	 0.1048
698380 	 0.0963
698381 	 0.0878
698382 	 0.0878
698383 	 0.0821
698384 	 0.0821
698385 	 0.0821
698386 	 0.0878
698387 	 0.0793
698388 	 0.0736
698389 	 0.0736
698390 	 0.0708
698391 	 0.0708
698392 	 0.0708
698393 	 0.0651
698394 	 0.0651
698395 	 0.0623
698396 	 0.0623
698397 	 0.0623
698398 	 0.0623
698399 	 0.0623
698400 	 0.0623
698401 	 0.0708
698402 	 0.0736
698403 	 0.0651
698404 	 0.0623
698405 	 0.0623
698406 	 0.0623
698407 	 0.0623
698408 	 0.0566
698409 	 0.0538
698410 	 0.0538
698411 	 0.0538
698412 	 0.0538
698413 	 0.0538
698414 	 0.0538
698415 	 0.0623
698416 	 0.3115
698417 	 0.1303
698418 	 0.0793
698419 	 0.0623
698420 	 0.0566
698421 	 0.0538
698422 	 0.0538
698423 	 0.0538
698424 	 0.0538
698425 	 0.0481
698426 	 0.0453
698427 	 0.0453
698428 	 0.0453
698429 	 0.0453
698430 	 0.0453
698431 	 0.0453
698432 	 0.0538
698433 	 0.0623
698434 	 0.0538
698435 	 0.0453
698436 	 0.0934
698437 	 0.1897
698438 	 0.1189
698439 	 0.0708
698440 	 0.0538
698441 	 0.0708
698442 	 0.0878
698443 	 0.0396
698444 	 0.0396
698445 	 0.0396
698446 	 0.0396
698447 	 0.0396
698448 	 0.0396
698449 	 0.0396
698450 	 0.0396
698451 	 0.1416
698452 	 0.0878
698453 	 0.0538
698454 	 0.3398
698455 	 0.1048
698456 	 0.0623
698457 	 0.0538
698458 	 0.0453
698459 	 0.0396
698460 	 0.0340
698461 	 0.0340
698462 	 0.0453
698463 	 0.0708
698464 	 0.0623
698465 	 0.0453
698466 	 0.0396
698467 	 0.0623
698468 	 0.0566
698469 	 0.2265
698470 	 0.1048
698471 	 0.0623
698472 	 0.0481
698473 	 0.0453
698474 	 0.0396
698475 	 0.0396
698476 	 0.1133
698477 	 0.1756
698478 	 0.0793
698479 	 0.0538
698480 	 0.0396
698481 	 0.0340
698482 	 0.0340
698483 	 0.0311
698484 	 0.0311
698485 	 0.0311
698486 	 0.0263
698487 	 0.0263
698488 	 0.0263
698489 	 0.0263
698490 	 0.0311
698491 	 0.0340
698492 	 0.1444
698493 	 0.0623
698494 	 0.0396
698495 	 0.0311
698496 	 0.0263
698497 	 0.0263
698498 	 0.0218
698499 	 0.0218
698500 	 0.0218
698501 	 0.0218
698502 	 0.0218
698503 	 0.0218
698504 	 0.0218
698505 	 0.0218
698506 	 0.0218
698507 	 0.0218
698508 	 0.0218
698509 	 0.0176
698510 	 0.0176
698511 	 0.0176
698512 	 0.0176
698513 	 0.0218
698514 	 0.0218
698515 	 0.0218
698516 	 0.0218
698517 	 0.1218
698518 	 0.1303
698519 	 0.0623
698520 	 0.0396
698521 	 0.0311
698522 	 0.0311
698523 	 0.0453
698524 	 0.0623
698525 	 0.0396
698526 	 0.7362
698527 	 0.2718
698528 	 0.0793
698529 	 0.0481
698530 	 0.0340
698531 	 0.0340
698532 	 0.1529
698533 	 0.0708
698534 	 0.0481
698535 	 0.0340
698536 	 0.0311
698537 	 0.0263
698538 	 0.0263
698539 	 0.0263
698540 	 0.0218
698541 	 0.0218
698542 	 0.0218
698543 	 0.0218
698544 	 0.0218
698545 	 0.0218
698546 	 0.0176
698547 	 0.0176
698548 	 0.0176
698549 	 0.0176
698550 	 0.0263
698551 	 0.1529
698552 	 0.0566
698553 	 0.0340
698554 	 0.0263
698555 	 0.0878
698556 	 0.0793
698557 	 0.0481
698558 	 0.1218
698559 	 0.0963
698560 	 0.0736
698561 	 0.0538
698562 	 0.0340
698563 	 0.0311
698564 	 0.0263
698565 	 0.0263
698566 	 0.0218
698567 	 0.0218
698568 	 0.0218
698569 	 0.0218
698570 	 0.0263
698571 	 0.0218
698572 	 0.0218
698573 	 0.0218
698574 	 0.0218
698575 	 0.4248
698576 	 0.1048
698577 	 0.0538
698578 	 0.3115
698579 	 1.5008
698580 	 0.3681
698581 	 0.1303
698582 	 0.1359
698583 	 0.0793
698584 	 0.0566
698585 	 0.0481
698586 	 0.0453
698587 	 0.0453
698588 	 0.0340
698589 	 0.0340
698590 	 0.1104
698591 	 0.0623
698592 	 0.0453
698593 	 0.0340
698594 	 0.0311
698595 	 0.0263
698596 	 0.0263
698597 	 0.0396
698598 	 0.6230
698599 	 0.4531
698600 	 0.3115
698601 	 0.1218
698602 	 0.8495
698603 	 0.4531
698604 	 0.1841
698605 	 0.1189
698606 	 0.0963
698607 	 0.2067
698608 	 1.7556
698609 	 1.5857
698610 	 2.0671
698611 	 1.4158
698612 	 0.4531
698613 	 0.3681
698614 	 0.2775
698615 	 0.2237
698616 	 0.1897
698617 	 0.1614
698618 	 0.1444
698619 	 0.1303
698620 	 0.1133
698621 	 0.1048
698622 	 0.1048
698623 	 0.1274
698624 	 0.1048
698625 	 0.0934
698626 	 0.0878
698627 	 0.0793
698628 	 0.0793
698629 	 0.0736
698630 	 0.0708
698631 	 0.0708
698632 	 0.0651
698633 	 0.0623
698634 	 0.0651
698635 	 0.0651
698636 	 0.0708
698637 	 0.0708
698638 	 0.8495
698639 	 0.6796
698640 	 0.3115
698641 	 0.2010
698642 	 0.5380
698643 	 0.6796
698644 	 0.6230
698645 	 1.0477
698646 	 0.7362
698647 	 1.5008
698648 	 2.6335
698649 	 2.8034
698650 	 1.6141
698651 	 0.8778
698652 	 0.5380
698653 	 0.4248
698654 	 0.3398
698655 	 0.3115
698656 	 0.2832
698657 	 0.2464
698658 	 0.2265
698659 	 0.2803
698660 	 0.5380
698661 	 0.2832
698662 	 0.3681
698663 	 0.3115
698664 	 0.2095
698665 	 0.1756
698666 	 0.1586
698667 	 0.1529
698668 	 0.1416
698669 	 0.1303
698670 	 0.1614
698671 	 0.2010
698672 	 0.1444
698673 	 0.1218
698674 	 0.1189
698675 	 0.8212
698676 	 0.5663
698677 	 0.2832
698678 	 0.2464
698679 	 0.2010
698680 	 0.2010
698681 	 0.1841
698682 	 0.3398
698683 	 0.7929
698684 	 1.1044
698685 	 1.4158
698686 	 0.6513
698687 	 0.4248
698688 	 0.3964
698689 	 0.3115
698690 	 0.2549
698691 	 0.2095
698692 	 0.1841
698693 	 0.1841
698694 	 0.1671
698695 	 0.1529
698696 	 0.1444
698697 	 0.1359
698698 	 0.1303
698699 	 0.1416
698700 	 0.1359
698701 	 0.1189
698702 	 0.1133
698703 	 0.1104
698704 	 0.1019
698705 	 0.1019
698706 	 0.0963
698707 	 0.0934
698708 	 0.0934
698709 	 0.0878
698710 	 0.0934
698711 	 0.0934
698712 	 0.0934
698713 	 0.1444
698714 	 0.2265
698715 	 0.4248
698716 	 0.1897
698717 	 0.1359
698718 	 0.1019
698719 	 0.1048
698720 	 0.1019
698721 	 0.0934
698722 	 0.1048
698723 	 0.0878
698724 	 0.0934
698725 	 0.0878
698726 	 0.0934
698727 	 0.5380
698728 	 0.3681
698729 	 0.1529
698730 	 0.1133
698731 	 0.1019
698732 	 0.1133
698733 	 0.1019
698734 	 0.0878
698735 	 0.0793
698736 	 0.0736
698737 	 0.0708
698738 	 0.0651
698739 	 0.0651
698740 	 0.0651
698741 	 0.0821
698742 	 0.1501
698743 	 0.2407
698744 	 0.1303
698745 	 0.1104
698746 	 0.1359
698747 	 0.1133
698748 	 0.0934
698749 	 0.0793
698750 	 0.0708
698751 	 0.0651
698752 	 0.0623
698753 	 0.0623
698754 	 0.0623
698755 	 0.0566
698756 	 0.0566
698757 	 0.0566
698758 	 0.0538
698759 	 0.0538
698760 	 0.2010
698761 	 0.7079
698762 	 0.3115
698763 	 0.4531
698764 	 0.2633
698765 	 0.1218
698766 	 0.0934
698767 	 0.0793
698768 	 0.0736
698769 	 0.0651
698770 	 0.0623
698771 	 0.0623
698772 	 0.0623
698773 	 0.0708
698774 	 0.0708
698775 	 0.0623
698776 	 0.0538
698777 	 0.0538
698778 	 0.0538
698779 	 0.0538
698780 	 0.0538
698781 	 0.0481
698782 	 0.0481
698783 	 0.0566
698784 	 0.0481
698785 	 0.0453
698786 	 0.0453
698787 	 0.0453
698788 	 0.0453
698789 	 0.0538
698790 	 0.0708
698791 	 0.0538
698792 	 0.0453
698793 	 0.0453
698794 	 0.0396
698795 	 0.0396
698796 	 0.0340
698797 	 0.0340
698798 	 0.0340
698799 	 0.0311
698800 	 0.0340
698801 	 0.0340
698802 	 0.0311
698803 	 0.0311
698804 	 0.0311
698805 	 0.0538
698806 	 0.0538
698807 	 0.0538
698808 	 0.0538
698809 	 0.0538
698810 	 0.0538
698811 	 0.0538
698812 	 0.0218
698813 	 0.0218
698814 	 0.0218
698815 	 0.0218
698816 	 0.0218
698817 	 0.0218
698818 	 0.0218
698819 	 0.0218
698820 	 0.0218
698821 	 0.0218
698822 	 0.0218
698823 	 0.0218
698824 	 0.0218
698825 	 0.0218
698826 	 0.0218
698827 	 0.0218
698828 	 0.0218
698829 	 0.0218
698830 	 0.0176
698831 	 0.0176
698832 	 0.0176
698833 	 0.0176
698834 	 0.0176
698835 	 0.0176
698836 	 0.0176
698837 	 0.0878
698838 	 0.0878
698839 	 0.0878
698840 	 0.0878
698841 	 0.0878
698842 	 0.0878
698843 	 0.0878
698844 	 0.0878
698845 	 0.0708
698846 	 0.0708
698847 	 0.0708
698848 	 0.0708
698849 	 0.0708
698850 	 0.0708
698851 	 0.0311
698852 	 0.0263
698853 	 0.0218
698854 	 0.0218
698855 	 0.1671
698856 	 0.1416
698857 	 0.0453
698858 	 0.0311
698859 	 0.0311
698860 	 0.0263
698861 	 0.0878
698862 	 0.1218
698863 	 0.3964
698864 	 0.2095
698865 	 0.1218
698866 	 0.0708
698867 	 0.1104
698868 	 0.1048
698869 	 0.1133
698870 	 0.0963
698871 	 2.8034
698872 	 0.8778
698873 	 0.2010
698874 	 0.1897
698875 	 0.1897
698876 	 0.1104
698877 	 0.1501
698878 	 0.1359
698879 	 0.2464
698880 	 0.1104
698881 	 0.0793
698882 	 0.0793
698883 	 0.1784
698884 	 0.1501
698885 	 0.0878
698886 	 0.0708
698887 	 0.0566
698888 	 0.0538
698889 	 0.0538
698890 	 0.0538
698891 	 0.0538
698892 	 0.1303
698893 	 0.4248
698894 	 0.2095
698895 	 0.0934
698896 	 0.0708
698897 	 0.0566
698898 	 0.0566
698899 	 0.0623
698900 	 0.0566
698901 	 0.0538
698902 	 0.0481
698903 	 0.0453
698904 	 0.0453
698905 	 0.0736
698906 	 0.0651
698907 	 0.0538
698908 	 0.0481
698909 	 0.0538
698910 	 0.1897
698911 	 0.2832
698912 	 0.1019
698913 	 0.2095
698914 	 0.6230
698915 	 0.2265
698916 	 0.1104
698917 	 0.0878
698918 	 0.0793
698919 	 0.0708
698920 	 0.0623
698921 	 0.0566
698922 	 0.0538
698923 	 0.0538
698924 	 0.0538
698925 	 0.0934
698926 	 0.1444
698927 	 0.0793
698928 	 0.3681
698929 	 0.8778
698930 	 0.2492
698931 	 0.1303
698932 	 0.3681
698933 	 0.2407
698934 	 0.3681
698935 	 0.2322
698936 	 0.1501
698937 	 0.2549
698938 	 0.4814
698939 	 0.7362
698940 	 0.4814
698941 	 0.4531
698942 	 0.3115
698943 	 0.1784
698944 	 0.1416
698945 	 0.1189
698946 	 0.1104
698947 	 0.1218
698948 	 4.7289
698949 	 1.8972
698950 	 0.6230
698951 	 0.3964
698952 	 0.3115
698953 	 0.2492
698954 	 0.2180
698955 	 0.1982
698956 	 0.1756
698957 	 0.1614
698958 	 0.1416
698959 	 0.1303
698960 	 0.1218
698961 	 0.1189
698962 	 0.1104
698963 	 0.1048
698964 	 0.0963
698965 	 0.0934
698966 	 0.0878
698967 	 0.0878
698968 	 0.0821
698969 	 0.0793
698970 	 0.0793
698971 	 0.0793
698972 	 0.0793
698973 	 0.0736
698974 	 0.0708
698975 	 0.0708
698976 	 0.0708
698977 	 0.0708
698978 	 0.0651
698979 	 0.0651
698980 	 0.0651
698981 	 0.0651
698982 	 0.0623
698983 	 0.0623
698984 	 0.0708
698985 	 0.2803
698986 	 0.2549
698987 	 0.1104
698988 	 0.0736
698989 	 0.0651
698990 	 0.0651
698991 	 0.1671
698992 	 3.6246
698993 	 8.6366
698994 	 8.8915
698995 	 1.5857
698996 	 7.5889
698997 	 2.0954
698998 	 1.6707
698999 	 2.7184
699000 	 1.2176
699001 	 2.1804
699002 	 1.5857
699003 	 0.8212
699004 	 0.7646
699005 	 0.5380
699006 	 0.4814
699007 	 0.7362
699008 	 0.8495
699009 	 2.0954
699010 	 1.4442
699011 	 0.6796
699012 	 0.4814
699013 	 1.9255
699014 	 0.7646
699015 	 0.5380
699016 	 0.4248
699017 	 0.3964
699018 	 0.3398
699019 	 0.3115
699020 	 0.3115
699021 	 0.4248
699022 	 0.5947
699023 	 0.3398
699024 	 0.2832
699025 	 0.3115
699026 	 0.2662
699027 	 0.2379
699028 	 0.2265
699029 	 0.2180
699030 	 0.2067
699031 	 0.1926
699032 	 0.1784
699033 	 0.1699
699034 	 0.1699
699035 	 0.8495
699036 	 0.5947
699037 	 0.5380
699038 	 0.4531
699039 	 0.3115
699040 	 0.2633
699041 	 0.2407
699042 	 0.2265
699043 	 0.2379
699044 	 0.2180
699045 	 0.1926
699046 	 0.1756
699047 	 0.1699
699048 	 0.3681
699049 	 1.7556
699050 	 1.5008
699051 	 0.7646
699052 	 0.8212
699053 	 0.4531
699054 	 0.3681
699055 	 0.3115
699056 	 0.2718
699057 	 0.2492
699058 	 0.2407
699059 	 0.2237
699060 	 0.2095
699061 	 0.2010
699062 	 0.1897
699063 	 0.1784
699064 	 0.1926
699065 	 0.3681
699066 	 0.4248
699067 	 0.3681
699068 	 1.3026
699069 	 0.3398
699070 	 0.2379
699071 	 1.0194
699072 	 5.5501
699073 	 1.8406
699074 	 0.7362
699075 	 0.4814
699076 	 0.4248
699077 	 0.3681
699078 	 0.3115
699079 	 0.3115
699080 	 0.2718
699081 	 0.2549
699082 	 0.2407
699083 	 0.2265
699084 	 0.2152
699085 	 0.2010
699086 	 0.1982
699087 	 0.2180
699088 	 0.1926
699089 	 0.1756
699090 	 0.2464
699091 	 0.2152
699092 	 0.2010
699093 	 0.2010
699094 	 0.1671
699095 	 0.1444
699096 	 0.1416
699097 	 0.8778
699098 	 0.3398
699099 	 0.2180
699100 	 0.1982
699101 	 0.1699
699102 	 0.1586
699103 	 0.1784
699104 	 0.1699
699105 	 0.1614
699106 	 0.1416
699107 	 0.1274
699108 	 0.1218
699109 	 0.1218
699110 	 0.1133
699111 	 0.1104
699112 	 0.1104
699113 	 0.1048
699114 	 0.1019
699115 	 0.1019
699116 	 0.0963
699117 	 0.0963
699118 	 0.0934
699119 	 0.0934
699120 	 0.0878
699121 	 0.0878
699122 	 0.0821
699123 	 0.0821
699124 	 0.0878
699125 	 0.0878
699126 	 0.0934
699127 	 0.1303
699128 	 0.1501
699129 	 0.4248
699130 	 0.1529
699131 	 0.1048
699132 	 0.0934
699133 	 0.3115
699134 	 0.3964
699135 	 0.1303
699136 	 0.0963
699137 	 0.0821
699138 	 0.0821
699139 	 0.0821
699140 	 0.0793
699141 	 0.0736
699142 	 0.0708
699143 	 0.0708
699144 	 0.0651
699145 	 0.0651
699146 	 0.0651
699147 	 0.0651
699148 	 0.0623
699149 	 0.0651
699150 	 0.0708
699151 	 0.0708
699152 	 0.0651
699153 	 0.0651
699154 	 0.0651
699155 	 0.0708
699156 	 0.0651
699157 	 0.0651
699158 	 0.0623
699159 	 0.0566
699160 	 0.0566
699161 	 0.0566
699162 	 0.0566
699163 	 0.0566
699164 	 0.0566
699165 	 0.0623
699166 	 0.0623
699167 	 0.0566
699168 	 0.0566
699169 	 0.0566
699170 	 0.0566
699171 	 0.0538
699172 	 0.0538
699173 	 0.0538
699174 	 0.0538
699175 	 0.0538
699176 	 0.0481
699177 	 0.0481
699178 	 0.0481
699179 	 0.0481
699180 	 0.0481
699181 	 0.0481
699182 	 0.0538
699183 	 0.0821
699184 	 0.1897
699185 	 0.0934
699186 	 0.2633
699187 	 0.2180
699188 	 0.0878
699189 	 0.0651
699190 	 0.0623
699191 	 0.0538
699192 	 0.0538
699193 	 0.0481
699194 	 0.0481
699195 	 0.0481
699196 	 0.0481
699197 	 0.0481
699198 	 0.0481
699199 	 0.0481
699200 	 0.0481
699201 	 0.0481
699202 	 0.0538
699203 	 0.0651
699204 	 0.0566
699205 	 0.0538
699206 	 0.0538
699207 	 0.0793
699208 	 0.0793
699209 	 0.0793
699210 	 0.0623
699211 	 0.0538
699212 	 0.0538
699213 	 0.2407
699214 	 0.1303
699215 	 0.0708
699216 	 0.0538
699217 	 0.0453
699218 	 0.0453
699219 	 0.0453
699220 	 0.0396
699221 	 0.0396
699222 	 0.0396
699223 	 0.0396
699224 	 0.0396
699225 	 0.0396
699226 	 0.0396
699227 	 0.0396
699228 	 0.0396
699229 	 0.0396
699230 	 0.0396
699231 	 0.0396
699232 	 0.0396
699233 	 0.0340
699234 	 0.0340
699235 	 0.0396
699236 	 0.0340
699237 	 0.0340
699238 	 0.0340
699239 	 0.0340
699240 	 0.0396
699241 	 0.1897
699242 	 0.1841
699243 	 0.0623
699244 	 0.0878
699245 	 0.4248
699246 	 0.1501
699247 	 0.2379
699248 	 0.0878
699249 	 0.0623
699250 	 0.0538
699251 	 0.0453
699252 	 0.0453
699253 	 0.0396
699254 	 0.0396
699255 	 0.0396
699256 	 2.0105
699257 	 0.5663
699258 	 0.1586
699259 	 0.1048
699260 	 0.0708
699261 	 0.0623
699262 	 0.0623
699263 	 0.0736
699264 	 0.0623
699265 	 0.0566
699266 	 0.0538
699267 	 0.0481
699268 	 0.0481
699269 	 0.0481
699270 	 0.0453
699271 	 0.0453
699272 	 0.0453
699273 	 0.0453
699274 	 0.3115
699275 	 0.1359
699276 	 0.0821
699277 	 0.1104
699278 	 0.0736
699279 	 0.0566
699280 	 0.0538
699281 	 0.0481
699282 	 0.5380
699283 	 3.4263
699284 	 1.5008
699285 	 0.3115
699286 	 0.1614
699287 	 0.2549
699288 	 0.3398
699289 	 0.1614
699290 	 0.3681
699291 	 0.6513
699292 	 0.4531
699293 	 0.6513
699294 	 0.2549
699295 	 0.1614
699296 	 0.1303
699297 	 0.1218
699298 	 0.0963
699299 	 0.0963
699300 	 0.1501
699301 	 0.3398
699302 	 0.1614
699303 	 0.1019
699304 	 0.0821
699305 	 0.0793
699306 	 0.0708
699307 	 0.0708
699308 	 0.0651
699309 	 0.0623
699310 	 0.0623
699311 	 0.0566
699312 	 0.0566
699313 	 0.0566
699314 	 0.0538
699315 	 0.0538
699316 	 0.0538
699317 	 0.0538
699318 	 0.0538
699319 	 0.0481
699320 	 0.0538
699321 	 0.0623
699322 	 0.0651
699323 	 0.1671
699324 	 0.0821
699325 	 0.0651
699326 	 2.5485
699327 	 0.9061
699328 	 1.2743
699329 	 2.3786
699330 	 2.0954
699331 	 1.6707
699332 	 1.1044
699333 	 0.4814
699334 	 0.6230
699335 	 0.8495
699336 	 0.5947
699337 	 0.3115
699338 	 0.2464
699339 	 3.2281
699340 	 1.0477
699341 	 0.9628
699342 	 0.5947
699343 	 0.3964
699344 	 0.3398
699345 	 1.5008
699346 	 0.7929
699347 	 0.5380
699348 	 0.6513
699349 	 0.4248
699350 	 0.3681
699351 	 0.3115
699352 	 0.2464
699353 	 0.2237
699354 	 0.2010
699355 	 0.1841
699356 	 0.1699
699357 	 0.1671
699358 	 0.2067
699359 	 0.2322
699360 	 0.2095
699361 	 0.3115
699362 	 0.2180
699363 	 0.1756
699364 	 0.1529
699365 	 0.1586
699366 	 0.1416
699367 	 0.1218
699368 	 0.1133
699369 	 0.1133
699370 	 0.1048
699371 	 0.0963
699372 	 0.0963
699373 	 0.0934
699374 	 0.0878
699375 	 0.0878
699376 	 0.0821
699377 	 0.0821
699378 	 0.0793
699379 	 0.0793
699380 	 0.0793
699381 	 0.0793
699382 	 0.0793
699383 	 0.0793
699384 	 0.0793
699385 	 0.0736
699386 	 0.0708
699387 	 0.0708
699388 	 0.0708
699389 	 0.2067
699390 	 0.9061
699391 	 0.3964
699392 	 0.1614
699393 	 0.1218
699394 	 1.6707
699395 	 0.5097
699396 	 0.2180
699397 	 0.1586
699398 	 0.1303
699399 	 0.1189
699400 	 0.1104
699401 	 0.1671
699402 	 0.3681
699403 	 0.2407
699404 	 0.1416
699405 	 0.1133
699406 	 0.1104
699407 	 0.1019
699408 	 0.0963
699409 	 0.0878
699410 	 0.0878
699411 	 0.0934
699412 	 0.0934
699413 	 0.0963
699414 	 0.0878
699415 	 0.0793
699416 	 0.0793
699417 	 0.0793
699418 	 0.1218
699419 	 0.1671
699420 	 0.0878
699421 	 0.0793
699422 	 0.1671
699423 	 0.2718
699424 	 0.3115
699425 	 0.1416
699426 	 0.2180
699427 	 0.2492
699428 	 0.3115
699429 	 0.1416
699430 	 0.1218
699431 	 0.3115
699432 	 0.1501
699433 	 0.1104
699434 	 0.0963
699435 	 0.0878
699436 	 0.0821
699437 	 0.0821
699438 	 0.0793
699439 	 0.0878
699440 	 0.0878
699441 	 0.0963
699442 	 0.0878
699443 	 0.2180
699444 	 1.1893
699445 	 0.2407
699446 	 0.1529
699447 	 0.1218
699448 	 0.1048
699449 	 0.0963
699450 	 0.0934
699451 	 0.1303
699452 	 0.7079
699453 	 1.2743
699454 	 1.9822
699455 	 0.7079
699456 	 0.3681
699457 	 0.2633
699458 	 0.3115
699459 	 2.8883
699460 	 0.6513
699461 	 0.3964
699462 	 0.3398
699463 	 0.3115
699464 	 0.2407
699465 	 0.6796
699466 	 0.3115
699467 	 0.2379
699468 	 0.2067
699469 	 0.1841
699470 	 0.1671
699471 	 0.1529
699472 	 0.1416
699473 	 0.1359
699474 	 0.1303
699475 	 0.1303
699476 	 0.1274
699477 	 0.1218
699478 	 0.1189
699479 	 0.1133
699480 	 0.1133
699481 	 0.5947
699482 	 0.3681
699483 	 0.2718
699484 	 0.1614
699485 	 0.1274
699486 	 0.1218
699487 	 0.1218
699488 	 0.1897
699489 	 0.1218
699490 	 0.2322
699491 	 0.2095
699492 	 0.2832
699493 	 0.2379
699494 	 0.1841
699495 	 0.1671
699496 	 0.2152
699497 	 0.1274
699498 	 0.1104
699499 	 0.0963
699500 	 0.0934
699501 	 0.0878
699502 	 0.0878
699503 	 0.0821
699504 	 0.0793
699505 	 0.0793
699506 	 0.0793
699507 	 0.0793
699508 	 0.0821
699509 	 0.0793
699510 	 0.0793
699511 	 0.0736
699512 	 0.0708
699513 	 0.0708
699514 	 0.0708
699515 	 0.0651
699516 	 0.0651
699517 	 0.0623
699518 	 0.0651
699519 	 0.0651
699520 	 0.0623
699521 	 0.0623
699522 	 0.0566
699523 	 0.0566
699524 	 0.0623
699525 	 0.1586
699526 	 0.0878
699527 	 0.2577
699528 	 0.2322
699529 	 0.2803
699530 	 0.1303
699531 	 0.0793
699532 	 0.0708
699533 	 0.0623
699534 	 0.0566
699535 	 0.0566
699536 	 0.0538
699537 	 0.0538
699538 	 0.0566
699539 	 0.5380
699540 	 0.4814
699541 	 0.5663
699542 	 0.2832
699543 	 0.1841
699544 	 0.3115
699545 	 0.2237
699546 	 0.1133
699547 	 0.1104
699548 	 0.1926
699549 	 0.1133
699550 	 1.1327
699551 	 0.3398
699552 	 0.1982
699553 	 0.1303
699554 	 0.1048
699555 	 0.0878
699556 	 0.0821
699557 	 0.0793
699558 	 0.0793
699559 	 0.0736
699560 	 0.0736
699561 	 0.0736
699562 	 0.0793
699563 	 0.0708
699564 	 0.0708
699565 	 0.0623
699566 	 0.0623
699567 	 0.0623
699568 	 0.0708
699569 	 0.2237
699570 	 0.1671
699571 	 0.1416
699572 	 0.1048
699573 	 0.0736
699574 	 0.0623
699575 	 0.0623
699576 	 0.0623
699577 	 0.0651
699578 	 0.0566
699579 	 0.0538
699580 	 0.0538
699581 	 0.0538
699582 	 0.0566
699583 	 0.0538
699584 	 0.0481
699585 	 0.0481
699586 	 0.0453
699587 	 0.0453
699588 	 0.1586
699589 	 0.0708
699590 	 0.0566
699591 	 0.0538
699592 	 0.0538
699593 	 0.0538
699594 	 0.0538
699595 	 0.0481
699596 	 0.0453
699597 	 0.0453
699598 	 0.0396
699599 	 0.0396
699600 	 0.0396
699601 	 0.0396
699602 	 0.0396
699603 	 0.0396
699604 	 0.0396
699605 	 0.0396
699606 	 0.0396
699607 	 0.0396
699608 	 0.0396
699609 	 0.0396
699610 	 0.0396
699611 	 0.0396
699612 	 0.0396
699613 	 0.0396
699614 	 0.0396
699615 	 0.0396
699616 	 0.0396
699617 	 0.0396
699618 	 0.0453
699619 	 0.0453
699620 	 0.0453
699621 	 0.0538
699622 	 0.0453
699623 	 0.0396
699624 	 0.0396
699625 	 0.0396
699626 	 0.0396
699627 	 0.0396
699628 	 0.0396
699629 	 0.0396
699630 	 0.0396
699631 	 0.0934
699632 	 0.1756
699633 	 0.2832
699634 	 0.1274
699635 	 0.0708
699636 	 0.2549
699637 	 0.2095
699638 	 0.2832
699639 	 0.1218
699640 	 0.0708
699641 	 0.0623
699642 	 0.0934
699643 	 0.2010
699644 	 0.0878
699645 	 0.0623
699646 	 0.0623
699647 	 0.0708
699648 	 0.0793
699649 	 0.0651
699650 	 0.0736
699651 	 0.0793
699652 	 0.0566
699653 	 0.0538
699654 	 0.0481
699655 	 0.0453
699656 	 0.0538
699657 	 0.5380
699658 	 0.2322
699659 	 0.0963
699660 	 0.0821
699661 	 0.0651
699662 	 0.1841
699663 	 1.4158
699664 	 0.1841
699665 	 0.1104
699666 	 0.0821
699667 	 0.0708
699668 	 0.0623
699669 	 0.0566
699670 	 0.0538
699671 	 0.0538
699672 	 1.0194
699673 	 1.0194
699674 	 0.2803
699675 	 0.1416
699676 	 0.1104
699677 	 0.0963
699678 	 0.0793
699679 	 0.0708
699680 	 0.3398
699681 	 0.1501
699682 	 0.0963
699683 	 0.1444
699684 	 0.1048
699685 	 0.0793
699686 	 0.0708
699687 	 0.0651
699688 	 0.0623
699689 	 0.0623
699690 	 0.0623
699691 	 0.0566
699692 	 0.0623
699693 	 1.7840
699694 	 0.7646
699695 	 4.7006
699696 	 1.9822
699697 	 0.6513
699698 	 0.6796
699699 	 0.6796
699700 	 0.9061
699701 	 0.3681
699702 	 0.3681
699703 	 0.4248
699704 	 0.2832
699705 	 0.2379
699706 	 0.3398
699707 	 0.4814
699708 	 0.2832
699709 	 0.2265
699710 	 0.2010
699711 	 0.1784
699712 	 0.1671
699713 	 0.1614
699714 	 0.1671
699715 	 0.2379
699716 	 0.2322
699717 	 0.2095
699718 	 0.1614
699719 	 0.1416
699720 	 0.1359
699721 	 0.6796
699722 	 0.9061
699723 	 0.9628
699724 	 0.3964
699725 	 1.2743
699726 	 1.1893
699727 	 0.4531
699728 	 0.3115
699729 	 0.2662
699730 	 0.2265
699731 	 0.2067
699732 	 0.1926
699733 	 0.1784
699734 	 0.1671
699735 	 0.1529
699736 	 0.1416
699737 	 0.1359
699738 	 0.1274
699739 	 0.1189
699740 	 0.1189
699741 	 0.1104
699742 	 0.1104
699743 	 0.1048
699744 	 0.1019
699745 	 0.0963
699746 	 0.0963
699747 	 0.0934
699748 	 0.0934
699749 	 0.0878
699750 	 0.0821
699751 	 0.0821
699752 	 0.0821
699753 	 0.3681
699754 	 0.2464
699755 	 0.5380
699756 	 0.3398
699757 	 0.2322
699758 	 0.1359
699759 	 0.1104
699760 	 0.0963
699761 	 0.0934
699762 	 0.0821
699763 	 0.0793
699764 	 0.0793
699765 	 0.0736
699766 	 0.0736
699767 	 0.0736
699768 	 0.0708
699769 	 0.0708
699770 	 0.0708
699771 	 0.0651
699772 	 0.0651
699773 	 0.0651
699774 	 0.0651
699775 	 0.0623
699776 	 0.0623
699777 	 0.0623
699778 	 0.0623
699779 	 0.0623
699780 	 0.0566
699781 	 0.0566
699782 	 0.0566
699783 	 0.0566
699784 	 0.0623
699785 	 0.0708
699786 	 0.0736
699787 	 0.0651
699788 	 0.0566
699789 	 0.0566
699790 	 0.0566
699791 	 0.0538
699792 	 0.1189
699793 	 0.5097
699794 	 0.3964
699795 	 1.6707
699796 	 0.3964
699797 	 0.1926
699798 	 1.2176
699799 	 1.3026
699800 	 4.0776
699801 	 2.5485
699802 	 1.3026
699803 	 0.7646
699804 	 0.4814
699805 	 0.3681
699806 	 0.3115
699807 	 0.2832
699808 	 0.4248
699809 	 1.8972
699810 	 1.0194
699811 	 0.4531
699812 	 0.4814
699813 	 0.8778
699814 	 0.5097
699815 	 0.4531
699816 	 0.4531
699817 	 0.3681
699818 	 0.3681
699819 	 0.2832
699820 	 0.2492
699821 	 0.2832
699822 	 0.2832
699823 	 0.2180
699824 	 0.1982
699825 	 0.1784
699826 	 0.2265
699827 	 0.2237
699828 	 0.1756
699829 	 0.1586
699830 	 0.1501
699831 	 0.1416
699832 	 0.1529
699833 	 0.1756
699834 	 0.0934
699835 	 0.0934
699836 	 0.0934
699837 	 0.0934
699838 	 0.0934
699839 	 0.0934
699840 	 0.0934
699841 	 0.0793
699842 	 0.0793
699843 	 0.0793
699844 	 0.0793
699845 	 0.0793
699846 	 0.0793
699847 	 0.0793
699848 	 0.0793
699849 	 0.0793
699850 	 0.0793
699851 	 0.0878
699852 	 0.0878
699853 	 0.0878
699854 	 0.0878
699855 	 0.0878
699856 	 0.0878
699857 	 0.0566
699858 	 0.0566
699859 	 0.0566
699860 	 0.0566
699861 	 0.0566
699862 	 0.0566
699863 	 0.0566
699864 	 0.0566
