699226 	 3.6246
699227 	 4.0210
699228 	 1.6707
699229 	 1.2743
699230 	 3.2281
699231 	 2.5485
699232 	 1.6707
699233 	 2.5485
699234 	 3.6246
699235 	 2.8600
699236 	 1.6707
699237 	 1.5008
699238 	 1.6707
699239 	 1.5008
699240 	 0.9061
699241 	 1.1044
699242 	 0.9061
699243 	 1.2743
699244 	 4.0210
699245 	 6.1448
699246 	 4.0210
699247 	 20.3598
699248 	 5.2669
699249 	 5.2669
699250 	 3.6246
699251 	 9.2030
699252 	 6.1448
699253 	 3.6246
699254 	 2.8600
699255 	 2.8600
699256 	 4.8139
699257 	 4.8139
699258 	 4.0210
699259 	 5.2669
699260 	 8.6650
699261 	 5.6917
699262 	 4.4174
699263 	 4.8139
699264 	 4.4174
699265 	 4.4174
699266 	 4.4174
699267 	 3.2281
699268 	 2.5485
699269 	 2.5485
699270 	 2.1804
699271 	 8.0986
699272 	 3.2281
699273 	 5.6917
699274 	 3.6246
699275 	 2.1804
699276 	 2.1804
699277 	 1.6707
699278 	 2.8600
699279 	 2.8600
699280 	 8.6650
699281 	 3.2281
699282 	 4.0210
699283 	 7.6172
699284 	 17.3016
699285 	 8.6650
699286 	 4.8139
699287 	 2.1804
699288 	 1.6707
699289 	 1.9255
699290 	 10.3073
699291 	 3.6246
699292 	 4.8139
699293 	 3.2281
699294 	 2.1804
699295 	 2.5485
699296 	 2.5485
699297 	 4.4174
699298 	 2.1804
699299 	 1.6707
699300 	 1.6707
699301 	 1.2743
699302 	 1.1044
699303 	 0.9061
699304 	 1.1044
699305 	 1.1044
699306 	 1.1044
699307 	 0.9061
699308 	 3.6246
699309 	 9.2030
699310 	 10.3073
699311 	 3.2281
699312 	 3.2281
699313 	 2.1804
699314 	 2.1804
699315 	 5.2669
699316 	 8.0986
699317 	 6.6261
699318 	 2.5485
699319 	 2.8600
699320 	 2.1804
699321 	 2.1804
699322 	 6.1448
699323 	 12.2612
699324 	 4.4174
699325 	 2.5485
699326 	 2.5485
699327 	 1.6707
699328 	 1.9255
699329 	 5.6917
699330 	 7.1075
699331 	 6.1448
699332 	 8.0986
699333 	 2.5485
699334 	 1.9255
699335 	 4.8139
699336 	 2.8600
699337 	 1.9255
699338 	 1.9255
699339 	 1.5008
699340 	 4.0210
699341 	 23.6446
699342 	 26.2780
699343 	 41.6258
699344 	 10.3073
699345 	 5.6917
699346 	 4.3891
699347 	 3.5113
699348 	 3.0582
699349 	 4.3891
699350 	 2.8883
699351 	 3.0582
699352 	 2.3786
699353 	 3.9360
699354 	 2.6335
699355 	 3.9360
699356 	 5.2669
699357 	 7.4473
699358 	 4.8139
699359 	 2.6335
699360 	 2.1804
699361 	 1.9822
699362 	 2.0954
699363 	 2.0105
699364 	 2.8883
699365 	 2.1804
699366 	 1.7840
699367 	 2.0671
699368 	 2.0671
699369 	 1.7840
699370 	 1.7840
699371 	 1.7840
699372 	 1.7840
699373 	 1.7840
699374 	 1.7840
699375 	 2.8883
699376 	 2.0671
699377 	 2.3220
699378 	 4.7289
699379 	 8.6650
699380 	 8.6650
699381 	 7.6172
699382 	 4.7289
699383 	 2.8883
699384 	 2.6335
699385 	 3.2281
699386 	 4.7289
699387 	 2.6335
699388 	 2.0671
699389 	 1.7840
699390 	 1.7840
699391 	 1.7840
699392 	 6.6261
699393 	 6.1448
699394 	 2.8883
699395 	 2.0671
699396 	 1.7840
699397 	 2.3220
699398 	 1.7840
699399 	 1.7840
699400 	 1.5857
699401 	 1.5857
699402 	 14.4699
699403 	 4.3042
699404 	 6.1448
699405 	 11.9214
699406 	 10.3073
699407 	 9.2030
699408 	 21.4642
699409 	 10.8737
699410 	 5.1820
699411 	 20.5863
699412 	 29.4495
699413 	 6.5695
699414 	 4.3325
699415 	 2.9450
699416 	 2.9450
699417 	 2.3786
699418 	 2.6335
699419 	 2.3786
699420 	 3.5962
699421 	 3.2281
699422 	 2.6335
699423 	 2.6335
699424 	 2.9450
699425 	 2.3786
699426 	 2.0671
699427 	 1.8406
699428 	 1.8406
699429 	 1.8406
699430 	 1.8406
699431 	 1.5857
699432 	 1.5857
699433 	 1.5857
699434 	 3.2281
699435 	 3.5962
699436 	 4.7289
699437 	 3.9360
699438 	 2.6335
699439 	 2.0671
699440 	 2.0671
699441 	 1.8406
699442 	 2.6335
699443 	 2.0671
699444 	 1.8406
699445 	 1.8406
699446 	 2.0671
699447 	 9.9392
699448 	 7.1075
699449 	 3.2281
699450 	 2.6335
699451 	 2.0671
699452 	 2.0671
699453 	 1.8406
699454 	 1.5857
699455 	 1.5857
699456 	 1.5857
699457 	 1.4158
699458 	 2.3786
699459 	 1.4158
699460 	 1.1893
699461 	 1.1893
699462 	 1.1893
699463 	 1.1893
699464 	 1.1893
699465 	 1.1893
699466 	 1.1893
699467 	 1.1893
699468 	 1.1893
699469 	 1.1893
699470 	 1.1893
699471 	 1.1893
699472 	 1.1893
699473 	 1.0477
699474 	 1.0477
699475 	 2.0671
699476 	 1.8406
699477 	 1.4158
699478 	 2.3786
699479 	 1.5857
699480 	 1.4158
699481 	 2.6335
699482 	 2.6335
699483 	 14.4133
699484 	 7.1075
699485 	 6.5695
699486 	 3.9360
699487 	 3.9360
699488 	 6.0881
699489 	 4.3325
699490 	 2.6335
699491 	 2.0671
699492 	 6.5695
699493 	 6.5695
699494 	 2.9450
699495 	 1.8406
699496 	 1.5857
699497 	 1.5857
699498 	 1.4158
699499 	 1.4158
699500 	 1.4158
699501 	 1.4158
699502 	 1.4158
699503 	 1.4158
699504 	 1.4158
699505 	 1.1893
699506 	 1.1893
699507 	 1.4158
699508 	 1.1893
699509 	 1.1893
699510 	 1.1893
699511 	 1.1893
699512 	 2.0671
699513 	 1.1893
699514 	 1.1893
699515 	 1.1893
699516 	 1.1893
699517 	 1.1893
699518 	 1.1893
699519 	 1.0477
699520 	 1.0477
699521 	 1.0477
699522 	 1.0477
699523 	 1.0477
699524 	 1.0477
699525 	 1.0477
699526 	 1.0477
699527 	 1.0477
699528 	 1.0477
699529 	 1.0477
699530 	 1.0477
699531 	 0.8778
699532 	 0.8778
699533 	 0.8778
699534 	 0.8778
699535 	 0.8778
699536 	 0.8778
699537 	 11.7798
699538 	 3.9360
699539 	 1.5857
699540 	 2.0671
699541 	 1.5857
699542 	 1.4158
699543 	 1.1893
699544 	 1.1893
699545 	 1.1893
699546 	 4.3325
699547 	 17.4432
699548 	 11.1568
699549 	 4.7289
699550 	 3.9360
699551 	 2.9450
699552 	 6.5695
699553 	 7.8721
699554 	 10.9586
699555 	 15.3194
699556 	 8.7499
699557 	 5.1820
699558 	 6.5695
699559 	 4.3325
699560 	 2.9450
699561 	 4.7289
699562 	 2.9450
699563 	 2.3786
699564 	 1.8406
699565 	 1.5857
699566 	 1.5857
699567 	 1.5857
699568 	 1.4158
699569 	 1.4158
699570 	 2.9450
699571 	 1.8406
699572 	 1.4158
699573 	 1.4158
699574 	 1.4158
699575 	 1.1893
699576 	 1.1893
699577 	 1.1893
699578 	 1.4158
699579 	 1.4158
699580 	 1.1893
699581 	 1.1893
699582 	 1.1893
699583 	 1.1893
699584 	 1.1893
699585 	 1.1893
699586 	 1.0477
699587 	 1.0477
699588 	 1.0477
699589 	 1.0477
699590 	 1.0477
699591 	 1.0477
699592 	 1.0477
699593 	 1.0477
699594 	 5.6917
699595 	 3.0582
699596 	 2.1804
699597 	 1.8406
699598 	 3.0582
699599 	 1.9822
699600 	 1.4158
699601 	 1.3026
699602 	 1.2743
699603 	 1.2743
699604 	 1.2176
699605 	 1.3026
699606 	 4.3891
699607 	 3.5113
699608 	 4.5873
699609 	 6.5695
699610 	 4.3891
699611 	 3.0582
699612 	 2.6335
699613 	 2.1804
699614 	 3.2848
699615 	 2.1804
699616 	 3.5113
699617 	 5.2669
699618 	 3.5113
699619 	 2.6335
699620 	 2.4636
699621 	 2.3786
699622 	 2.3786
699623 	 2.3786
699624 	 2.9450
699625 	 1.8406
699626 	 2.3786
699627 	 2.0671
699628 	 1.8406
699629 	 2.0671
699630 	 2.9450
699631 	 1.8406
699632 	 1.5857
699633 	 1.5857
699634 	 1.4158
699635 	 1.5857
699636 	 2.0671
699637 	 1.5857
699638 	 2.3786
699639 	 3.5962
699640 	 1.8406
699641 	 2.6335
699642 	 2.0671
699643 	 1.5857
699644 	 1.4158
699645 	 1.4158
699646 	 2.3786
699647 	 1.8406
699648 	 2.3786
699649 	 1.5857
699650 	 1.4158
699651 	 1.1893
699652 	 1.1893
699653 	 1.4158
699654 	 1.1893
699655 	 2.0671
699656 	 1.8406
699657 	 2.9450
699658 	 2.0671
699659 	 2.6335
699660 	 2.6335
699661 	 1.8406
699662 	 1.8406
699663 	 2.0671
699664 	 2.0671
699665 	 3.5962
699666 	 2.0671
699667 	 2.0671
699668 	 1.8406
699669 	 1.5857
699670 	 1.5857
699671 	 2.3786
699672 	 2.3786
699673 	 1.8406
699674 	 1.5857
699675 	 1.5857
699676 	 1.5857
699677 	 1.4158
699678 	 1.4158
699679 	 1.1893
699680 	 1.1893
699681 	 1.4158
699682 	 1.5857
699683 	 1.1893
699684 	 1.0477
699685 	 1.0477
699686 	 1.5857
699687 	 1.1893
699688 	 1.0477
699689 	 1.0477
699690 	 1.0477
699691 	 1.0477
699692 	 1.0477
699693 	 2.6335
699694 	 3.2281
699695 	 1.8406
699696 	 1.5857
699697 	 1.1893
699698 	 1.1893
699699 	 1.1893
699700 	 1.1893
699701 	 1.1893
699702 	 1.4158
699703 	 4.3325
699704 	 2.9450
699705 	 2.6335
699706 	 2.6335
699707 	 3.2281
699708 	 3.5962
699709 	 3.5962
699710 	 4.7289
699711 	 3.9360
699712 	 5.6067
699713 	 3.9360
699714 	 3.9360
699715 	 4.7289
699716 	 2.9450
699717 	 2.3786
699718 	 2.0671
699719 	 2.0671
699720 	 1.5857
699721 	 2.6335
699722 	 2.0671
699723 	 1.5857
699724 	 1.8406
699725 	 1.8406
699726 	 1.5857
699727 	 1.4158
699728 	 2.0671
699729 	 1.5857
699730 	 9.9392
699731 	 5.1820
699732 	 9.3729
699733 	 3.5962
699734 	 2.9450
699735 	 4.7289
699736 	 6.5695
699737 	 6.0881
699738 	 5.6067
699739 	 7.1075
699740 	 3.5962
699741 	 6.0881
699742 	 4.7289
699743 	 4.7289
699744 	 6.5695
699745 	 20.5863
699746 	 26.7311
699747 	 19.7085
699748 	 7.7871
699749 	 7.3624
699750 	 7.3624
699751 	 15.1212
699752 	 10.9586
699753 	 6.9093
699754 	 6.4846
699755 	 6.0315
699756 	 3.7661
699757 	 2.7467
699758 	 4.8705
699759 	 9.8543
699760 	 7.7871
699761 	 9.8543
699762 	 10.4206
699763 	 6.9093
699764 	 3.7661
699765 	 3.4263
699766 	 3.0582
699767 	 10.5056
699768 	 7.4473
699769 	 4.8139
699770 	 5.2669
699771 	 3.9360
699772 	 8.3252
699773 	 4.8139
699774 	 3.5113
699775 	 3.2848
699776 	 3.0582
699777 	 3.5113
699778 	 2.8600
699779 	 6.1448
699780 	 4.8139
699781 	 3.9360
699782 	 3.2848
699783 	 2.9733
699784 	 2.6335
699785 	 2.3786
699786 	 2.1804
699787 	 2.6335
699788 	 5.2669
699789 	 6.0315
699790 	 4.1059
699791 	 5.2669
699792 	 5.2669
699793 	 4.4741
699794 	 4.1059
699795 	 7.3624
699796 	 4.1059
699797 	 5.6634
699798 	 13.5921
699799 	 5.2669
699800 	 13.5921
699801 	 8.7499
699802 	 7.3624
699803 	 4.8705
699804 	 3.7661
699805 	 3.4263
699806 	 3.7661
699807 	 4.1059
699808 	 6.0315
699809 	 11.6099
699810 	 6.0315
699811 	 8.7499
699812 	 28.6000
699813 	 32.8475
699814 	 31.1485
699815 	 28.6000
699816 	 8.2685
699817 	 6.9093
699818 	 5.6634
699819 	 7.7871
699820 	 4.1059
699821 	 8.2685
699822 	 8.7499
699823 	 7.7871
699824 	 4.8705
699825 	 3.4263
699826 	 3.0582
699827 	 2.7467
699828 	 3.4263
699829 	 13.5921
699830 	 14.3566
699831 	 3.4263
699832 	 2.7467
699833 	 2.4636
699834 	 3.4263
699835 	 2.4636
699836 	 2.4636
699837 	 2.1804
699838 	 1.9255
699839 	 1.9255
699840 	 3.0582
699841 	 2.1804
699842 	 1.9255
699843 	 2.1804
699844 	 3.4263
699845 	 2.4636
699846 	 2.1804
699847 	 2.1804
699848 	 2.1804
699849 	 2.1804
699850 	 2.1804
699851 	 1.9255
699852 	 1.9255
699853 	 1.9255
699854 	 1.9255
699855 	 1.9255
699856 	 2.4636
699857 	 2.1804
699858 	 1.9255
699859 	 1.6990
699860 	 1.6990
699861 	 1.6990
699862 	 1.9255
699863 	 1.6990
699864 	 1.6990
699865 	 3.7661
699866 	 3.7661
699867 	 6.0315
699868 	 16.6503
699869 	 3.7661
699870 	 4.8705
699871 	 3.7661
699872 	 2.4636
699873 	 1.9255
699874 	 1.9255
699875 	 1.6990
699876 	 1.6990
699877 	 1.5008
699878 	 8.7499
699879 	 5.2669
699880 	 2.7467
699881 	 2.1804
699882 	 1.9255
699883 	 1.9255
699884 	 1.9255
699885 	 1.6990
699886 	 1.6990
699887 	 2.4636
699888 	 1.9255
699889 	 1.6990
699890 	 1.6990
699891 	 1.5008
699892 	 1.5008
699893 	 1.5008
699894 	 1.5008
699895 	 1.5008
699896 	 1.5008
699897 	 1.5008
699898 	 1.5008
699899 	 1.5008
699900 	 1.5008
699901 	 1.5008
699902 	 1.5008
699903 	 1.5008
699904 	 1.5008
699905 	 1.6990
699906 	 1.6990
699907 	 1.6990
699908 	 1.5008
699909 	 3.7661
699910 	 2.1804
699911 	 1.6990
699912 	 2.7467
699913 	 3.0582
699914 	 2.1804
699915 	 1.9255
699916 	 1.6990
699917 	 1.9255
699918 	 1.6990
699919 	 1.5008
699920 	 1.6990
699921 	 1.6990
699922 	 3.4263
699923 	 1.6990
699924 	 1.5008
699925 	 4.8705
699926 	 10.4206
699927 	 8.7499
699928 	 16.6503
699929 	 16.6503
699930 	 23.2198
699931 	 10.9586
699932 	 7.3624
699933 	 4.4741
699934 	 4.8705
699935 	 4.1059
699936 	 4.1059
699937 	 2.1804
699938 	 1.6990
699939 	 1.5008
699940 	 1.6990
699941 	 1.3026
699942 	 1.5008
699943 	 3.4263
699944 	 4.1059
699945 	 2.4636
699946 	 2.7467
699947 	 3.7661
699948 	 2.4636
699949 	 3.4263
699950 	 3.0582
699951 	 4.1059
699952 	 2.4636
699953 	 2.1804
699954 	 2.1804
699955 	 2.1804
699956 	 2.4636
699957 	 2.4636
699958 	 2.1804
699959 	 2.1804
699960 	 3.0582
699961 	 3.7661
699962 	 1.9255
699963 	 1.6990
699964 	 1.6990
699965 	 1.5008
699966 	 1.6990
699967 	 2.1804
699968 	 3.7661
699969 	 4.1059
699970 	 2.4636
699971 	 2.1804
699972 	 3.0582
699973 	 5.6634
699974 	 3.7661
699975 	 3.0582
699976 	 1.9255
699977 	 3.7661
699978 	 3.7661
699979 	 2.1804
699980 	 1.9255
699981 	 1.6990
699982 	 3.0582
699983 	 3.7661
699984 	 2.4636
699985 	 2.1804
699986 	 3.4263
699987 	 3.0582
699988 	 2.1804
699989 	 2.7467
699990 	 6.9093
699991 	 6.9093
699992 	 3.7661
699993 	 3.0582
699994 	 2.4636
699995 	 2.4636
699996 	 2.4636
699997 	 2.4636
699998 	 2.1804
699999 	 3.7661
700000 	 3.7661
700001 	 6.4846
700002 	 3.7661
700003 	 5.2669
700004 	 7.7871
700005 	 6.0315
700006 	 3.4263
700007 	 3.4263
700008 	 3.4263
700009 	 2.7467
700010 	 2.4636
700011 	 2.1804
700012 	 2.1804
700013 	 1.6990
700014 	 1.6990
700015 	 1.6990
700016 	 1.6990
700017 	 1.6990
700018 	 1.6990
700019 	 3.4263
700020 	 4.4741
700021 	 3.0582
700022 	 3.4263
700023 	 2.1804
700024 	 2.7467
700025 	 3.4263
700026 	 2.1804
700027 	 1.9255
700028 	 1.6990
700029 	 1.9255
700030 	 2.1804
700031 	 1.6990
700032 	 3.4263
700033 	 2.4636
700034 	 1.9255
700035 	 3.4263
700036 	 2.7467
700037 	 3.4263
700038 	 3.4263
700039 	 2.7467
700040 	 1.9255
700041 	 1.6990
700042 	 1.5008
700043 	 1.5008
700044 	 1.5008
700045 	 1.6990
700046 	 1.6990
700047 	 1.6990
700048 	 1.6990
700049 	 1.6990
700050 	 1.6990
700051 	 1.5008
700052 	 1.5008
700053 	 1.5008
700054 	 1.5008
700055 	 2.4636
700056 	 1.9255
700057 	 1.9255
700058 	 1.6990
700059 	 1.5008
700060 	 1.5008
700061 	 1.3026
700062 	 1.3026
700063 	 1.3026
700064 	 1.3026
700065 	 1.3026
700066 	 1.6990
700067 	 2.1804
700068 	 1.6990
700069 	 1.9255
700070 	 2.4636
700071 	 3.0582
700072 	 2.7467
700073 	 2.4636
700074 	 2.1804
700075 	 4.4741
700076 	 6.4846
700077 	 3.5113
700078 	 2.6335
700079 	 2.1804
700080 	 1.9822
700081 	 1.7556
700082 	 1.9822
700083 	 2.1804
700084 	 1.8972
700085 	 1.7556
700086 	 1.6707
700087 	 1.8972
700088 	 1.6990
700089 	 1.5291
700090 	 1.7556
700091 	 1.9822
700092 	 1.7556
700093 	 1.6141
700094 	 1.6141
700095 	 2.1804
700096 	 3.5113
700097 	 4.8139
700098 	 3.7095
700099 	 3.0582
700100 	 2.8034
700101 	 3.9360
700102 	 5.6917
700103 	 11.6099
700104 	 6.0315
700105 	 3.4263
700106 	 4.8705
700107 	 7.7871
700108 	 2.7467
700109 	 4.1059
700110 	 4.4741
700111 	 5.2669
700112 	 5.2669
700113 	 8.2685
700114 	 4.4741
700115 	 3.0582
700116 	 3.7661
700117 	 3.4263
700118 	 1.9255
700119 	 2.4636
700120 	 3.7661
700121 	 2.7184
700122 	 2.4069
700123 	 2.1804
700124 	 2.7184
700125 	 2.3786
700126 	 3.9360
700127 	 7.0226
700128 	 5.6917
700129 	 4.8139
700130 	 19.7085
700131 	 5.6634
700132 	 3.4263
700133 	 2.7467
700134 	 3.4263
700135 	 3.7661
700136 	 3.7661
700137 	 12.9125
700138 	 17.4432
700139 	 18.9157
700140 	 7.7871
700141 	 6.4846
700142 	 4.4741
700143 	 8.7499
700144 	 7.3624
700145 	 6.9093
700146 	 8.7499
700147 	 4.8705
700148 	 4.1059
700149 	 8.7499
700150 	 4.4741
700151 	 6.4846
700152 	 6.4846
700153 	 6.9093
700154 	 6.4846
700155 	 9.2879
700156 	 9.8543
700157 	 34.5466
700158 	 34.5466
700159 	 11.5533
700160 	 11.5533
700161 	 11.5533
700162 	 20.5014
700163 	 20.5014
700164 	 11.5533
700165 	 9.5428
700166 	 8.4951
700167 	 12.9974
700168 	 16.1689
700169 	 8.4951
700170 	 7.2208
700171 	 12.9974
700172 	 9.5428
700173 	 16.1689
700174 	 12.2612
700175 	 10.8737
700176 	 6.8244
700177 	 6.1448
700178 	 3.9077
700179 	 2.8883
700180 	 2.6618
700181 	 2.4636
700182 	 2.4636
700183 	 2.0671
700184 	 2.0671
700185 	 1.8972
700186 	 9.5428
700187 	 18.7458
700188 	 4.7006
700189 	 12.2612
700190 	 7.2208
700191 	 3.6246
700192 	 2.8883
700193 	 2.6618
700194 	 6.1448
700195 	 3.1432
700196 	 2.6618
700197 	 2.4636
700198 	 2.4636
700199 	 2.4636
700200 	 2.2653
700201 	 2.0671
700202 	 1.8972
700203 	 4.4174
700204 	 2.4636
700205 	 2.2653
700206 	 2.0671
700207 	 2.0671
700208 	 2.0671
700209 	 2.0671
700210 	 2.0671
700211 	 2.0671
700212 	 2.0671
700213 	 1.8972
700214 	 2.2653
700215 	 2.8883
700216 	 2.0671
700217 	 2.0671
700218 	 2.0671
700219 	 2.6618
700220 	 2.4636
700221 	 2.0671
700222 	 2.4636
700223 	 2.0671
700224 	 1.8972
700225 	 1.8972
700226 	 1.8972
700227 	 1.8972
700228 	 2.0671
700229 	 2.2653
700230 	 1.8972
700231 	 1.6990
700232 	 1.8972
700233 	 4.7006
700234 	 4.1626
700235 	 4.9554
700236 	 4.1626
700237 	 3.1432
700238 	 4.4174
700239 	 2.6618
700240 	 2.2653
700241 	 2.0671
700242 	 2.8883
700243 	 10.8737
700244 	 6.4846
700245 	 4.9554
700246 	 4.4174
700247 	 4.1626
700248 	 4.1626
700249 	 3.3697
700250 	 2.6618
700251 	 2.2653
700252 	 2.4636
700253 	 2.2653
700254 	 2.0671
700255 	 4.7006
700256 	 2.2653
700257 	 2.0671
700258 	 2.0671
700259 	 1.8972
700260 	 1.8972
700261 	 2.0671
700262 	 2.0671
700263 	 1.8972
700264 	 2.0671
700265 	 1.8972
700266 	 2.0671
700267 	 2.0671
700268 	 2.0671
700269 	 2.2653
700270 	 2.4636
700271 	 2.2653
700272 	 3.2848
700273 	 2.6335
700274 	 2.1804
700275 	 2.3220
700276 	 2.4919
700277 	 2.0671
700278 	 2.0671
700279 	 2.0671
700280 	 1.8972
700281 	 1.8972
700282 	 1.8972
700283 	 2.0671
700284 	 1.6990
700285 	 1.6990
700286 	 1.5857
700287 	 1.8972
700288 	 1.6990
700289 	 1.8972
700290 	 2.4636
700291 	 4.9554
700292 	 2.8883
700293 	 2.0671
700294 	 2.0671
700295 	 1.8972
700296 	 1.8972
700297 	 1.8972
700298 	 1.6990
700299 	 1.6990
700300 	 1.8972
700301 	 1.8972
700302 	 1.6990
700303 	 1.8972
700304 	 1.8972
700305 	 1.8972
700306 	 2.4636
700307 	 3.3697
700308 	 18.7458
700309 	 13.7620
700310 	 4.4174
700311 	 2.8883
700312 	 2.2653
700313 	 2.2653
700314 	 2.0671
700315 	 2.0671
700316 	 1.8972
700317 	 2.2653
700318 	 2.4636
700319 	 2.0671
700320 	 2.4636
700321 	 2.4636
700322 	 3.3697
700323 	 2.2653
700324 	 2.0671
700325 	 2.4636
700326 	 3.9077
700327 	 5.5218
700328 	 3.9077
700329 	 4.7006
700330 	 3.3697
700331 	 2.6618
700332 	 2.2653
700333 	 2.0671
700334 	 2.0671
700335 	 1.8972
700336 	 2.2653
700337 	 6.1448
700338 	 6.4846
700339 	 3.9077
700340 	 2.8883
700341 	 2.4636
700342 	 2.0671
700343 	 2.0671
700344 	 1.8972
700345 	 1.8972
700346 	 1.6990
700347 	 1.6990
700348 	 1.6990
700349 	 1.8972
700350 	 1.6990
700351 	 1.6990
700352 	 1.6990
700353 	 1.8972
700354 	 4.9554
700355 	 4.4174
700356 	 2.2653
700357 	 2.0671
700358 	 2.4636
700359 	 4.1626
700360 	 6.8244
700361 	 5.8333
700362 	 3.6246
700363 	 2.4636
700364 	 2.2653
700365 	 2.0671
700366 	 2.6618
700367 	 2.4636
700368 	 2.0671
700369 	 1.6990
700370 	 2.0671
700371 	 1.8972
700372 	 1.8972
700373 	 3.3697
700374 	 3.6246
700375 	 2.4636
700376 	 2.0671
700377 	 2.0671
700378 	 1.8972
700379 	 2.0671
700380 	 1.8972
700381 	 2.2653
700382 	 2.0671
700383 	 1.8972
700384 	 2.2653
700385 	 1.8972
700386 	 2.0671
700387 	 1.8972
700388 	 1.6990
700389 	 1.6990
700390 	 1.6990
700391 	 2.8883
700392 	 2.6618
700393 	 4.9554
700394 	 2.4636
700395 	 2.8883
700396 	 2.0671
700397 	 2.0671
700398 	 2.0671
700399 	 1.6990
700400 	 1.5857
700401 	 1.4442
700402 	 1.4442
700403 	 1.4442
700404 	 1.4442
700405 	 1.4442
700406 	 2.4636
700407 	 1.6990
700408 	 1.6990
700409 	 1.6990
700410 	 1.6990
700411 	 1.6990
700412 	 1.6990
700413 	 1.8972
700414 	 1.8972
700415 	 1.8972
700416 	 1.8972
700417 	 1.6990
700418 	 1.6990
700419 	 1.6990
700420 	 1.6990
700421 	 1.6990
700422 	 1.6990
700423 	 1.8972
700424 	 1.6990
700425 	 2.4636
700426 	 2.0671
700427 	 2.8883
700428 	 1.6990
700429 	 1.6990
700430 	 1.6990
700431 	 1.6990
700432 	 1.6990
700433 	 1.6990
700434 	 2.0671
700435 	 2.6618
700436 	 2.6618
700437 	 1.6990
700438 	 1.5857
700439 	 1.5857
700440 	 1.5857
700441 	 1.5857
700442 	 1.6990
700443 	 1.6990
700444 	 1.1044
700445 	 1.1044
700446 	 1.1044
700447 	 1.1044
700448 	 1.1044
700449 	 1.1044
700450 	 1.1044
700451 	 1.1044
700452 	 1.1044
700453 	 3.5113
700454 	 3.5113
700455 	 3.5113
700456 	 3.5113
700457 	 3.5113
700458 	 3.5113
700459 	 3.5113
700460 	 3.5113
700461 	 3.5113
700462 	 3.5113
700463 	 1.3026
700464 	 1.3026
700465 	 1.3026
700466 	 1.3026
700467 	 1.3026
700468 	 1.3026
700469 	 2.1804
700470 	 2.1804
700471 	 2.1804
700472 	 2.1804
700473 	 2.1804
700474 	 2.1804
700475 	 2.1804
700476 	 2.1804
700477 	 1.5291
700478 	 1.5291
700479 	 1.5291
700480 	 1.5291
700481 	 1.5291
700482 	 1.5291
700483 	 1.5291
700484 	 1.5291
700485 	 1.5291
700486 	 1.5291
700487 	 2.8883
700488 	 1.3026
700489 	 1.3026
700490 	 1.2743
700491 	 1.6990
700492 	 2.4636
700493 	 1.3592
700494 	 5.2669
700495 	 7.8438
700496 	 3.1998
700497 	 4.1059
700498 	 9.0331
700499 	 3.7661
700500 	 6.7394
700501 	 3.1149
700502 	 2.8034
700503 	 1.9255
700504 	 1.6707
700505 	 1.5857
700506 	 1.7556
700507 	 1.8972
700508 	 2.1804
700509 	 1.8972
700510 	 1.5008
700511 	 3.0299
700512 	 8.4101
700513 	 2.8883
700514 	 5.7483
700515 	 5.2669
700516 	 6.2297
700517 	 6.2297
700518 	 3.2848
700519 	 3.2848
700520 	 3.2848
700521 	 7.8438
700522 	 2.4636
700523 	 1.9255
700524 	 1.6707
700525 	 1.6707
700526 	 1.5008
700527 	 1.4158
700528 	 1.7556
700529 	 2.0105
700530 	 3.1998
700531 	 2.4636
700532 	 1.6707
700533 	 1.4158
700534 	 1.4442
700535 	 1.5008
700536 	 1.3026
700537 	 3.1149
700538 	 1.6707
700539 	 1.3592
700540 	 1.3026
700541 	 1.9255
700542 	 5.2669
700543 	 2.1804
700544 	 1.5008
700545 	 1.3592
700546 	 1.4442
700547 	 3.7661
700548 	 2.2653
700549 	 1.6707
700550 	 11.0436
700551 	 5.2669
700552 	 7.2774
700553 	 3.5113
700554 	 4.4741
700555 	 7.8438
700556 	 3.0299
700557 	 2.0105
700558 	 1.7556
700559 	 2.2653
700560 	 1.6141
700561 	 2.1804
700562 	 3.1149
700563 	 1.8972
700564 	 1.5857
700565 	 1.6141
700566 	 2.7467
700567 	 3.5113
700568 	 2.9733
700569 	 3.7661
700570 	 1.9822
700571 	 1.5857
700572 	 2.0105
700573 	 16.1972
700574 	 11.7515
700575 	 3.0582
700576 	 6.7394
700577 	 3.1998
700578 	 2.2370
700579 	 1.8972
700580 	 1.7556
700581 	 1.6707
700582 	 1.5857
700583 	 1.5008
700584 	 1.5857
700585 	 3.7661
700586 	 2.8883
700587 	 5.2669
700588 	 3.1149
700589 	 3.1149
700590 	 4.4741
700591 	 7.8438
700592 	 6.2297
700593 	 3.7661
700594 	 2.8600
700595 	 11.7515
700596 	 7.2774
700597 	 2.7467
700598 	 2.3786
700599 	 2.3786
700600 	 2.0105
700601 	 3.5113
700602 	 3.7661
700603 	 4.8705
700604 	 11.7515
700605 	 9.6277
700606 	 7.8438
700607 	 4.4741
700608 	 14.6681
700609 	 21.9172
700610 	 9.0331
700611 	 3.7661
700612 	 2.0671
700613 	 1.6990
700614 	 1.5291
700615 	 1.4158
700616 	 1.3592
700617 	 1.3026
700618 	 1.6990
700619 	 10.3356
700620 	 20.1616
700621 	 4.1059
700622 	 1.8972
700623 	 1.5008
700624 	 1.3592
700625 	 1.4158
700626 	 1.3592
700627 	 1.3026
700628 	 1.4442
700629 	 2.0105
700630 	 2.5485
700631 	 13.1957
700632 	 20.1616
700633 	 18.5759
700634 	 13.1957
700635 	 27.1559
700636 	 14.6681
700637 	 8.4101
700638 	 7.2774
700639 	 10.3356
700640 	 22.7667
700641 	 22.7667
700642 	 22.7667
700643 	 22.7667
700644 	 22.7667
700645 	 22.7667
700646 	 22.7667
700647 	 22.7667
700648 	 22.7667
700649 	 22.7667
700650 	 22.7667
700651 	 22.7667
700652 	 5.6917
700653 	 5.6917
700654 	 5.6917
700655 	 5.6917
700656 	 5.6917
700657 	 3.7095
700658 	 3.7095
700659 	 1.7556
700660 	 1.7556
700661 	 1.7556
700662 	 1.7556
700663 	 1.7556
700664 	 1.7556
700665 	 1.7556
700666 	 1.7556
700667 	 1.7556
700668 	 1.7556
700669 	 1.7556
700670 	 1.7556
700671 	 1.7556
700672 	 1.7556
700673 	 1.8972
700674 	 1.8972
700675 	 1.8972
700676 	 1.5857
700677 	 1.5857
700678 	 1.5291
700679 	 1.5291
700680 	 1.5291
700681 	 1.5291
700682 	 1.5291
700683 	 1.5008
700684 	 1.5008
700685 	 1.5291
700686 	 1.5008
700687 	 8.2685
700688 	 16.0273
700689 	 3.0582
700690 	 3.7661
700691 	 2.9450
700692 	 2.4636
700693 	 2.0671
700694 	 1.8972
700695 	 1.7840
700696 	 1.6990
700697 	 1.6990
700698 	 1.6707
700699 	 1.6141
700700 	 1.5857
700701 	 1.5857
700702 	 4.9554
700703 	 2.7467
700704 	 1.9255
700705 	 1.6990
700706 	 2.0671
700707 	 2.8883
700708 	 1.8972
700709 	 19.1988
700710 	 5.7766
700711 	 2.5768
700712 	 1.9822
700713 	 2.1521
700714 	 7.0226
700715 	 12.6293
700716 	 17.1600
700717 	 3.9077
700718 	 2.5768
700719 	 2.0954
700720 	 1.8972
700721 	 1.9822
700722 	 6.7111
700723 	 5.7766
700724 	 14.1867
700725 	 20.3315
700726 	 7.3624
700727 	 3.3697
700728 	 2.4919
700729 	 2.2653
700730 	 2.7184
700731 	 2.0671
700732 	 1.9822
700733 	 3.1432
700734 	 2.1521
700735 	 1.8972
700736 	 1.7840
700737 	 2.0671
700738 	 2.0671
700739 	 1.8972
700740 	 1.8972
700741 	 4.1059
700742 	 2.7184
700743 	 2.9450
700744 	 3.9927
700745 	 2.0954
700746 	 3.1432
700747 	 2.5485
700748 	 1.8406
700749 	 1.6990
700750 	 3.4547
700751 	 1.9255
700752 	 2.3786
700753 	 1.8972
700754 	 1.6990
700755 	 1.5857
700756 	 1.5291
700757 	 1.5008
700758 	 1.4442
700759 	 1.4442
700760 	 1.5291
700761 	 1.5291
700762 	 1.4442
700763 	 1.4158
700764 	 1.4158
700765 	 1.4158
700766 	 1.7840
700767 	 1.4442
700768 	 1.5008
700769 	 1.5291
700770 	 1.4158
700771 	 1.3592
700772 	 1.3026
700773 	 1.3026
700774 	 1.3026
700775 	 1.4158
700776 	 2.3220
700777 	 1.9255
700778 	 1.5291
700779 	 1.4158
700780 	 1.5291
700781 	 1.4158
700782 	 1.4158
700783 	 1.3026
700784 	 1.3026
700785 	 1.3592
700786 	 1.4158
700787 	 1.3026
700788 	 1.3026
700789 	 1.3026
700790 	 4.1626
700791 	 5.5218
700792 	 2.1804
700793 	 1.7556
700794 	 1.5291
700795 	 2.0105
700796 	 1.5291
700797 	 1.5857
700798 	 1.4442
700799 	 1.4158
700800 	 1.4158
700801 	 1.4442
700802 	 1.4158
700803 	 1.4442
700804 	 1.4442
700805 	 1.5857
700806 	 1.6141
700807 	 2.0105
700808 	 1.5857
700809 	 1.8406
700810 	 2.2370
700811 	 4.2475
700812 	 3.5396
700813 	 2.0954
700814 	 1.6707
700815 	 1.5291
700816 	 2.4919
700817 	 1.6141
700818 	 1.5291
700819 	 1.5291
700820 	 1.4158
700821 	 1.3592
700822 	 1.3026
700823 	 1.3026
700824 	 1.3026
700825 	 2.9733
700826 	 2.4919
700827 	 1.5857
700828 	 3.7661
700829 	 5.0404
700830 	 1.8972
700831 	 3.1149
700832 	 1.8972
700833 	 1.5857
700834 	 1.4442
700835 	 1.4442
700836 	 4.8988
700837 	 3.1998
700838 	 2.5485
700839 	 1.6990
700840 	 1.7840
700841 	 2.8883
700842 	 2.1804
700843 	 2.4069
700844 	 3.2848
700845 	 1.7840
700846 	 2.1804
700847 	 1.6990
700848 	 1.4442
700849 	 1.6707
700850 	 1.3026
700851 	 5.1820
700852 	 2.2653
700853 	 1.5857
700854 	 1.4442
700855 	 1.3592
700856 	 1.6707
700857 	 1.5008
700858 	 2.1521
700859 	 1.5291
700860 	 2.4069
700861 	 1.7840
700862 	 1.4158
700863 	 1.4442
700864 	 5.1253
700865 	 1.6990
700866 	 3.7095
700867 	 2.4636
700868 	 1.5291
700869 	 1.4158
700870 	 1.3026
700871 	 1.3026
700872 	 1.2743
700873 	 1.2743
700874 	 1.3026
700875 	 1.4442
700876 	 1.3026
700877 	 1.2743
700878 	 1.3026
700879 	 1.3026
700880 	 1.3026
700881 	 1.2176
700882 	 1.1893
700883 	 1.1327
700884 	 1.1327
700885 	 1.1327
700886 	 1.8406
700887 	 2.7467
700888 	 2.0105
700889 	 1.4158
700890 	 1.3592
700891 	 1.5291
700892 	 2.9733
700893 	 1.7840
700894 	 1.8972
700895 	 1.4442
700896 	 1.3026
700897 	 4.1626
700898 	 5.3519
700899 	 2.2370
700900 	 6.3996
700901 	 13.3656
700902 	 2.6618
700903 	 1.9822
700904 	 1.6990
700905 	 1.5291
700906 	 2.2653
700907 	 2.3786
700908 	 1.6707
700909 	 1.5008
700910 	 1.4158
700911 	 1.3026
700912 	 1.3026
700913 	 1.2743
700914 	 1.2176
700915 	 1.2743
700916 	 1.2176
700917 	 1.2176
700918 	 1.2176
700919 	 1.1893
700920 	 1.1327
700921 	 1.1327
700922 	 1.3592
700923 	 1.6707
700924 	 2.7467
700925 	 3.5113
700926 	 2.4069
700927 	 1.5008
700928 	 1.3026
700929 	 1.4442
700930 	 1.7556
700931 	 1.3592
700932 	 1.9255
700933 	 3.9077
700934 	 2.1804
700935 	 1.6707
700936 	 1.4442
700937 	 1.3026
700938 	 1.2743
700939 	 1.2176
700940 	 1.2176
700941 	 1.2176
700942 	 1.2176
700943 	 2.8883
700944 	 1.3592
700945 	 1.2176
700946 	 1.1893
700947 	 1.1327
700948 	 1.1327
700949 	 4.9838
700950 	 6.1448
700951 	 1.6990
700952 	 2.0954
700953 	 4.3325
700954 	 20.0766
700955 	 3.8511
700956 	 5.2669
700957 	 3.4547
700958 	 2.1521
700959 	 3.2848
700960 	 3.2848
700961 	 3.2848
700962 	 2.1804
700963 	 1.5291
700964 	 1.9255
700965 	 1.3026
700966 	 1.3026
700967 	 1.3026
700968 	 1.3026
700969 	 1.3026
700970 	 1.3026
700971 	 1.3026
700972 	 7.0226
700973 	 7.0226
700974 	 7.0226
700975 	 7.0226
700976 	 7.0226
700977 	 7.0226
700978 	 7.0226
700979 	 3.0582
700980 	 3.0582
700981 	 3.0582
700982 	 3.0582
700983 	 22.7667
700984 	 22.7667
700985 	 22.7667
700986 	 22.7667
700987 	 22.7667
700988 	 2.6335
700989 	 2.6335
700990 	 2.6335
700991 	 2.6335
700992 	 2.6335
700993 	 2.1804
700994 	 2.1804
700995 	 2.1804
700996 	 2.1804
700997 	 2.1804
700998 	 2.1804
700999 	 2.1804
701000 	 2.1804
701001 	 2.1804
701002 	 2.1804
701003 	 1.3026
701004 	 1.3026
701005 	 1.3026
701006 	 1.3026
701007 	 1.3026
701008 	 1.3026
701009 	 1.3026
701010 	 5.2669
701011 	 5.2669
701012 	 5.2669
701013 	 5.2669
701014 	 5.2669
701015 	 5.2669
701016 	 2.6618
701017 	 6.0315
701018 	 6.9093
701019 	 5.9182
701020 	 18.9157
701021 	 15.4610
701022 	 21.0677
701023 	 42.7584
701024 	 29.4495
701025 	 17.3582
701026 	 11.8364
701027 	 9.1463
701028 	 9.2030
701029 	 4.0210
701030 	 3.4263
701031 	 2.6618
701032 	 2.4636
701033 	 2.1521
701034 	 3.1432
701035 	 4.7006
701036 	 2.4069
701037 	 4.0776
701038 	 2.7184
701039 	 2.4636
701040 	 2.0954
701041 	 1.6990
701042 	 1.5291
701043 	 1.5008
701044 	 1.7556
701045 	 7.5040
701046 	 2.5768
701047 	 1.9255
701048 	 1.7556
701049 	 1.6141
701050 	 20.5863
701051 	 8.0137
701052 	 2.9733
701053 	 2.4069
701054 	 2.4069
701055 	 2.8883
701056 	 7.7588
701057 	 12.9125
701058 	 12.4028
701059 	 15.9141
701060 	 15.7725
701061 	 25.0038
701062 	 14.0168
701063 	 12.9974
701064 	 9.4295
701065 	 3.6812
701066 	 2.9733
701067 	 3.4263
701068 	 2.6618
701069 	 2.1521
701070 	 1.9822
701071 	 1.9822
701072 	 1.7840
701073 	 1.6707
701074 	 1.9822
701075 	 1.6141
701076 	 1.5857
701077 	 1.5291
701078 	 1.5291
701079 	 1.5291
701080 	 1.5008
701081 	 1.4442
701082 	 1.4158
701083 	 1.4158
701084 	 1.3592
701085 	 1.5291
701086 	 1.5291
701087 	 4.3325
701088 	 5.2103
701089 	 10.1091
701090 	 11.4683
701091 	 2.8883
701092 	 2.1521
701093 	 2.7467
701094 	 2.4636
701095 	 2.0671
701096 	 5.0687
701097 	 2.3220
701098 	 1.9822
701099 	 2.8600
701100 	 3.6812
701101 	 2.4636
701102 	 12.8842
701103 	 4.2475
701104 	 2.3220
701105 	 1.8406
701106 	 2.0105
701107 	 2.5768
701108 	 1.6707
701109 	 1.5291
701110 	 1.4442
701111 	 1.4158
701112 	 1.3592
701113 	 1.3026
701114 	 1.3026
701115 	 1.5291
701116 	 1.6990
701117 	 4.9838
701118 	 2.4636
701119 	 2.0105
701120 	 5.6634
701121 	 2.8883
701122 	 2.3220
701123 	 1.8406
701124 	 1.5857
701125 	 2.2653
701126 	 1.5291
701127 	 1.4158
701128 	 1.3592
701129 	 2.1804
701130 	 1.5857
701131 	 1.4442
701132 	 1.4442
701133 	 1.5857
701134 	 1.4442
701135 	 7.0226
701136 	 18.9157
701137 	 5.7483
701138 	 15.8574
701139 	 4.0210
701140 	 2.0671
701141 	 1.6141
701142 	 1.6990
701143 	 1.4158
701144 	 1.4158
701145 	 1.2743
701146 	 1.2176
701147 	 1.1893
701148 	 1.1327
701149 	 1.1044
701150 	 1.1044
701151 	 1.1044
701152 	 1.2176
701153 	 1.1044
701154 	 1.1327
701155 	 1.1044
701156 	 1.0477
701157 	 1.6141
701158 	 1.2743
701159 	 1.1044
701160 	 1.1044
701161 	 1.0477
701162 	 1.1044
701163 	 1.2176
701164 	 2.0954
701165 	 1.3026
701166 	 1.1327
701167 	 1.0477
701168 	 1.0477
701169 	 1.0477
701170 	 1.0477
701171 	 1.0477
701172 	 1.0477
701173 	 1.0477
701174 	 1.0477
701175 	 1.0477
701176 	 1.0477
701177 	 1.0477
701178 	 1.4442
701179 	 1.1044
701180 	 1.0477
701181 	 1.0477
701182 	 1.3026
701183 	 1.5008
701184 	 1.1327
701185 	 1.1327
701186 	 1.1893
701187 	 2.1521
701188 	 1.2176
701189 	 1.1044
701190 	 1.1044
701191 	 1.1327
701192 	 1.1044
701193 	 1.1044
701194 	 1.1327
701195 	 1.1044
701196 	 1.1327
701197 	 1.1044
701198 	 1.1044
701199 	 1.8972
701200 	 1.2176
701201 	 3.7661
701202 	 1.3026
701203 	 1.1327
701204 	 1.1044
701205 	 1.1044
701206 	 1.1327
701207 	 1.0477
701208 	 1.5857
701209 	 1.1044
701210 	 1.0477
701211 	 1.0477
701212 	 3.7095
701213 	 2.5768
701214 	 2.0105
701215 	 3.2281
701216 	 1.4442
701217 	 1.7556
701218 	 1.3026
701219 	 1.3026
701220 	 1.3026
701221 	 1.3592
701222 	 1.1893
701223 	 1.3592
701224 	 1.6141
701225 	 1.2176
701226 	 1.1327
701227 	 1.1044
701228 	 1.1044
701229 	 1.1044
701230 	 1.1327
701231 	 1.1327
701232 	 1.0477
701233 	 1.0477
701234 	 1.0477
701235 	 2.6618
701236 	 7.1075
701237 	 2.6335
701238 	 5.5218
701239 	 2.8883
701240 	 2.5485
701241 	 2.1804
701242 	 3.5113
701243 	 2.0954
701244 	 2.8034
701245 	 1.8972
701246 	 48.1386
701247 	 15.8008
701248 	 3.3414
701249 	 2.6335
701250 	 2.3786
701251 	 3.7661
701252 	 2.5485
701253 	 3.5113
701254 	 3.0582
701255 	 2.0671
701256 	 1.8406
701257 	 2.7184
701258 	 2.1804
701259 	 1.6990
701260 	 1.5291
701261 	 1.4442
701262 	 1.4158
701263 	 1.6707
701264 	 1.5291
701265 	 1.6141
701266 	 2.5485
701267 	 3.1149
701268 	 4.5024
701269 	 2.4069
701270 	 1.7840
701271 	 1.6141
701272 	 1.5857
701273 	 1.8972
701274 	 2.0954
701275 	 1.6141
701276 	 1.4442
701277 	 1.3592
701278 	 1.3026
701279 	 4.2475
701280 	 2.1804
701281 	 1.6707
701282 	 1.6141
701283 	 2.5768
701284 	 2.4069
701285 	 3.1998
701286 	 2.1804
701287 	 4.1059
701288 	 4.8139
701289 	 9.3729
701290 	 2.8034
701291 	 2.0671
701292 	 1.8972
701293 	 1.6707
701294 	 1.6707
701295 	 1.5008
701296 	 1.5857
701297 	 1.6990
701298 	 1.5291
701299 	 2.0954
701300 	 2.7184
701301 	 2.0671
701302 	 2.0105
701303 	 9.4295
701304 	 12.7143
701305 	 3.1149
701306 	 2.1521
701307 	 5.9465
701308 	 2.4919
701309 	 2.4069
701310 	 1.9822
701311 	 3.0299
701312 	 3.6812
701313 	 4.1626
701314 	 7.4473
701315 	 4.4741
701316 	 2.8883
701317 	 2.2370
701318 	 1.8972
701319 	 1.6990
701320 	 1.6707
701321 	 3.3414
701322 	 3.3414
701323 	 26.6745
701324 	 11.8648
701325 	 3.6812
701326 	 2.3786
701327 	 2.2653
701328 	 2.2653
701329 	 1.9822
701330 	 2.3220
701331 	 1.7840
701332 	 1.6141
701333 	 1.6141
701334 	 1.5008
701335 	 1.4442
701336 	 1.3592
701337 	 1.3026
701338 	 1.2743
701339 	 1.2176
701340 	 1.2176
701341 	 1.2176
701342 	 1.1893
701343 	 1.1893
701344 	 1.1327
701345 	 1.1327
701346 	 1.1327
701347 	 1.1327
701348 	 1.1327
701349 	 1.1044
701350 	 1.1044
701351 	 1.0477
701352 	 1.0477
701353 	 1.0477
701354 	 1.0477
701355 	 1.0477
701356 	 1.0477
701357 	 1.0477
701358 	 1.0477
701359 	 1.7556
701360 	 2.7467
701361 	 2.1804
701362 	 1.5008
701363 	 1.2176
701364 	 1.1893
701365 	 1.3026
701366 	 2.6618
701367 	 23.6446
701368 	 17.9529
701369 	 17.9529
701370 	 17.9529
701371 	 17.9529
701372 	 17.9529
701373 	 17.9529
701374 	 17.9529
701375 	 17.9529
701376 	 17.9529
701377 	 17.9529
701378 	 17.9529
701379 	 3.3414
701380 	 2.7184
701381 	 2.2653
701382 	 2.0954
701383 	 5.0687
701384 	 20.3315
701385 	 8.6650
701386 	 4.8705
701387 	 2.8883
701388 	 2.8883
701389 	 2.4069
701390 	 2.0671
701391 	 1.8972
701392 	 1.7556
701393 	 1.6990
701394 	 1.6707
701395 	 1.6707
701396 	 1.6707
701397 	 2.3220
701398 	 1.8972
701399 	 1.6707
701400 	 1.7556
701401 	 1.6141
701402 	 1.5291
701403 	 1.5291
701404 	 1.5291
701405 	 1.5291
701406 	 1.5008
701407 	 1.5008
701408 	 1.6141
701409 	 2.1521
701410 	 14.1584
701411 	 4.5873
701412 	 2.7184
701413 	 2.2370
701414 	 1.8972
701415 	 1.9822
701416 	 1.7556
701417 	 1.6990
701418 	 1.7840
701419 	 1.6707
701420 	 1.5857
701421 	 1.6141
701422 	 1.7556
701423 	 5.3519
701424 	 8.8065
701425 	 6.7960
701426 	 3.4547
701427 	 6.9093
701428 	 3.3414
701429 	 2.2653
701430 	 2.0105
701431 	 1.7840
701432 	 1.6990
701433 	 1.6990
701434 	 1.6141
701435 	 1.5857
701436 	 1.5291
701437 	 1.5291
701438 	 1.5008
701439 	 3.1998
701440 	 4.3891
701441 	 3.1998
701442 	 7.9287
701443 	 14.5832
701444 	 2.9733
701445 	 2.2370
701446 	 14.3283
701447 	 17.8396
701448 	 4.7006
701449 	 2.7184
701450 	 1.9255
701451 	 2.1521
701452 	 1.8972
701453 	 1.5857
701454 	 1.5857
701455 	 1.4442
701456 	 1.3592
701457 	 1.3026
701458 	 1.6141
701459 	 1.6141
701460 	 1.5291
701461 	 2.6335
701462 	 2.3220
701463 	 1.5857
701464 	 2.9733
701465 	 3.5113
701466 	 4.1059
701467 	 3.1149
701468 	 2.1804
701469 	 1.7556
701470 	 1.5291
701471 	 2.0671
701472 	 3.9360
701473 	 2.0671
701474 	 2.6335
701475 	 3.0299
701476 	 2.8034
701477 	 3.0582
701478 	 2.3220
701479 	 2.1804
701480 	 1.8406
701481 	 1.6141
701482 	 1.5291
701483 	 1.5857
701484 	 1.4442
701485 	 1.4158
701486 	 1.3592
701487 	 1.3026
701488 	 1.3026
701489 	 1.2743
701490 	 1.2743
701491 	 1.2743
701492 	 1.2743
701493 	 1.2743
701494 	 1.2176
701495 	 1.5008
701496 	 1.4158
701497 	 1.2743
701498 	 1.5857
701499 	 1.3592
701500 	 2.5485
701501 	 3.0299
701502 	 3.5113
701503 	 4.5590
701504 	 6.3996
701505 	 2.4919
701506 	 2.0671
701507 	 3.9360
701508 	 2.9450
701509 	 2.3220
701510 	 1.8972
701511 	 1.6707
701512 	 1.5291
701513 	 1.6141
701514 	 1.5291
701515 	 1.4442
701516 	 1.4158
701517 	 1.4158
701518 	 1.4158
701519 	 1.4158
701520 	 1.4158
701521 	 1.3592
701522 	 1.4158
701523 	 1.4442
701524 	 1.7840
701525 	 1.5857
701526 	 1.6141
701527 	 1.6141
701528 	 1.7556
701529 	 1.6707
701530 	 1.4158
701531 	 1.3592
701532 	 1.3026
701533 	 1.3592
701534 	 1.3026
701535 	 1.3026
701536 	 1.3592
701537 	 1.5008
701538 	 2.3220
701539 	 2.4069
701540 	 1.5291
701541 	 1.4158
701542 	 1.6990
701543 	 1.7556
701544 	 1.7840
701545 	 1.8972
701546 	 1.5857
701547 	 1.5008
701548 	 1.3592
701549 	 1.3026
701550 	 1.2743
701551 	 1.2176
701552 	 1.2176
701553 	 1.3026
701554 	 1.2743
701555 	 1.4158
701556 	 1.7556
701557 	 3.8511
701558 	 2.2653
701559 	 2.7184
701560 	 1.8972
701561 	 9.2879
701562 	 3.1998
701563 	 2.0105
701564 	 1.6990
701565 	 1.5291
701566 	 1.4442
701567 	 1.3592
701568 	 1.4158
701569 	 1.4442
701570 	 1.8406
701571 	 1.6990
701572 	 1.4442
701573 	 1.4442
701574 	 1.6707
701575 	 1.4442
701576 	 2.5768
701577 	 2.2653
701578 	 2.0105
701579 	 1.5857
701580 	 2.2370
701581 	 2.0671
701582 	 2.2370
701583 	 2.3786
701584 	 1.7840
701585 	 1.6990
701586 	 1.5291
701587 	 8.9481
701588 	 6.0032
701589 	 2.7184
701590 	 2.0105
701591 	 1.7556
701592 	 1.5857
701593 	 1.5008
701594 	 1.4442
701595 	 1.4158
701596 	 1.3026
701597 	 1.3026
701598 	 1.2176
701599 	 1.2743
701600 	 1.3026
701601 	 1.3026
701602 	 1.2743
701603 	 1.4442
701604 	 1.4158
701605 	 1.3026
701606 	 1.2176
701607 	 1.1893
701608 	 1.1893
701609 	 1.1327
701610 	 1.1327
701611 	 1.1327
701612 	 1.1044
701613 	 1.3592
701614 	 1.5291
701615 	 1.1327
701616 	 1.1327
701617 	 1.1044
701618 	 1.1044
701619 	 5.0687
701620 	 2.9733
701621 	 2.1804
701622 	 18.3210
701623 	 2.4636
701624 	 1.7556
701625 	 1.4442
701626 	 1.4158
701627 	 1.3026
701628 	 1.2176
701629 	 1.1893
701630 	 7.1075
701631 	 28.2885
701632 	 6.3430
701633 	 2.4919
701634 	 1.9255
701635 	 1.7840
701636 	 1.6707
701637 	 3.6812
701638 	 2.3786
701639 	 1.7840
701640 	 1.5291
701641 	 1.4442
701642 	 1.3592
701643 	 1.3026
701644 	 1.2176
701645 	 1.3592
701646 	 1.3026
701647 	 1.2176
701648 	 7.2208
701649 	 3.5396
701650 	 2.4069
701651 	 2.9450
701652 	 2.1521
701653 	 1.6990
701654 	 1.6707
701655 	 1.5291
701656 	 1.4442
701657 	 7.5040
701658 	 21.1527
701659 	 12.5727
701660 	 3.1149
701661 	 2.2653
701662 	 3.0299
701663 	 3.0582
701664 	 2.0671
701665 	 11.3551
701666 	 9.8543
701667 	 5.5501
701668 	 4.9838
701669 	 2.7184
701670 	 2.0954
701671 	 2.2370
701672 	 1.7556
701673 	 1.7556
701674 	 2.2653
701675 	 2.9450
701676 	 3.3414
701677 	 2.2370
701678 	 1.8972
701679 	 1.6707
701680 	 1.5291
701681 	 1.4442
701682 	 1.4158
701683 	 1.3592
701684 	 1.4158
701685 	 1.3026
701686 	 1.3026
701687 	 1.3026
701688 	 1.3592
701689 	 1.3026
701690 	 1.3026
701691 	 1.2176
701692 	 1.2176
701693 	 1.2176
701694 	 1.3592
701695 	 1.8406
701696 	 2.0954
701697 	 2.4636
701698 	 2.6618
701699 	 1.6707
701700 	 2.0954
701701 	 24.4091
701702 	 12.6293
701703 	 13.2806
701704 	 24.4374
701705 	 24.4374
701706 	 22.9650
701707 	 10.3923
701708 	 5.5218
701709 	 13.4505
701710 	 17.9246
701711 	 8.1553
701712 	 3.3414
701713 	 2.5768
701714 	 12.9125
701715 	 4.8139
701716 	 9.6844
701717 	 4.0210
701718 	 2.5768
701719 	 2.0954
701720 	 4.3325
701721 	 2.8034
701722 	 6.6545
701723 	 10.6471
701724 	 4.2192
701725 	 5.4368
701726 	 2.8034
701727 	 2.2370
701728 	 2.0105
701729 	 1.8406
701730 	 1.7840
701731 	 1.7556
701732 	 1.8972
701733 	 2.3786
701734 	 1.9255
701735 	 2.0105
701736 	 2.1804
701737 	 1.8972
701738 	 1.6990
701739 	 1.6990
701740 	 1.6141
701741 	 1.5291
701742 	 1.4442
701743 	 1.4158
701744 	 1.4158
701745 	 1.3592
701746 	 1.3026
701747 	 1.2743
701748 	 1.2743
701749 	 1.2743
701750 	 1.2743
701751 	 1.2176
701752 	 1.2176
701753 	 1.2176
701754 	 1.2176
701755 	 1.2176
701756 	 1.4158
701757 	 1.2743
701758 	 1.2176
701759 	 1.2176
701760 	 1.2176
701761 	 1.1893
701762 	 1.1893
701763 	 1.1893
701764 	 18.2644
701765 	 27.6372
701766 	 9.6844
701767 	 3.9360
701768 	 2.5768
701769 	 6.0032
701770 	 2.5768
701771 	 1.9822
701772 	 1.7556
701773 	 1.5857
701774 	 1.5008
701775 	 1.5008
701776 	 1.5857
701777 	 2.7184
701778 	 1.7556
701779 	 1.5008
701780 	 2.0671
701781 	 1.6707
701782 	 1.5291
701783 	 1.4158
701784 	 1.7840
701785 	 1.7840
701786 	 1.4442
701787 	 1.5857
701788 	 1.5857
701789 	 1.4158
701790 	 1.2743
701791 	 1.2743
701792 	 1.2176
701793 	 3.6812
701794 	 1.9255
701795 	 1.6707
701796 	 1.5008
701797 	 1.9255
701798 	 2.3786
701799 	 2.6335
701800 	 2.0954
701801 	 2.2653
701802 	 2.8034
701803 	 2.2653
701804 	 1.7556
701805 	 1.5857
701806 	 1.5008
701807 	 1.3592
701808 	 1.2743
701809 	 1.2743
701810 	 1.2176
701811 	 1.2743
701812 	 1.2176
701813 	 1.3592
701814 	 1.3592
701815 	 1.4442
701816 	 1.5857
701817 	 1.4442
701818 	 1.4158
701819 	 3.8511
701820 	 1.9255
701821 	 1.5857
701822 	 1.4442
701823 	 1.4158
701824 	 1.3026
701825 	 1.2743
701826 	 5.4652
701827 	 22.6535
701828 	 54.6515
701829 	 41.3426
701830 	 12.5160
701831 	 7.1358
701832 	 3.0582
701833 	 2.5768
701834 	 6.3996
701835 	 3.0582
701836 	 2.3220
701837 	 2.0954
701838 	 2.6335
701839 	 3.9077
701840 	 16.6786
701841 	 3.8511
701842 	 2.8034
701843 	 2.2370
701844 	 2.3786
701845 	 1.9255
701846 	 1.7556
701847 	 1.6141
701848 	 1.6707
701849 	 1.5857
701850 	 1.5291
701851 	 1.5008
701852 	 1.4442
701853 	 1.7840
701854 	 1.6990
701855 	 1.7840
701856 	 20.5014
701857 	 11.8364
701858 	 5.7766
701859 	 2.5768
701860 	 2.0105
701861 	 1.7556
701862 	 1.8972
701863 	 1.7556
701864 	 2.1804
701865 	 10.7887
701866 	 6.0881
701867 	 5.2669
701868 	 3.0582
701869 	 3.1998
701870 	 2.1804
701871 	 1.9255
701872 	 1.6707
701873 	 1.5857
701874 	 1.5008
701875 	 1.4158
701876 	 1.3592
701877 	 1.3026
701878 	 1.2743
701879 	 1.4158
701880 	 1.2743
701881 	 1.2176
701882 	 1.2176
701883 	 1.2176
701884 	 1.2176
701885 	 1.1893
701886 	 1.1327
701887 	 1.2176
701888 	 1.4158
701889 	 1.1327
701890 	 1.1044
701891 	 1.1044
701892 	 1.1044
701893 	 1.1044
701894 	 1.1327
701895 	 1.1044
701896 	 1.0477
701897 	 1.1044
701898 	 1.1893
701899 	 1.4442
701900 	 3.6246
701901 	 1.3026
701902 	 5.1253
701903 	 3.6246
701904 	 3.0582
701905 	 1.7840
701906 	 1.4158
701907 	 1.2743
701908 	 1.2176
701909 	 1.1893
701910 	 1.2176
701911 	 1.2176
701912 	 1.9822
701913 	 1.4158
701914 	 7.5323
701915 	 5.3519
701916 	 4.5590
701917 	 2.5768
701918 	 2.5768
701919 	 3.9360
701920 	 2.5768
701921 	 1.9255
701922 	 1.9255
701923 	 2.2653
701924 	 1.5857
701925 	 11.9497
701926 	 5.8333
701927 	 2.5768
701928 	 1.8972
701929 	 1.8406
701930 	 1.6141
701931 	 1.7556
701932 	 1.6141
701933 	 1.4442
701934 	 1.5857
701935 	 1.5008
701936 	 1.6707
701937 	 1.8972
701938 	 1.6707
701939 	 1.4442
701940 	 2.0954
701941 	 1.4442
701942 	 1.7556
701943 	 2.3786
701944 	 9.1463
701945 	 3.3414
701946 	 2.5768
701947 	 1.9255
701948 	 1.6141
701949 	 1.5857
701950 	 1.6707
701951 	 2.0105
701952 	 1.5008
701953 	 1.4442
701954 	 1.3026
701955 	 1.2743
701956 	 1.6990
701957 	 1.2743
701958 	 1.2176
701959 	 1.1893
701960 	 1.1893
701961 	 1.1327
701962 	 2.9450
701963 	 2.3786
701964 	 1.6707
701965 	 1.4158
701966 	 1.5008
701967 	 1.4158
701968 	 1.3592
701969 	 1.2176
701970 	 1.1893
701971 	 1.1327
701972 	 1.1327
701973 	 1.1044
701974 	 1.1893
701975 	 1.1044
701976 	 1.0477
701977 	 1.0477
701978 	 1.0477
701979 	 1.0194
701980 	 1.0194
701981 	 1.0194
701982 	 1.0194
701983 	 1.0194
701984 	 0.9628
701985 	 0.9628
701986 	 0.9628
701987 	 1.0194
701988 	 0.9628
701989 	 0.9061
701990 	 0.8778
701991 	 1.5857
701992 	 1.7556
701993 	 2.1521
701994 	 1.3592
701995 	 1.9822
701996 	 1.1893
701997 	 1.0194
701998 	 1.1893
701999 	 1.5008
702000 	 1.1044
702001 	 1.0477
702002 	 1.0194
702003 	 1.1044
702004 	 1.0194
702005 	 2.5768
702006 	 10.9020
702007 	 6.9659
702008 	 6.1731
702009 	 2.9450
702010 	 1.9255
702011 	 2.9450
702012 	 3.8228
702013 	 9.4295
702014 	 2.6618
702015 	 2.7467
702016 	 3.3414
702017 	 2.8883
702018 	 5.0404
702019 	 2.1521
702020 	 1.9255
702021 	 1.9822
702022 	 1.9255
702023 	 1.8972
702024 	 2.0105
702025 	 3.4263
702026 	 2.0671
702027 	 1.6707
702028 	 1.4442
702029 	 1.2743
702030 	 1.2176
702031 	 1.1893
702032 	 1.2743
702033 	 1.1893
702034 	 1.9255
702035 	 1.5008
702036 	 1.1327
702037 	 1.1044
702038 	 4.8988
702039 	 1.7556
702040 	 1.8406
702041 	 1.3026
702042 	 1.1893
702043 	 1.1327
702044 	 1.0477
702045 	 1.0194
702046 	 0.9628
702047 	 11.7515
702048 	 22.1155
702049 	 5.3802
702050 	 2.2653
702051 	 1.9255
702052 	 1.6141
702053 	 1.4158
702054 	 1.2176
702055 	 8.9481
702056 	 2.5485
702057 	 1.9255
702058 	 2.5768
702059 	 1.7556
702060 	 1.5857
702061 	 1.3592
702062 	 1.2176
702063 	 1.1327
702064 	 1.1044
702065 	 1.0477
702066 	 1.0194
702067 	 1.0194
702068 	 4.9838
702069 	 4.4741
702070 	 8.5517
702071 	 9.5994
702072 	 4.2475
702073 	 2.1804
702074 	 2.0671
702075 	 3.6246
702076 	 1.7556
702077 	 1.4442
702078 	 1.3026
702079 	 1.2176
702080 	 1.1327
702081 	 1.1044
702082 	 1.1044
702083 	 1.0194
702084 	 1.0194
702085 	 0.9628
702086 	 0.9628
702087 	 0.9628
702088 	 0.9628
702089 	 2.1804
702090 	 3.3697
702091 	 3.9077
702092 	 2.8034
702093 	 2.1804
702094 	 1.9255
702095 	 2.5768
702096 	 11.4400
702097 	 10.2507
702098 	 8.8349
702099 	 3.6246
702100 	 12.4028
702101 	 16.0840
702102 	 4.2192
702103 	 2.8034
702104 	 2.0954
702105 	 1.7556
702106 	 1.5857
702107 	 1.5291
702108 	 1.7840
702109 	 1.8406
702110 	 1.3592
702111 	 1.2176
702112 	 1.1327
702113 	 1.1327
702114 	 1.1044
702115 	 1.0477
702116 	 1.0194
702117 	 1.0194
702118 	 0.9628
702119 	 0.9628
702120 	 0.9628
702121 	 0.9628
702122 	 0.9628
702123 	 0.8778
702124 	 0.8778
702125 	 0.8778
702126 	 0.8778
702127 	 0.9628
702128 	 11.7515
702129 	 3.9927
702130 	 17.6414
702131 	 7.0226
702132 	 3.4547
702133 	 2.0105
702134 	 1.6141
702135 	 1.4158
702136 	 1.2743
702137 	 1.2176
702138 	 1.1327
702139 	 1.1044
702140 	 1.0477
702141 	 1.0194
702142 	 1.0194
702143 	 0.9628
702144 	 0.9628
702145 	 0.9628
702146 	 0.9061
702147 	 0.9628
702148 	 0.8778
702149 	 0.8778
702150 	 0.8778
702151 	 1.0477
702152 	 0.8778
702153 	 0.8778
702154 	 0.8212
702155 	 0.8212
702156 	 0.7929
702157 	 0.7929
702158 	 0.7646
702159 	 0.7646
702160 	 0.7646
702161 	 0.7646
702162 	 0.7646
702163 	 0.7362
702164 	 0.7362
702165 	 0.7362
702166 	 0.7362
702167 	 1.1044
702168 	 3.9360
702169 	 6.0315
702170 	 16.2539
702171 	 3.8228
702172 	 2.6618
702173 	 8.9764
702174 	 13.8469
702175 	 42.4753
702176 	 33.4139
702177 	 23.7295
702178 	 7.8438
702179 	 3.6812
702180 	 2.5768
702181 	 4.1626
702182 	 2.5485
702183 	 4.2475
702184 	 21.8606
702185 	 10.3356
702186 	 4.7006
702187 	 7.7871
702188 	 13.2806
702189 	 5.7766
702190 	 5.0687
702191 	 4.7006
702192 	 3.0582
702193 	 3.2848
702194 	 2.3786
702195 	 2.7184
702196 	 3.2848
702197 	 2.6618
702198 	 2.0105
702199 	 1.6990
702200 	 1.5291
702201 	 6.1731
702202 	 2.3220
702203 	 1.7840
702204 	 1.5857
702205 	 1.6990
702206 	 2.0671
702207 	 2.6335
702208 	 2.7184
702209 	 3.1998
702210 	 2.5485
702211 	 1.9822
702212 	 1.6141
702213 	 1.5008
702214 	 1.4158
702215 	 1.3592
702216 	 1.7556
702217 	 2.0954
702218 	 1.9255
702219 	 1.6707
702220 	 2.0954
702221 	 1.9822
702222 	 1.5857
702223 	 1.4158
702224 	 1.3026
702225 	 1.6990
702226 	 2.4919
702227 	 1.6141
702228 	 1.4158
702229 	 1.4158
702230 	 1.2743
702231 	 2.1804
702232 	 1.5291
702233 	 1.2743
702234 	 1.3026
702235 	 1.2743
702236 	 1.1893
702237 	 1.4442
702238 	 1.2743
702239 	 1.1327
702240 	 1.1327
702241 	 1.2743
702242 	 2.0954
702243 	 1.6707
702244 	 1.8972
702245 	 1.5291
702246 	 1.3592
702247 	 1.3592
702248 	 1.3592
702249 	 1.1893
702250 	 1.1327
702251 	 1.3026
702252 	 1.1893
702253 	 1.2176
702254 	 1.9255
702255 	 1.1893
702256 	 1.5857
702257 	 1.5008
702258 	 1.5857
702259 	 1.2176
702260 	 1.9255
702261 	 1.2743
702262 	 1.3026
702263 	 1.1327
702264 	 1.0477
702265 	 1.0194
702266 	 1.1327
702267 	 2.8600
702268 	 2.0954
702269 	 9.7693
702270 	 3.8228
702271 	 1.7840
702272 	 1.4158
702273 	 1.2743
702274 	 1.1327
702275 	 2.1521
702276 	 3.2848
702277 	 1.8406
702278 	 1.6990
702279 	 1.4158
702280 	 2.0954
702281 	 1.6707
702282 	 1.3026
702283 	 3.3697
702284 	 2.8883
702285 	 1.9822
702286 	 2.0671
702287 	 1.5857
702288 	 1.5857
702289 	 1.3026
702290 	 3.3697
702291 	 1.7556
702292 	 1.6707
702293 	 1.6707
702294 	 2.4636
702295 	 7.3057
702296 	 8.0986
702297 	 6.8244
702298 	 3.1149
702299 	 2.0954
702300 	 1.7556
702301 	 1.7556
702302 	 1.5291
702303 	 1.3026
702304 	 4.9838
702305 	 12.3461
702306 	 2.7184
702307 	 1.9255
702308 	 1.6141
702309 	 1.4158
702310 	 1.3026
702311 	 1.2743
702312 	 2.4919
702313 	 1.5008
702314 	 1.2743
702315 	 1.2176
702316 	 1.2743
702317 	 1.2176
702318 	 1.2743
702319 	 1.1893
702320 	 1.2176
702321 	 1.1327
702322 	 2.0954
702323 	 1.4158
702324 	 1.1893
702325 	 1.8406
702326 	 7.8721
702327 	 8.6650
702328 	 7.6172
702329 	 5.7483
702330 	 3.1149
702331 	 2.0105
702332 	 1.6707
702333 	 1.4442
702334 	 1.3592
702335 	 1.2176
702336 	 1.2176
702337 	 1.2743
702338 	 1.1893
702339 	 1.1044
702340 	 2.6618
702341 	 2.7184
702342 	 1.5857
702343 	 1.5857
702344 	 5.3519
702345 	 2.7184
702346 	 2.7467
702347 	 1.7556
702348 	 1.5008
702349 	 1.4442
702350 	 1.5291
702351 	 1.5008
702352 	 1.3592
702353 	 1.2176
702354 	 1.2176
702355 	 1.1893
702356 	 3.6246
702357 	 2.0105
702358 	 1.6990
702359 	 1.4442
702360 	 1.2743
702361 	 1.2176
702362 	 1.1893
702363 	 1.1893
702364 	 5.5218
702365 	 3.6812
702366 	 2.0954
702367 	 1.9255
702368 	 2.1804
702369 	 2.4069
702370 	 2.7467
702371 	 2.7184
702372 	 2.0671
702373 	 1.7556
702374 	 1.5857
702375 	 1.3592
702376 	 1.3026
702377 	 1.1893
702378 	 1.1893
702379 	 1.1327
702380 	 1.1327
702381 	 1.1044
702382 	 1.0477
702383 	 1.0194
702384 	 1.4158
702385 	 1.1327
702386 	 1.0194
702387 	 0.9628
702388 	 0.9628
702389 	 8.8915
702390 	 17.4432
702391 	 5.0687
702392 	 2.3786
702393 	 1.7840
702394 	 1.5857
702395 	 1.5857
702396 	 4.3325
702397 	 2.7467
702398 	 1.9255
702399 	 2.4919
702400 	 5.2953
702401 	 4.7855
702402 	 2.7467
702403 	 2.6335
702404 	 3.1432
702405 	 4.0210
702406 	 3.0582
702407 	 5.5218
702408 	 5.4652
702409 	 2.5485
702410 	 2.0954
702411 	 1.8406
702412 	 1.7556
702413 	 1.5291
702414 	 1.4158
702415 	 1.6707
702416 	 3.8511
702417 	 2.5485
702418 	 1.8406
702419 	 1.6141
702420 	 1.4158
702421 	 1.6990
702422 	 3.1432
702423 	 1.8972
702424 	 1.5008
702425 	 1.3026
702426 	 1.3026
702427 	 1.1893
702428 	 1.1893
702429 	 1.4442
702430 	 1.2176
702431 	 1.1327
702432 	 1.1044
702433 	 1.0477
702434 	 1.0477
702435 	 1.0194
702436 	 1.3026
702437 	 1.1327
702438 	 1.1893
702439 	 1.1044
702440 	 1.8406
702441 	 1.9255
702442 	 1.4158
702443 	 1.6990
702444 	 4.3891
702445 	 1.9255
702446 	 1.4158
702447 	 1.2176
702448 	 1.1327
702449 	 1.0477
702450 	 1.0477
702451 	 1.0477
702452 	 1.3026
702453 	 1.9822
702454 	 1.5008
702455 	 1.1893
702456 	 1.0477
702457 	 1.0477
702458 	 0.9628
702459 	 1.1044
702460 	 2.0671
702461 	 1.1893
702462 	 1.0477
702463 	 0.9628
702464 	 0.9628
702465 	 0.9061
702466 	 0.9061
702467 	 0.8778
702468 	 0.9061
702469 	 1.9822
702470 	 2.0105
702471 	 1.6707
702472 	 1.1893
702473 	 1.4158
702474 	 3.1998
702475 	 4.1059
702476 	 1.6141
702477 	 1.3026
702478 	 1.2176
702479 	 1.1327
702480 	 1.0477
702481 	 1.0194
702482 	 0.9628
702483 	 0.8778
702484 	 1.3592
702485 	 1.0194
702486 	 0.8778
702487 	 0.8778
702488 	 0.8778
702489 	 0.8778
702490 	 1.0194
702491 	 0.8778
702492 	 0.8495
702493 	 0.8778
702494 	 8.4667
702495 	 1.8972
702496 	 1.3026
702497 	 1.1044
702498 	 1.0194
702499 	 0.9628
702500 	 0.9628
702501 	 5.7766
702502 	 1.9255
702503 	 1.3592
702504 	 1.1893
702505 	 1.2743
702506 	 1.0477
702507 	 0.9628
702508 	 0.9628
702509 	 3.1998
702510 	 2.8883
702511 	 1.2743
702512 	 1.0477
702513 	 0.9628
702514 	 0.9061
702515 	 0.8778
702516 	 0.8778
702517 	 0.8495
702518 	 0.8495
702519 	 0.8495
702520 	 0.8212
702521 	 0.8212
702522 	 0.8212
702523 	 0.8212
702524 	 0.8212
702525 	 1.1044
702526 	 0.9628
702527 	 1.5857
702528 	 1.1044
702529 	 0.9628
702530 	 0.8778
702531 	 0.9061
702532 	 1.2176
702533 	 0.9061
702534 	 0.8778
702535 	 1.2176
702536 	 1.1327
702537 	 0.9061
702538 	 0.8495
702539 	 0.8495
702540 	 0.7929
702541 	 0.7646
702542 	 0.7646
702543 	 0.7646
702544 	 0.9061
702545 	 1.0194
702546 	 0.7646
702547 	 0.7929
702548 	 0.7646
702549 	 1.2176
702550 	 0.8778
702551 	 0.7929
702552 	 0.7646
702553 	 0.7362
702554 	 0.7646
702555 	 0.7929
702556 	 0.7362
702557 	 0.7079
702558 	 0.7079
702559 	 0.7929
702560 	 1.1327
702561 	 0.8778
702562 	 0.7646
702563 	 0.9061
702564 	 1.5291
702565 	 1.1893
702566 	 2.3786
702567 	 1.1893
702568 	 0.8778
702569 	 0.8212
702570 	 0.7929
702571 	 0.7646
702572 	 0.7362
702573 	 0.7362
702574 	 0.7079
702575 	 0.6796
702576 	 0.6796
702577 	 0.7646
702578 	 0.6796
702579 	 0.6796
702580 	 0.6796
702581 	 0.6796
702582 	 0.6796
702583 	 0.6796
702584 	 1.0194
702585 	 0.7362
702586 	 0.6513
702587 	 0.6230
702588 	 0.6230
702589 	 0.6230
702590 	 0.6230
702591 	 0.9061
702592 	 2.2370
702593 	 0.9628
702594 	 1.8406
702595 	 2.9450
702596 	 1.1327
702597 	 0.7929
702598 	 0.7929
702599 	 0.7079
702600 	 0.6796
702601 	 0.6513
702602 	 0.7079
702603 	 0.9628
702604 	 0.7929
702605 	 2.2370
702606 	 1.5857
702607 	 0.7929
702608 	 0.8495
702609 	 0.7646
702610 	 1.6990
702611 	 0.8495
702612 	 1.5291
702613 	 1.0477
702614 	 0.8778
702615 	 1.3026
702616 	 4.8139
702617 	 2.0105
702618 	 3.5113
702619 	 4.0210
702620 	 2.0105
702621 	 1.3026
702622 	 1.1327
702623 	 0.9628
702624 	 0.8495
702625 	 0.7929
702626 	 0.7929
702627 	 0.7362
702628 	 0.7362
702629 	 0.9628
702630 	 2.3786
702631 	 1.5008
702632 	 0.9628
702633 	 0.7929
702634 	 0.7362
702635 	 0.7079
702636 	 0.6796
702637 	 0.7079
702638 	 0.6796
702639 	 0.6796
702640 	 0.7362
702641 	 0.7079
702642 	 0.6796
702643 	 0.8495
702644 	 0.6796
702645 	 0.6796
702646 	 0.6513
702647 	 0.7646
702648 	 1.2743
702649 	 1.5291
702650 	 2.4919
702651 	 2.3220
702652 	 1.6707
702653 	 1.1893
702654 	 2.0954
702655 	 1.1327
702656 	 6.1731
702657 	 4.7855
702658 	 2.4636
702659 	 2.3220
702660 	 1.4442
702661 	 1.3026
702662 	 1.3592
702663 	 1.1327
702664 	 0.9061
702665 	 0.8495
702666 	 1.5291
702667 	 1.4442
702668 	 1.3026
702669 	 1.0477
702670 	 1.5291
702671 	 1.0477
702672 	 0.9628
702673 	 0.8212
702674 	 0.7929
702675 	 0.7929
702676 	 2.4069
702677 	 0.8778
702678 	 0.8212
702679 	 1.0477
702680 	 0.8778
702681 	 2.0671
702682 	 1.3026
702683 	 0.9061
702684 	 0.7929
702685 	 0.8495
702686 	 3.0299
702687 	 1.5008
702688 	 0.9628
702689 	 1.4158
702690 	 1.2743
702691 	 1.2176
702692 	 1.5857
702693 	 2.0105
702694 	 2.0105
702695 	 6.7111
702696 	 1.8406
702697 	 6.4846
702698 	 2.0105
702699 	 1.5008
702700 	 2.4069
702701 	 2.2653
702702 	 1.6990
702703 	 1.4442
702704 	 1.8406
702705 	 2.2370
702706 	 2.3220
702707 	 1.9822
702708 	 1.6141
702709 	 1.3592
702710 	 1.6990
702711 	 1.7556
702712 	 1.3026
702713 	 1.1893
702714 	 1.6707
702715 	 1.3026
702716 	 1.3026
702717 	 1.1893
702718 	 1.0477
702719 	 1.3592
702720 	 2.2653
702721 	 5.4652
702722 	 2.8883
702723 	 5.7766
702724 	 2.7467
702725 	 1.8406
702726 	 1.7556
702727 	 1.3592
702728 	 1.2176
702729 	 1.1327
702730 	 1.0477
702731 	 1.2176
702732 	 1.3026
702733 	 1.1327
702734 	 1.1327
702735 	 1.1044
702736 	 0.9628
702737 	 0.9061
702738 	 0.8778
702739 	 0.8495
702740 	 0.8495
702741 	 0.8495
702742 	 0.8495
702743 	 0.8212
702744 	 0.8495
702745 	 0.8212
702746 	 0.7929
702747 	 0.7929
702748 	 0.8495
702749 	 1.3592
702750 	 1.6141
702751 	 15.5459
702752 	 3.3697
702753 	 1.7840
702754 	 1.5857
702755 	 1.2176
702756 	 1.1327
702757 	 1.1893
702758 	 1.0477
702759 	 1.0194
702760 	 1.1327
702761 	 1.0194
702762 	 0.9628
702763 	 1.0477
702764 	 0.9628
702765 	 0.9628
702766 	 0.8778
702767 	 0.8495
702768 	 0.8212
702769 	 0.7079
702770 	 11.0436
702771 	 37.9446
702772 	 3.4263
702773 	 3.1432
702774 	 2.0954
702775 	 2.3786
702776 	 1.7556
702777 	 1.2743
702778 	 1.0477
702779 	 0.9628
702780 	 0.8778
702781 	 0.8778
702782 	 0.8212
702783 	 0.7929
702784 	 0.7929
702785 	 0.7646
702786 	 0.7362
702787 	 0.7079
702788 	 0.6796
702789 	 0.6796
702790 	 0.6796
702791 	 1.0477
702792 	 0.8778
702793 	 0.7362
702794 	 0.7079
702795 	 0.6796
702796 	 0.7362
702797 	 0.9628
702798 	 1.1044
702799 	 0.8495
702800 	 0.7929
702801 	 0.7362
702802 	 1.4158
702803 	 0.9628
702804 	 0.8495
702805 	 0.7929
702806 	 0.8212
702807 	 14.3566
702808 	 27.9487
702809 	 5.5218
702810 	 2.7467
702811 	 7.1358
702812 	 6.9659
702813 	 4.8705
702814 	 2.2370
702815 	 1.9255
702816 	 1.5291
702817 	 3.3414
702818 	 1.7556
702819 	 1.3026
702820 	 18.7174
702821 	 45.5901
702822 	 12.0063
702823 	 4.1059
702824 	 2.9733
702825 	 3.1998
702826 	 4.5024
702827 	 2.8883
702828 	 4.8705
702829 	 2.3220
702830 	 1.6707
702831 	 1.8406
702832 	 1.3592
702833 	 1.1893
702834 	 1.0477
702835 	 1.0477
702836 	 1.0477
702837 	 1.6707
702838 	 5.0404
702839 	 5.3519
702840 	 4.7006
702841 	 4.5873
702842 	 3.0299
702843 	 7.0226
702844 	 7.3057
702845 	 2.9733
702846 	 2.3220
702847 	 4.3891
702848 	 2.2370
702849 	 1.6707
702850 	 1.4158
702851 	 1.2743
702852 	 1.1893
702853 	 1.0477
702854 	 0.9628
702855 	 0.9061
702856 	 0.8778
702857 	 0.8778
702858 	 0.9061
702859 	 0.8495
702860 	 1.0477
702861 	 0.8778
702862 	 0.7929
702863 	 0.7929
702864 	 2.5768
702865 	 2.1804
702866 	 1.0477
702867 	 0.8778
702868 	 0.7929
702869 	 0.7929
702870 	 0.7929
702871 	 0.7362
702872 	 0.7362
702873 	 1.2743
702874 	 0.7929
702875 	 0.7362
702876 	 0.7362
702877 	 0.6796
702878 	 1.0477
702879 	 2.7467
702880 	 3.1149
702881 	 21.5208
702882 	 37.3782
702883 	 22.7384
702884 	 17.4715
702885 	 7.6172
702886 	 10.8737
702887 	 3.2281
702888 	 2.2370
702889 	 2.4636
702890 	 2.6335
702891 	 2.2653
702892 	 2.8883
702893 	 9.9109
702894 	 3.1149
702895 	 2.2370
702896 	 1.7556
702897 	 1.5008
702898 	 1.3026
702899 	 7.1358
702900 	 19.0006
702901 	 5.2103
702902 	 3.6812
702903 	 4.7289
702904 	 2.4069
702905 	 3.9360
702906 	 2.4069
702907 	 1.7556
702908 	 1.5008
702909 	 1.7556
702910 	 1.5857
702911 	 1.3026
702912 	 1.1893
702913 	 1.1327
702914 	 1.0477
702915 	 1.0194
702916 	 0.9628
702917 	 0.9628
702918 	 0.9061
702919 	 0.9061
702920 	 11.5250
702921 	 13.2240
702922 	 54.6515
702923 	 60.0317
702924 	 8.1836
702925 	 6.8244
702926 	 10.0808
702927 	 5.5218
702928 	 2.7467
702929 	 2.1804
702930 	 1.9822
702931 	 6.1731
702932 	 4.3891
702933 	 2.0105
702934 	 1.6707
702935 	 1.7556
702936 	 2.5485
702937 	 1.5291
702938 	 1.5008
702939 	 1.6990
702940 	 1.3592
702941 	 1.2743
702942 	 1.4158
702943 	 1.5008
702944 	 1.7840
702945 	 2.5485
702946 	 8.4951
702947 	 3.8228
702948 	 4.8988
702949 	 2.3220
702950 	 2.0105
702951 	 4.1059
702952 	 18.3210
702953 	 39.9268
702954 	 53.5188
702955 	 56.6337
702956 	 14.7248
702957 	 5.7766
702958 	 3.3414
702959 	 2.4636
702960 	 8.1553
702961 	 6.7111
702962 	 2.9733
702963 	 2.3220
702964 	 2.2370
702965 	 1.9822
702966 	 4.2475
702967 	 3.9927
702968 	 2.6335
702969 	 3.0299
702970 	 3.3697
702971 	 2.8034
702972 	 2.5485
702973 	 2.6618
702974 	 2.1804
702975 	 2.2653
702976 	 4.5590
702977 	 5.6634
702978 	 4.9838
702979 	 1.9255
702980 	 1.9255
702981 	 1.9255
702982 	 1.9255
702983 	 1.5291
702984 	 1.6990
702985 	 2.1521
702986 	 2.4069
702987 	 4.8705
702988 	 1.9255
702989 	 1.5857
702990 	 1.5008
702991 	 1.3592
702992 	 1.3592
702993 	 2.8883
702994 	 5.4368
702995 	 2.1804
702996 	 2.0105
702997 	 1.9255
702998 	 1.5291
702999 	 1.4158
703000 	 1.3026
703001 	 1.2743
703002 	 1.3026
703003 	 1.3026
703004 	 1.5008
703005 	 3.5396
703006 	 2.6618
703007 	 7.1925
703008 	 9.2030
703009 	 10.1657
703010 	 6.5412
703011 	 9.7127
703012 	 4.1059
703013 	 2.4636
703014 	 2.1804
703015 	 2.1804
703016 	 1.6990
703017 	 1.9255
703018 	 2.4636
703019 	 2.0105
703020 	 1.7840
703021 	 1.5857
703022 	 3.0299
703023 	 2.7467
703024 	 2.0105
703025 	 3.7095
703026 	 5.3519
703027 	 5.2103
703028 	 3.0582
703029 	 2.2653
703030 	 1.8406
703031 	 2.0105
703032 	 2.3786
703033 	 1.7556
703034 	 2.2370
703035 	 1.9255
703036 	 1.5291
703037 	 3.8511
703038 	 5.2103
703039 	 3.0582
703040 	 2.1521
703041 	 2.6618
703042 	 4.4741
703043 	 2.2653
703044 	 1.7556
703045 	 2.1804
703046 	 1.8972
703047 	 2.0105
703048 	 1.9255
703049 	 2.0954
703050 	 1.9822
703051 	 4.0210
703052 	 5.1253
703053 	 4.3042
703054 	 4.6440
703055 	 2.7467
703056 	 2.5768
703057 	 2.2653
703058 	 1.7840
703059 	 2.4069
703060 	 2.2370
703061 	 2.0671
703062 	 2.0671
703063 	 2.2370
703064 	 5.7483
703065 	 2.2653
703066 	 1.8406
703067 	 3.2848
703068 	 7.3057
703069 	 15.0646
703070 	 3.6812
703071 	 2.4919
703072 	 2.7184
703073 	 2.2370
703074 	 2.0954
703075 	 3.2281
703076 	 2.5485
703077 	 2.1804
703078 	 1.8972
703079 	 1.6707
703080 	 1.5008
703081 	 1.5008
703082 	 1.4442
703083 	 1.3592
703084 	 1.3592
703085 	 1.3026
703086 	 1.3026
703087 	 1.2743
703088 	 1.3026
703089 	 2.0954
703090 	 2.7467
703091 	 1.6707
703092 	 1.4158
703093 	 1.3026
703094 	 1.3026
703095 	 1.2743
703096 	 1.2176
703097 	 1.2743
703098 	 1.5857
703099 	 1.8406
703100 	 2.7467
703101 	 3.9077
703102 	 1.6990
703103 	 1.4442
703104 	 1.4158
703105 	 1.3592
703106 	 1.2176
703107 	 1.1893
703108 	 1.1893
703109 	 1.1893
703110 	 1.9822
703111 	 1.9255
703112 	 3.5113
703113 	 3.8511
703114 	 3.8511
703115 	 5.2103
703116 	 2.9733
703117 	 1.9255
703118 	 1.6141
703119 	 1.5857
703120 	 1.8406
703121 	 1.4442
703122 	 1.3026
703123 	 1.5857
703124 	 1.4158
703125 	 1.3026
703126 	 1.3026
703127 	 1.3026
703128 	 1.3592
703129 	 2.2653
703130 	 2.0954
703131 	 1.6707
703132 	 2.3220
703133 	 2.0671
703134 	 1.5291
703135 	 1.4158
703136 	 2.5768
703137 	 1.8406
703138 	 6.1448
703139 	 3.7095
703140 	 8.3535
703141 	 14.2434
703142 	 18.8307
703143 	 7.4473
703144 	 5.8616
703145 	 2.9450
703146 	 3.5962
703147 	 3.7661
703148 	 3.4263
703149 	 7.8721
703150 	 4.5590
703151 	 2.6335
703152 	 2.0105
703153 	 1.8972
703154 	 1.9822
703155 	 1.6707
703156 	 1.5291
703157 	 1.5008
703158 	 1.5857
703159 	 6.5695
703160 	 2.4636
703161 	 1.8406
703162 	 1.5857
703163 	 2.2653
703164 	 3.1998
703165 	 2.4069
703166 	 1.7556
703167 	 1.7556
703168 	 1.5008
703169 	 1.6141
703170 	 1.6990
703171 	 2.4636
703172 	 3.1432
703173 	 6.4846
703174 	 15.0362
703175 	 13.5921
703176 	 31.9980
703177 	 7.6172
703178 	 3.1998
703179 	 2.3786
703180 	 2.0954
703181 	 1.7840
703182 	 1.6141
703183 	 1.5008
703184 	 1.4158
703185 	 1.3026
703186 	 1.2743
703187 	 1.2743
703188 	 1.1893
703189 	 1.1893
703190 	 1.1893
703191 	 1.5008
703192 	 1.3026
703193 	 1.1893
703194 	 1.1893
703195 	 2.6335
703196 	 3.7661
703197 	 6.4279
703198 	 3.9927
703199 	 9.2313
703200 	 2.8034
703201 	 2.6335
703202 	 3.1149
703203 	 8.5800
703204 	 4.3891
703205 	 2.5485
703206 	 1.9822
703207 	 1.7556
703208 	 1.5857
703209 	 4.4741
703210 	 3.3414
703211 	 1.8972
703212 	 2.0954
703213 	 2.8600
703214 	 8.4951
703215 	 5.0404
703216 	 2.8600
703217 	 3.6812
703218 	 3.5962
703219 	 2.4069
703220 	 1.8972
703221 	 1.7556
703222 	 1.5857
703223 	 12.8275
703224 	 9.6844
703225 	 4.6440
703226 	 3.8511
703227 	 2.7184
703228 	 2.0671
703229 	 1.7840
703230 	 4.2475
703231 	 6.7394
703232 	 3.1432
703233 	 3.1149
703234 	 2.1804
703235 	 1.7840
703236 	 1.6707
703237 	 1.5291
703238 	 3.4547
703239 	 1.6707
703240 	 1.5008
703241 	 1.4158
703242 	 1.3026
703243 	 1.3026
703244 	 1.3026
703245 	 1.2743
703246 	 1.2176
703247 	 1.1893
703248 	 1.1893
703249 	 1.1893
703250 	 1.1327
703251 	 1.0477
703252 	 1.0477
703253 	 1.0477
703254 	 1.0477
703255 	 1.1893
703256 	 1.0477
703257 	 1.0194
703258 	 1.0194
703259 	 0.9628
703260 	 0.9628
703261 	 0.9628
703262 	 1.0194
703263 	 0.9628
703264 	 0.9061
703265 	 0.9061
703266 	 0.9628
703267 	 1.1893
703268 	 5.8333
703269 	 2.2653
703270 	 2.1804
703271 	 3.1149
703272 	 1.9255
703273 	 6.5695
703274 	 4.3325
703275 	 2.8883
703276 	 2.0671
703277 	 3.6812
703278 	 1.8406
703279 	 1.7556
703280 	 6.5695
703281 	 3.5113
703282 	 8.1553
703283 	 2.0954
703284 	 1.6141
703285 	 1.4158
703286 	 1.2743
703287 	 1.1893
703288 	 1.1893
703289 	 1.6990
703290 	 4.9554
703291 	 2.3786
703292 	 2.1804
703293 	 2.2653
703294 	 1.8406
703295 	 1.6990
703296 	 12.4311
703297 	 6.6261
703298 	 6.8810
703299 	 6.6545
703300 	 2.5485
703301 	 2.0105
703302 	 3.6246
703303 	 15.7158
703304 	 12.8275
703305 	 5.2669
703306 	 2.6335
703307 	 2.4069
703308 	 6.1731
703309 	 8.8349
703310 	 3.5113
703311 	 7.9854
703312 	 3.0299
703313 	 2.4919
703314 	 3.0582
703315 	 10.2507
703316 	 2.9450
703317 	 2.3220
703318 	 3.6246
703319 	 2.0954
703320 	 1.8406
703321 	 1.6707
703322 	 1.5008
703323 	 1.4158
703324 	 1.3026
703325 	 1.3026
703326 	 1.2743
703327 	 1.1893
703328 	 1.1327
703329 	 2.6335
703330 	 4.8705
703331 	 1.9822
703332 	 1.7556
703333 	 1.5008
703334 	 1.4158
703335 	 1.2743
703336 	 1.1893
703337 	 1.1893
703338 	 1.1893
703339 	 1.1893
703340 	 1.1044
703341 	 1.1044
703342 	 1.1044
703343 	 1.1044
703344 	 1.0194
703345 	 1.0194
703346 	 1.1893
703347 	 3.4547
703348 	 1.3592
703349 	 1.2176
703350 	 1.3592
703351 	 1.1893
703352 	 1.0477
703353 	 1.0477
703354 	 1.0194
703355 	 1.0194
703356 	 1.0477
703357 	 0.9628
703358 	 1.0194
703359 	 1.1044
703360 	 4.4174
703361 	 11.0719
703362 	 2.8034
703363 	 1.7556
703364 	 1.5008
703365 	 1.5008
703366 	 8.0703
703367 	 2.9733
703368 	 1.8406
703369 	 2.0671
703370 	 2.0671
703371 	 1.5291
703372 	 4.7289
703373 	 15.5459
703374 	 3.4547
703375 	 3.0582
703376 	 8.0986
703377 	 3.5962
703378 	 2.5768
703379 	 3.1998
703380 	 2.9450
703381 	 5.6634
703382 	 18.7458
703383 	 4.6440
703384 	 2.7467
703385 	 2.0954
703386 	 1.8406
703387 	 2.5768
703388 	 5.7483
703389 	 2.1804
703390 	 2.8883
703391 	 3.0299
703392 	 16.8202
703393 	 11.6665
703394 	 3.1998
703395 	 2.3220
703396 	 2.8600
703397 	 4.1059
703398 	 2.9733
703399 	 2.1521
703400 	 1.9255
703401 	 1.7840
703402 	 1.6141
703403 	 2.1804
703404 	 1.5008
703405 	 1.3592
703406 	 1.4158
703407 	 1.5008
703408 	 2.5485
703409 	 1.5857
703410 	 1.5857
703411 	 1.5857
703412 	 1.5857
703413 	 14.8947
703414 	 14.8947
703415 	 14.8947
703416 	 14.8947
703417 	 14.8947
703418 	 3.5113
703419 	 3.5113
703420 	 1.4158
703421 	 1.4158
703422 	 1.4158
703423 	 1.4158
703424 	 1.4158
703425 	 1.2176
703426 	 1.1893
703427 	 1.1893
703428 	 1.3592
703429 	 1.6707
703430 	 5.9465
703431 	 13.3656
703432 	 3.3414
703433 	 2.2653
703434 	 3.6246
703435 	 2.8600
703436 	 3.2281
703437 	 3.3414
703438 	 9.3446
703439 	 2.5768
703440 	 1.9255
703441 	 1.6990
703442 	 2.0954
703443 	 1.6141
703444 	 1.9255
703445 	 1.7840
703446 	 1.8406
703447 	 4.7006
703448 	 1.9255
703449 	 1.5008
703450 	 1.3026
703451 	 1.2176
703452 	 1.1893
703453 	 1.1893
703454 	 1.1327
703455 	 1.5857
703456 	 1.4442
703457 	 1.5291
703458 	 1.1893
703459 	 6.6261
703460 	 1.7556
703461 	 1.5008
703462 	 1.7840
703463 	 1.3592
703464 	 1.3026
703465 	 1.3026
703466 	 1.1893
703467 	 1.1327
703468 	 1.1044
703469 	 1.0477
703470 	 1.0194
703471 	 1.0477
703472 	 1.0477
703473 	 1.0477
703474 	 1.3026
703475 	 1.2176
703476 	 1.2743
703477 	 1.0477
703478 	 1.1044
703479 	 1.3592
703480 	 1.1327
703481 	 1.0194
703482 	 0.9628
703483 	 0.9061
703484 	 0.9628
703485 	 0.9061
703486 	 1.3592
703487 	 1.0194
703488 	 1.0477
703489 	 1.0477
703490 	 1.0477
703491 	 1.1044
703492 	 76.7387
703493 	 32.8475
703494 	 32.8475
703495 	 17.4432
703496 	 12.0063
703497 	 17.1600
703498 	 26.4479
703499 	 14.2717
703500 	 3.8228
703501 	 3.6246
703502 	 3.3414
703503 	 2.9450
703504 	 2.8034
703505 	 5.5501
703506 	 6.7394
703507 	 2.8034
703508 	 2.0105
703509 	 4.4741
703510 	 6.5695
703511 	 2.3786
703512 	 1.7556
703513 	 1.5008
703514 	 1.3592
703515 	 1.2743
703516 	 2.3786
703517 	 1.4158
703518 	 1.3026
703519 	 1.3026
703520 	 1.2743
703521 	 1.2176
703522 	 1.7556
703523 	 5.6634
703524 	 3.2848
703525 	 2.0671
703526 	 2.4069
703527 	 5.8616
703528 	 3.4263
703529 	 2.8600
703530 	 3.7095
703531 	 3.1149
703532 	 2.8034
703533 	 2.1521
703534 	 4.5873
703535 	 2.2370
703536 	 1.6990
703537 	 1.5008
703538 	 1.3592
703539 	 1.2743
703540 	 1.1893
703541 	 1.1327
703542 	 1.5857
703543 	 13.2240
703544 	 2.7184
703545 	 1.7556
703546 	 1.6707
703547 	 3.9077
703548 	 1.6707
703549 	 1.4158
703550 	 1.3026
703551 	 1.7840
703552 	 7.9287
703553 	 4.0210
703554 	 2.0954
703555 	 1.6707
703556 	 1.5291
703557 	 2.0671
703558 	 1.3026
703559 	 1.2743
703560 	 1.1893
703561 	 1.1327
703562 	 1.1044
703563 	 1.1327
703564 	 3.5962
703565 	 4.5590
703566 	 4.3891
703567 	 2.4636
703568 	 1.7556
703569 	 1.5008
703570 	 3.2848
703571 	 2.9733
703572 	 3.5113
703573 	 1.8406
703574 	 1.5008
703575 	 1.3026
703576 	 1.9255
703577 	 2.2370
703578 	 1.3026
703579 	 1.1893
703580 	 1.1044
703581 	 1.0477
703582 	 1.0194
703583 	 0.9628
703584 	 0.9628
703585 	 0.9061
703586 	 0.9061
703587 	 0.9061
703588 	 0.8778
703589 	 0.8778
703590 	 0.8778
703591 	 4.2192
703592 	 3.9077
703593 	 2.1804
703594 	 2.5768
703595 	 10.3073
703596 	 14.8947
703597 	 9.1463
703598 	 3.6812
703599 	 6.3430
703600 	 3.1998
703601 	 2.3220
703602 	 5.9465
703603 	 2.4069
703604 	 1.7556
703605 	 1.5857
703606 	 3.0299
703607 	 2.0671
703608 	 2.3220
703609 	 1.9822
703610 	 2.2653
703611 	 8.7499
703612 	 4.2192
703613 	 16.4804
703614 	 4.9838
703615 	 7.0226
703616 	 7.6172
703617 	 8.1553
703618 	 5.3802
703619 	 3.1149
703620 	 2.3786
703621 	 2.1804
703622 	 2.0954
703623 	 1.8972
703624 	 1.5291
703625 	 1.4158
703626 	 1.3026
703627 	 1.1893
703628 	 1.2743
703629 	 5.5501
703630 	 1.8972
703631 	 1.6990
703632 	 2.4069
703633 	 3.8228
703634 	 1.6141
703635 	 1.3026
703636 	 1.4158
703637 	 1.6141
703638 	 1.2176
703639 	 1.1893
703640 	 1.1044
703641 	 1.1327
703642 	 1.1327
703643 	 1.0477
703644 	 0.9628
703645 	 0.9628
703646 	 0.9061
703647 	 0.9061
703648 	 2.1804
703649 	 12.1479
703650 	 4.4174
703651 	 6.7111
703652 	 3.2281
703653 	 2.4069
703654 	 2.4069
703655 	 2.4069
703656 	 1.5857
703657 	 1.8406
703658 	 9.3729
703659 	 2.3220
703660 	 1.6990
703661 	 1.4158
703662 	 1.3026
703663 	 1.1893
703664 	 1.1327
703665 	 1.0477
703666 	 0.9628
703667 	 0.9628
703668 	 0.9061
703669 	 0.9061
703670 	 0.9061
703671 	 1.0477
703672 	 1.0477
703673 	 1.8972
703674 	 1.8406
703675 	 0.9628
703676 	 1.1893
703677 	 1.7556
703678 	 1.0477
703679 	 1.0477
703680 	 0.9061
703681 	 0.8495
703682 	 0.8778
703683 	 1.0477
703684 	 1.3026
703685 	 0.9061
703686 	 0.8495
703687 	 0.7929
703688 	 0.7929
703689 	 0.7646
703690 	 0.7362
703691 	 0.7929
703692 	 0.8778
703693 	 0.7362
703694 	 0.7079
703695 	 0.7929
703696 	 1.4158
703697 	 1.6141
703698 	 3.9360
703699 	 5.0404
703700 	 2.0105
703701 	 2.8883
703702 	 1.3026
703703 	 1.1893
703704 	 1.3592
703705 	 1.8406
703706 	 1.5291
703707 	 1.1327
703708 	 0.8778
703709 	 0.8212
703710 	 0.8778
703711 	 2.0671
703712 	 1.4158
703713 	 1.0477
703714 	 0.9628
703715 	 0.8212
703716 	 0.8495
703717 	 0.7929
703718 	 0.7646
703719 	 0.7929
703720 	 0.7929
703721 	 0.7646
703722 	 0.7079
703723 	 0.6796
703724 	 0.7079
703725 	 0.8495
703726 	 0.8778
703727 	 0.7362
703728 	 0.6796
703729 	 0.6796
703730 	 0.6796
703731 	 0.8212
703732 	 0.8212
703733 	 1.0194
703734 	 0.8212
703735 	 0.8212
703736 	 0.8212
703737 	 0.9061
703738 	 0.8495
703739 	 0.9061
703740 	 0.8495
703741 	 1.3592
703742 	 0.9628
703743 	 0.9061
703744 	 0.9061
703745 	 1.0194
703746 	 3.8228
703747 	 1.8972
703748 	 1.1327
703749 	 0.9628
703750 	 1.0477
703751 	 3.0299
703752 	 5.2953
703753 	 2.9733
703754 	 1.6990
703755 	 2.9450
703756 	 27.1275
703757 	 6.5695
703758 	 3.2281
703759 	 2.0671
703760 	 1.6141
703761 	 1.4158
703762 	 1.2743
703763 	 1.1893
703764 	 1.3592
703765 	 1.5857
703766 	 2.6618
703767 	 3.1432
703768 	 2.2370
703769 	 1.6141
703770 	 1.5291
703771 	 1.4442
703772 	 1.7556
703773 	 1.4158
703774 	 1.2743
703775 	 1.1327
703776 	 1.7840
703777 	 2.0954
703778 	 1.4442
703779 	 1.2743
703780 	 1.7556
703781 	 1.8406
703782 	 4.7289
703783 	 3.1998
703784 	 2.2370
703785 	 1.5008
703786 	 1.2743
703787 	 3.1432
703788 	 2.2370
703789 	 1.6141
703790 	 1.2743
703791 	 1.1327
703792 	 1.1044
703793 	 0.9628
703794 	 1.0194
703795 	 0.9061
703796 	 0.8212
703797 	 0.8212
703798 	 0.8212
703799 	 0.7646
703800 	 6.5695
703801 	 0.8212
703802 	 0.8212
703803 	 0.8212
703804 	 0.8212
703805 	 0.8212
703806 	 0.8212
703807 	 0.8212
703808 	 0.8212
703809 	 0.8212
703810 	 0.8212
703811 	 0.7362
703812 	 0.7362
703813 	 0.7362
703814 	 0.7362
703815 	 0.7362
703816 	 0.8212
703817 	 0.8212
703818 	 1.9822
703819 	 0.9628
703820 	 1.5291
703821 	 2.8034
703822 	 4.3891
703823 	 2.2370
703824 	 1.7840
703825 	 2.0105
703826 	 2.8034
703827 	 8.8349
703828 	 3.6246
703829 	 2.2370
703830 	 2.1804
703831 	 1.7840
703832 	 1.8972
703833 	 1.5291
703834 	 1.3026
703835 	 1.2176
703836 	 1.2176
703837 	 1.2176
703838 	 1.2176
703839 	 1.2176
703840 	 1.1044
703841 	 1.1327
703842 	 1.0477
703843 	 0.9628
703844 	 0.9061
703845 	 0.8778
703846 	 0.8495
703847 	 0.8212
703848 	 0.8212
703849 	 0.8212
703850 	 0.8212
703851 	 0.8212
703852 	 1.2743
703853 	 0.8212
703854 	 0.8212
703855 	 0.8212
703856 	 0.8212
703857 	 9.9392
703858 	 2.1804
703859 	 1.6707
703860 	 1.4442
703861 	 1.4158
703862 	 1.2176
703863 	 6.3430
703864 	 2.5768
703865 	 1.4158
703866 	 1.4158
703867 	 1.4158
703868 	 1.2743
703869 	 6.6261
703870 	 11.5533
703871 	 2.8600
703872 	 1.7840
703873 	 1.5857
703874 	 1.2743
703875 	 1.4442
703876 	 1.6141
703877 	 1.1893
703878 	 1.9255
703879 	 1.6141
703880 	 3.8511
703881 	 2.1804
703882 	 1.4442
703883 	 1.2176
703884 	 4.7855
703885 	 21.4075
703886 	 3.0582
703887 	 2.0671
703888 	 1.6141
703889 	 1.2743
703890 	 1.1893
703891 	 1.1044
703892 	 1.0194
703893 	 0.9628
703894 	 0.9061
703895 	 0.9061
703896 	 0.9061
703897 	 0.9061
703898 	 1.0477
703899 	 0.9061
703900 	 0.8778
703901 	 1.6707
703902 	 17.6131
703903 	 39.6436
703904 	 11.1568
703905 	 49.5545
703906 	 36.2456
703907 	 29.4495
703908 	 16.4238
703909 	 12.5160
703910 	 4.6440
703911 	 8.6366
703912 	 22.4269
703913 	 19.7935
703914 	 5.9465
703915 	 3.1998
703916 	 6.4846
703917 	 5.9465
703918 	 3.1149
703919 	 2.4919
703920 	 2.0105
703921 	 1.7840
703922 	 1.6141
703923 	 1.5008
703924 	 1.4158
703925 	 1.3026
703926 	 1.5008
703927 	 4.5873
703928 	 1.6990
703929 	 2.2370
703930 	 1.5008
703931 	 1.3026
703932 	 1.2176
703933 	 1.1893
703934 	 1.3026
703935 	 1.1327
703936 	 1.1327
703937 	 1.1327
703938 	 1.2176
703939 	 3.2281
703940 	 5.5501
703941 	 1.7840
703942 	 1.4442
703943 	 1.8972
703944 	 1.9822
703945 	 1.4442
703946 	 1.3026
703947 	 1.2743
703948 	 1.2743
703949 	 1.3026
703950 	 1.2176
703951 	 1.1327
703952 	 1.1327
703953 	 1.1327
703954 	 1.1044
703955 	 1.1044
703956 	 1.1044
703957 	 1.1044
703958 	 1.1327
703959 	 1.0477
703960 	 1.0477
703961 	 1.0477
703962 	 1.0194
703963 	 1.0194
703964 	 0.9628
703965 	 0.9628
703966 	 1.2743
703967 	 1.3026
703968 	 1.7556
703969 	 4.9554
703970 	 13.2806
703971 	 25.1454
703972 	 51.2535
703973 	 6.0315
703974 	 4.7006
703975 	 4.3891
703976 	 2.6335
703977 	 2.6335
703978 	 2.1804
703979 	 4.0210
703980 	 3.5113
703981 	 6.1731
703982 	 8.4101
703983 	 14.4982
703984 	 17.4432
703985 	 3.5113
703986 	 2.4636
703987 	 1.9822
703988 	 1.8972
703989 	 1.6141
703990 	 1.5008
703991 	 1.4442
703992 	 1.3026
703993 	 1.3592
703994 	 1.3026
703995 	 1.5008
703996 	 4.3325
703997 	 2.0954
703998 	 2.2370
703999 	 1.5008
704000 	 1.4158
704001 	 1.3026
704002 	 1.2743
704003 	 1.2176
704004 	 2.1804
704005 	 5.1820
704006 	 3.1998
704007 	 1.9255
704008 	 2.5768
704009 	 4.8988
704010 	 10.0242
704011 	 12.7426
704012 	 12.1762
704013 	 14.4133
704014 	 5.8616
704015 	 31.4317
704016 	 15.0362
704017 	 4.5024
704018 	 3.0299
704019 	 3.5113
704020 	 2.3786
704021 	 2.0671
704022 	 1.8972
704023 	 2.1521
704024 	 2.0671
704025 	 2.0671
704026 	 2.0671
704027 	 1.8972
704028 	 1.6707
704029 	 2.0954
704030 	 1.6141
704031 	 1.4442
704032 	 1.4442
704033 	 1.4442
704034 	 2.6618
704035 	 3.6812
704036 	 4.2192
704037 	 4.2192
704038 	 3.8511
704039 	 7.5889
704040 	 3.0299
704041 	 2.0954
704042 	 1.9822
704043 	 1.7840
704044 	 1.6990
704045 	 1.6990
704046 	 1.5008
704047 	 1.4442
704048 	 1.4442
704049 	 1.5008
704050 	 1.3026
704051 	 1.2743
704052 	 1.3592
704053 	 1.4158
704054 	 1.8406
704055 	 2.9733
704056 	 4.6440
704057 	 3.9077
704058 	 1.8972
704059 	 1.7556
704060 	 1.5291
704061 	 1.4158
704062 	 1.3592
704063 	 1.2743
704064 	 1.2176
704065 	 1.4158
704066 	 2.5485
704067 	 1.5857
704068 	 2.8883
704069 	 6.0032
704070 	 2.1804
704071 	 1.6141
704072 	 1.4442
704073 	 1.3592
704074 	 1.2743
704075 	 1.2743
704076 	 1.5857
704077 	 2.3786
704078 	 2.2653
704079 	 1.6141
704080 	 5.4368
704081 	 4.2192
704082 	 2.2370
704083 	 2.5485
704084 	 2.0105
704085 	 2.4919
704086 	 1.9822
704087 	 2.1521
704088 	 3.0299
704089 	 4.9838
704090 	 4.2192
704091 	 4.5024
704092 	 5.2669
704093 	 3.7095
704094 	 2.8600
704095 	 3.4547
704096 	 11.0719
704097 	 14.4699
704098 	 7.3624
704099 	 3.8511
704100 	 3.5113
704101 	 2.4919
704102 	 1.9255
704103 	 2.0954
704104 	 1.6707
704105 	 1.6707
704106 	 3.5113
704107 	 4.4741
704108 	 4.3891
704109 	 2.1521
704110 	 1.7556
704111 	 1.6141
704112 	 1.4442
704113 	 1.4158
704114 	 1.9822
704115 	 2.5485
704116 	 1.6141
704117 	 1.8406
704118 	 2.2653
704119 	 1.6990
704120 	 1.4158
704121 	 1.3026
704122 	 1.3026
704123 	 1.2743
704124 	 1.4158
704125 	 3.9927
704126 	 8.5517
704127 	 10.4206
704128 	 4.9554
704129 	 3.3414
704130 	 2.1804
704131 	 1.7840
704132 	 7.4473
704133 	 2.2653
704134 	 1.7840
704135 	 1.5291
704136 	 4.0210
704137 	 7.8721
704138 	 15.4327
704139 	 3.5113
704140 	 2.5485
704141 	 3.0582
704142 	 2.2653
704143 	 2.9450
704144 	 4.1626
704145 	 3.7661
704146 	 2.6335
704147 	 2.2653
704148 	 2.6335
704149 	 1.8406
704150 	 1.6707
704151 	 2.7184
704152 	 1.9255
704153 	 1.8406
704154 	 1.6141
704155 	 1.6141
704156 	 1.8406
704157 	 1.6707
704158 	 2.0954
704159 	 3.6246
704160 	 4.2475
704161 	 2.8600
704162 	 1.8406
704163 	 1.6990
704164 	 1.6707
704165 	 1.5291
704166 	 1.4158
704167 	 1.4158
704168 	 3.9360
704169 	 1.6707
704170 	 1.5008
704171 	 1.6141
704172 	 2.8600
704173 	 11.8364
704174 	 3.2281
704175 	 2.2370
704176 	 1.6990
704177 	 2.0105
704178 	 2.2370
704179 	 2.0105
704180 	 2.1804
704181 	 1.6707
704182 	 1.5857
704183 	 1.6141
704184 	 2.3220
704185 	 1.8406
704186 	 1.8406
704187 	 5.0687
704188 	 5.8333
704189 	 2.1804
704190 	 1.9822
704191 	 1.8406
704192 	 2.1521
704193 	 6.2580
704194 	 2.9733
704195 	 2.1521
704196 	 2.0954
704197 	 1.8972
704198 	 1.6141
704199 	 1.5008
704200 	 1.4158
704201 	 1.3592
704202 	 1.3026
704203 	 1.3592
704204 	 1.3592
704205 	 1.3592
704206 	 1.3026
704207 	 1.2743
704208 	 1.2743
704209 	 1.2743
704210 	 1.5857
704211 	 1.9255
704212 	 1.7556
704213 	 1.3592
704214 	 1.3026
704215 	 1.4442
704216 	 5.9182
704217 	 3.3414
704218 	 1.7840
704219 	 1.5291
704220 	 1.4158
704221 	 1.3592
704222 	 1.3026
704223 	 1.3026
704224 	 1.3026
704225 	 6.8810
704226 	 4.4741
704227 	 2.1521
704228 	 1.9822
704229 	 4.9554
704230 	 9.3446
704231 	 3.0582
704232 	 2.0105
704233 	 1.8406
704234 	 1.6707
704235 	 3.8228
704236 	 34.8297
704237 	 24.1260
704238 	 3.6812
704239 	 2.4636
704240 	 2.4069
704241 	 2.2653
704242 	 2.0105
704243 	 1.9255
704244 	 2.1804
704245 	 1.8972
704246 	 1.6707
704247 	 1.5291
704248 	 1.5008
704249 	 1.4442
704250 	 12.1762
704251 	 4.3325
704252 	 2.4069
704253 	 1.8406
704254 	 1.6990
704255 	 1.8972
704256 	 1.7840
704257 	 1.5857
704258 	 2.4069
704259 	 2.8600
704260 	 1.8406
704261 	 1.6141
704262 	 1.5857
704263 	 1.5291
704264 	 1.8406
704265 	 4.8139
704266 	 3.2281
704267 	 2.0105
704268 	 2.0105
704269 	 2.7184
704270 	 1.9255
704271 	 1.9822
704272 	 1.9255
704273 	 1.6990
704274 	 1.6707
704275 	 1.5008
704276 	 1.5008
704277 	 3.3414
704278 	 1.5857
704279 	 1.5008
704280 	 1.4442
704281 	 1.4158
704282 	 1.4158
704283 	 1.4158
704284 	 1.6141
704285 	 1.4158
704286 	 1.7556
704287 	 2.2653
704288 	 1.5008
704289 	 1.4442
704290 	 1.9822
704291 	 3.8511
704292 	 5.5218
704293 	 2.8883
704294 	 1.8406
704295 	 1.5291
704296 	 1.5857
704297 	 1.7556
704298 	 1.4158
704299 	 1.3592
704300 	 1.2743
704301 	 1.1327
704302 	 1.1044
704303 	 1.1044
704304 	 1.1044
704305 	 1.0477
704306 	 1.0477
704307 	 1.0477
704308 	 1.0194
704309 	 0.9628
704310 	 1.4158
704311 	 1.4158
704312 	 1.3026
704313 	 1.1893
704314 	 1.1893
704315 	 1.1893
704316 	 1.1327
704317 	 1.1327
704318 	 1.1327
704319 	 1.3026
704320 	 1.5008
704321 	 1.1893
704322 	 1.1327
704323 	 1.1044
704324 	 1.3592
704325 	 1.1893
704326 	 1.5008
704327 	 1.2176
704328 	 1.2176
704329 	 1.5857
704330 	 1.2743
704331 	 1.1327
704332 	 1.5008
704333 	 1.5291
704334 	 2.5485
704335 	 2.2653
704336 	 1.4158
704337 	 1.6990
704338 	 1.2743
704339 	 1.1327
704340 	 5.5218
704341 	 4.3891
704342 	 1.8972
704343 	 2.0954
704344 	 1.3592
704345 	 1.1893
704346 	 1.1327
704347 	 1.6141
704348 	 1.9255
704349 	 1.5008
704350 	 1.1893
704351 	 1.1044
704352 	 1.1044
704353 	 1.1044
704354 	 1.0477
704355 	 1.0477
704356 	 1.0477
704357 	 1.0477
704358 	 1.1893
704359 	 1.1044
704360 	 1.1044
704361 	 1.0477
704362 	 1.0477
704363 	 1.0194
704364 	 1.0194
704365 	 1.0194
704366 	 1.0194
704367 	 1.0194
704368 	 1.3026
704369 	 1.8406
704370 	 1.1044
704371 	 4.8705
704372 	 1.7556
704373 	 1.1893
704374 	 1.1893
704375 	 1.6141
704376 	 1.8406
704377 	 1.3592
704378 	 1.1327
704379 	 1.1044
704380 	 1.0477
704381 	 1.0477
704382 	 1.0477
704383 	 1.0194
704384 	 1.0194
704385 	 1.1044
704386 	 1.0477
704387 	 1.0194
704388 	 7.3907
704389 	 14.0168
704390 	 1.8406
704391 	 1.2743
704392 	 1.1893
704393 	 1.1044
704394 	 1.0477
704395 	 1.0477
704396 	 1.0194
704397 	 0.9628
704398 	 0.9628
704399 	 0.9628
704400 	 0.9628
704401 	 0.9628
704402 	 0.9628
704403 	 0.9628
704404 	 0.9061
704405 	 0.9061
704406 	 1.3026
704407 	 1.3026
704408 	 1.4158
704409 	 3.2281
704410 	 1.9255
704411 	 2.9733
704412 	 1.5008
704413 	 2.6335
704414 	 1.5857
704415 	 1.3026
704416 	 1.2176
704417 	 1.1893
704418 	 1.1893
704419 	 1.1893
704420 	 1.1327
704421 	 1.1044
704422 	 1.0477
704423 	 1.1044
704424 	 1.0477
704425 	 1.0477
704426 	 1.0194
704427 	 1.0194
704428 	 1.0194
704429 	 0.9628
704430 	 0.9628
704431 	 0.9061
704432 	 0.9061
704433 	 0.9061
704434 	 0.9061
704435 	 0.8778
704436 	 0.8778
704437 	 0.8778
704438 	 0.8495
704439 	 0.8212
704440 	 0.8212
704441 	 0.8212
704442 	 0.8212
704443 	 0.8212
704444 	 0.8212
704445 	 0.7929
704446 	 1.6707
704447 	 1.7556
704448 	 0.8778
704449 	 0.8212
704450 	 0.7929
704451 	 0.7646
704452 	 1.2743
704453 	 1.4442
704454 	 1.0194
704455 	 1.4442
704456 	 2.6618
704457 	 1.8406
704458 	 2.0954
704459 	 1.1893
704460 	 1.1893
704461 	 1.2176
704462 	 0.9628
704463 	 0.8212
704464 	 0.7929
704465 	 0.9628
704466 	 0.8212
704467 	 0.7929
704468 	 1.0477
704469 	 0.9628
704470 	 1.0477
704471 	 1.5291
704472 	 2.4069
704473 	 6.9659
704474 	 2.4919
704475 	 1.6141
704476 	 1.2743
704477 	 1.1044
704478 	 0.9628
704479 	 0.9628
704480 	 2.1521
704481 	 4.5024
704482 	 6.8810
704483 	 3.1149
704484 	 1.7840
704485 	 1.5008
704486 	 1.2743
704487 	 1.2176
704488 	 1.1044
704489 	 1.0477
704490 	 2.4069
704491 	 1.4442
704492 	 3.5113
704493 	 8.4667
704494 	 29.4495
704495 	 10.7887
704496 	 2.7184
704497 	 2.7184
704498 	 1.8406
704499 	 1.6990
704500 	 3.0299
704501 	 2.9733
704502 	 2.8883
704503 	 2.8883
704504 	 2.1804
704505 	 3.0299
704506 	 2.3786
704507 	 26.8161
704508 	 4.4174
704509 	 2.8883
704510 	 6.2297
704511 	 5.6917
704512 	 12.6293
704513 	 6.4279
704514 	 3.3414
704515 	 6.4279
704516 	 2.7184
704517 	 6.6261
704518 	 3.3414
704519 	 2.1521
704520 	 1.8406
704521 	 1.6141
704522 	 1.5291
704523 	 2.0671
704524 	 3.2281
704525 	 12.0063
704526 	 9.2030
704527 	 4.8988
704528 	 3.1149
704529 	 11.4683
704530 	 9.5994
704531 	 3.0582
704532 	 4.3042
704533 	 3.7661
704534 	 5.1820
704535 	 2.7184
704536 	 2.3786
704537 	 2.8883
704538 	 2.8883
704539 	 4.3891
704540 	 4.5590
704541 	 2.8883
704542 	 2.0671
704543 	 1.7840
704544 	 3.1149
704545 	 2.3220
704546 	 6.0881
704547 	 4.7289
704548 	 2.8883
704549 	 2.4919
704550 	 2.0105
704551 	 1.8406
704552 	 1.8972
704553 	 1.7556
704554 	 1.5857
704555 	 2.2370
704556 	 2.0105
704557 	 1.5857
704558 	 1.6990
704559 	 5.3519
704560 	 2.2370
704561 	 2.2370
704562 	 2.0954
704563 	 2.2370
704564 	 1.6990
704565 	 1.5008
704566 	 1.4158
704567 	 1.5008
704568 	 1.5008
704569 	 1.8406
704570 	 1.7556
704571 	 3.9927
704572 	 2.2370
704573 	 4.8139
704574 	 4.2192
704575 	 2.4919
704576 	 3.1149
704577 	 8.3252
704578 	 4.3042
704579 	 2.2653
704580 	 2.0105
704581 	 1.6990
704582 	 1.5291
704583 	 1.4158
704584 	 1.6707
704585 	 10.4206
704586 	 19.0856
704587 	 4.9554
704588 	 2.7184
704589 	 2.4069
704590 	 2.0105
704591 	 2.4069
704592 	 3.6246
704593 	 2.8883
704594 	 2.2370
704595 	 7.3624
704596 	 2.7184
704597 	 2.0105
704598 	 2.2370
704599 	 3.7661
704600 	 3.3414
704601 	 2.1804
704602 	 1.8406
704603 	 1.5857
704604 	 1.5857
704605 	 2.0671
704606 	 1.5291
704607 	 1.4158
704608 	 1.4158
704609 	 1.8972
704610 	 1.4158
704611 	 1.3592
704612 	 1.2743
704613 	 1.4158
704614 	 1.4158
704615 	 1.8972
704616 	 14.0168
704617 	 5.6634
704618 	 9.4578
704619 	 3.5396
704620 	 2.2653
704621 	 2.0954
704622 	 2.1804
704623 	 2.4636
704624 	 2.4919
704625 	 4.8988
704626 	 5.6634
704627 	 14.2434
704628 	 26.8161
704629 	 7.6172
704630 	 5.4652
704631 	 5.1820
704632 	 10.0808
704633 	 8.4667
704634 	 11.0436
704635 	 5.4652
704636 	 5.1820
704637 	 3.3414
704638 	 2.6335
704639 	 3.5113
704640 	 2.8883
704641 	 2.1804
704642 	 1.8972
704643 	 3.7095
704644 	 3.3414
704645 	 5.7766
704646 	 2.7184
704647 	 2.0671
704648 	 1.8406
704649 	 1.6990
704650 	 1.5857
704651 	 1.5291
704652 	 1.5008
704653 	 1.4442
704654 	 1.9255
704655 	 1.8406
704656 	 1.5008
704657 	 2.1521
704658 	 3.3414
704659 	 1.8406
704660 	 1.5291
704661 	 1.4158
704662 	 1.8406
704663 	 12.7992
704664 	 11.3834
704665 	 3.5396
704666 	 2.2653
704667 	 2.0671
704668 	 3.0299
704669 	 2.4919
704670 	 2.8883
704671 	 3.1432
704672 	 12.5727
704673 	 21.5491
704674 	 3.3414
704675 	 12.2612
704676 	 12.4877
704677 	 17.8396
704678 	 4.8705
704679 	 4.3042
704680 	 9.8543
704681 	 14.5549
704682 	 9.2313
704683 	 4.8705
704684 	 15.9424
704685 	 14.7248
704686 	 6.5695
704687 	 42.1921
704688 	 9.5994
704689 	 4.8705
704690 	 3.3414
704691 	 2.7184
704692 	 6.8810
704693 	 2.8883
704694 	 2.7184
704695 	 2.7184
704696 	 2.8883
704697 	 2.1804
704698 	 1.9255
704699 	 4.5873
704700 	 6.3147
704701 	 2.4919
704702 	 7.8721
704703 	 7.8721
704704 	 7.8721
704705 	 4.8705
704706 	 3.7661
704707 	 3.3414
704708 	 2.4919
704709 	 3.1149
704710 	 2.3786
704711 	 2.0954
704712 	 2.2653
704713 	 2.0105
704714 	 1.8406
704715 	 1.6990
704716 	 1.6707
704717 	 1.6707
704718 	 1.6141
704719 	 2.5485
704720 	 2.0105
704721 	 1.6990
704722 	 1.5857
704723 	 1.5291
704724 	 1.5008
704725 	 1.4442
704726 	 1.4158
704727 	 1.4158
704728 	 1.4158
704729 	 1.4158
704730 	 1.3592
704731 	 1.3592
704732 	 2.1804
704733 	 3.1149
704734 	 11.4400
704735 	 15.2345
704736 	 6.0881
704737 	 3.7661
704738 	 3.7661
704739 	 4.3042
704740 	 5.2103
704741 	 3.1149
704742 	 2.7184
704743 	 2.8883
704744 	 3.3414
704745 	 5.5218
704746 	 5.7483
704747 	 8.8349
704748 	 3.5396
704749 	 3.5396
704750 	 2.7184
704751 	 2.2370
704752 	 4.3891
704753 	 2.2370
704754 	 1.9255
704755 	 1.8406
704756 	 1.6990
704757 	 5.9465
704758 	 10.8737
704759 	 6.4279
704760 	 4.8139
704761 	 10.1657
704762 	 3.1149
704763 	 11.6949
704764 	 4.7855
704765 	 3.3414
704766 	 13.1390
704767 	 13.1390
704768 	 3.7095
704769 	 3.7095
704770 	 3.7095
704771 	 5.2669
704772 	 5.2669
704773 	 5.2669
704774 	 5.2669
704775 	 3.0582
704776 	 3.0582
704777 	 3.0582
704778 	 3.0582
704779 	 3.0582
704780 	 4.3891
704781 	 4.3891
704782 	 2.1804
704783 	 2.1804
704784 	 2.1804
704785 	 2.1804
704786 	 3.2848
704787 	 3.2848
704788 	 3.2848
704789 	 3.2848
704790 	 3.2848
704791 	 3.2848
704792 	 8.3252
704793 	 8.3252
704794 	 3.2848
704795 	 3.2848
704796 	 3.2848
704797 	 2.8600
704798 	 2.8600
704799 	 2.8600
704800 	 2.8600
704801 	 2.8600
704802 	 1.9255
704803 	 1.5857
704804 	 1.5857
704805 	 1.5857
704806 	 1.5857
704807 	 1.2176
704808 	 1.2176
704809 	 1.2176
704810 	 1.2176
704811 	 1.2176
704812 	 1.2176
704813 	 1.2176
704814 	 1.2176
704815 	 1.2176
704816 	 1.0477
704817 	 1.0477
704818 	 1.0477
704819 	 1.0477
704820 	 1.0477
704821 	 1.0477
704822 	 1.0477
704823 	 1.0477
704824 	 1.1327
704825 	 1.1327
704826 	 1.1327
704827 	 1.2176
704828 	 1.2176
704829 	 1.2176
704830 	 2.0105
704831 	 2.0105
704832 	 2.0105
704833 	 1.6707
704834 	 1.6707
704835 	 1.6707
704836 	 1.6707
704837 	 2.0954
704838 	 2.0954
704839 	 4.8139
704840 	 4.8139
704841 	 2.4069
704842 	 2.4069
704843 	 2.4069
704844 	 2.4069
704845 	 4.8139
704846 	 4.8139
704847 	 4.8139
704848 	 2.0954
704849 	 2.0954
704850 	 2.0954
704851 	 1.8406
704852 	 1.8406
704853 	 1.8406
704854 	 1.8406
704855 	 1.8406
704856 	 2.1804
704857 	 2.1804
704858 	 1.7556
704859 	 1.6707
704860 	 1.6707
704861 	 1.5291
704862 	 2.4069
704863 	 2.0105
704864 	 1.6141
704865 	 2.8034
704866 	 2.8034
704867 	 2.1521
704868 	 5.2953
704869 	 2.4919
704870 	 2.4636
704871 	 2.0954
704872 	 2.2370
704873 	 2.0954
704874 	 1.6990
704875 	 2.0954
704876 	 2.0105
704877 	 3.1998
704878 	 2.7184
704879 	 1.8406
704880 	 1.6990
704881 	 1.8406
704882 	 1.6707
704883 	 1.5857
704884 	 2.0105
704885 	 1.9255
704886 	 1.5291
704887 	 1.7556
704888 	 1.6707
704889 	 1.5008
704890 	 1.5008
704891 	 1.6990
704892 	 1.5857
704893 	 1.4158
704894 	 1.3592
704895 	 1.3026
704896 	 1.9255
704897 	 6.4279
704898 	 6.3147
704899 	 2.8883
704900 	 2.4636
704901 	 2.2653
704902 	 1.8972
704903 	 1.6707
704904 	 1.5291
704905 	 1.5008
704906 	 1.5008
704907 	 1.5008
704908 	 1.4442
704909 	 1.6990
704910 	 1.4158
704911 	 1.3026
704912 	 1.2743
704913 	 1.4158
704914 	 1.2743
704915 	 1.2176
704916 	 1.1893
704917 	 1.1893
704918 	 1.1327
704919 	 1.1327
704920 	 1.1327
704921 	 1.1893
704922 	 1.1893
704923 	 1.1044
704924 	 1.1044
704925 	 1.1044
704926 	 1.1044
704927 	 1.1893
704928 	 1.1327
704929 	 1.1044
704930 	 1.1044
704931 	 1.1044
704932 	 1.1044
704933 	 1.1044
704934 	 1.1893
704935 	 1.7556
704936 	 2.2653
704937 	 2.3220
704938 	 2.4069
704939 	 2.3220
704940 	 2.1804
704941 	 2.8034
704942 	 1.9255
704943 	 1.5008
704944 	 1.8972
704945 	 1.6990
704946 	 1.8406
704947 	 1.5291
704948 	 1.5291
704949 	 1.4442
704950 	 1.6707
704951 	 1.4442
704952 	 1.2743
704953 	 1.1893
704954 	 1.1327
704955 	 1.1044
704956 	 1.1044
704957 	 1.0477
704958 	 1.0477
704959 	 1.0477
704960 	 1.0477
704961 	 1.0194
704962 	 1.0477
704963 	 1.0194
704964 	 1.0194
704965 	 1.1044
704966 	 1.9255
704967 	 13.9602
704968 	 3.2281
704969 	 1.8406
704970 	 1.5008
704971 	 1.3026
704972 	 13.5921
704973 	 12.1762
704974 	 2.8883
704975 	 3.9360
704976 	 3.1149
704977 	 4.3325
704978 	 2.4636
704979 	 2.4919
704980 	 2.3786
704981 	 2.0954
704982 	 1.7556
704983 	 1.5008
704984 	 1.4158
704985 	 1.3026
704986 	 1.3026
704987 	 1.2176
704988 	 1.1893
704989 	 1.1893
704990 	 1.1044
704991 	 1.1044
704992 	 1.3592
704993 	 12.6576
704994 	 13.1390
704995 	 13.1390
704996 	 2.6335
704997 	 2.6335
704998 	 2.6335
704999 	 2.6335
705000 	 1.9255
705001 	 1.9255
705002 	 1.9255
705003 	 1.9255
705004 	 1.6990
705005 	 2.2370
705006 	 3.0299
705007 	 3.3414
705008 	 4.8705
705009 	 9.6277
705010 	 9.6277
705011 	 15.7725
705012 	 15.7725
705013 	 15.7725
705014 	 3.0582
705015 	 3.0582
705016 	 3.0582
705017 	 1.5008
705018 	 1.5008
705019 	 1.5008
705020 	 1.5008
705021 	 1.4158
705022 	 1.4158
705023 	 1.4158
705024 	 1.4158
705025 	 1.4158
705026 	 6.1448
705027 	 6.1448
705028 	 4.0210
705029 	 3.6246
705030 	 5.1820
705031 	 4.8705
705032 	 5.8333
705033 	 5.6634
705034 	 4.8705
705035 	 4.5024
705036 	 5.1253
705037 	 8.8915
705038 	 4.0210
705039 	 3.3414
705040 	 3.1149
705041 	 5.8616
705042 	 4.4174
705043 	 2.7184
705044 	 2.2653
705045 	 2.3786
705046 	 1.8406
705047 	 1.6990
705048 	 1.5857
705049 	 1.6707
705050 	 2.3786
705051 	 3.8511
705052 	 2.0671
705053 	 2.7184
705054 	 2.1521
705055 	 1.8406
705056 	 1.6707
705057 	 1.6707
705058 	 1.5008
705059 	 1.5857
705060 	 2.2370
705061 	 5.1253
705062 	 3.2281
705063 	 2.7184
705064 	 2.3786
705065 	 1.8406
705066 	 1.6141
705067 	 5.7483
705068 	 4.8988
705069 	 1.8406
705070 	 1.6990
705071 	 2.1521
705072 	 6.3430
705073 	 5.2669
705074 	 18.4060
705075 	 18.4060
705076 	 18.4060
705077 	 18.4060
705078 	 2.7184
705079 	 2.2653
705080 	 1.8406
705081 	 1.6707
705082 	 1.5291
705083 	 1.4158
705084 	 1.3026
705085 	 1.2743
705086 	 1.4158
705087 	 2.0954
705088 	 1.7556
705089 	 1.3592
705090 	 1.4158
705091 	 3.3414
705092 	 3.8228
705093 	 2.1804
705094 	 2.7467
705095 	 2.0105
705096 	 1.6990
705097 	 4.5590
705098 	 3.7661
705099 	 2.7184
705100 	 2.0105
705101 	 1.7556
705102 	 9.8543
705103 	 3.6812
705104 	 2.2370
705105 	 1.7840
705106 	 1.6141
705107 	 1.5008
705108 	 1.4158
705109 	 1.5008
705110 	 1.4158
705111 	 1.2176
705112 	 1.1893
705113 	 1.1044
705114 	 1.0477
705115 	 1.1044
705116 	 1.1893
705117 	 1.7840
705118 	 1.1044
705119 	 0.9628
705120 	 0.9628
705121 	 1.2743
705122 	 1.2176
705123 	 1.1893
705124 	 1.0477
705125 	 0.9061
705126 	 0.9061
705127 	 1.5291
705128 	 1.3592
705129 	 1.4158
705130 	 1.1893
705131 	 1.1327
705132 	 0.9628
705133 	 1.1327
705134 	 1.3592
705135 	 1.0477
705136 	 0.9061
705137 	 0.9061
705138 	 0.8212
705139 	 0.8212
705140 	 1.6707
705141 	 1.6707
705142 	 1.4442
705143 	 1.5857
705144 	 1.1327
705145 	 30.2990
705146 	 4.3042
705147 	 3.1149
705148 	 2.1521
705149 	 2.4636
705150 	 2.8883
705151 	 1.9822
705152 	 1.5857
705153 	 1.4442
705154 	 1.3592
705155 	 1.2176
705156 	 1.1893
705157 	 1.1327
705158 	 1.1327
705159 	 1.5291
705160 	 4.3891
705161 	 1.5857
705162 	 1.5857
705163 	 2.2370
705164 	 2.6335
705165 	 2.0954
705166 	 2.3220
705167 	 2.2653
705168 	 5.6917
705169 	 2.7184
705170 	 1.9822
705171 	 1.5857
705172 	 1.5291
705173 	 1.5008
705174 	 1.3592
705175 	 1.2743
705176 	 1.2743
705177 	 1.4442
705178 	 1.4158
705179 	 1.1893
705180 	 1.1044
705181 	 1.0477
705182 	 1.2743
705183 	 1.8406
705184 	 2.2653
705185 	 1.5291
705186 	 1.6990
705187 	 2.1804
705188 	 3.8228
705189 	 2.6335
705190 	 2.3786
705191 	 3.3414
705192 	 4.0210
705193 	 5.7766
705194 	 3.1149
705195 	 4.8988
705196 	 3.3414
705197 	 2.7184
705198 	 1.9822
705199 	 2.2653
705200 	 1.9255
705201 	 2.7184
705202 	 1.8406
705203 	 1.7556
705204 	 1.5291
705205 	 2.0671
705206 	 1.6990
705207 	 2.0105
705208 	 3.4547
705209 	 2.3786
705210 	 1.8406
705211 	 1.8406
705212 	 1.6707
705213 	 2.2370
705214 	 2.2370
705215 	 1.8972
705216 	 2.3220
705217 	 3.1149
705218 	 2.8883
705219 	 2.0105
705220 	 2.4069
705221 	 4.0776
705222 	 2.2653
705223 	 2.3786
705224 	 2.0105
705225 	 2.8034
705226 	 2.0954
705227 	 2.2653
705228 	 2.6335
705229 	 1.6990
705230 	 1.5008
705231 	 1.5857
705232 	 1.7840
705233 	 1.5291
705234 	 1.3026
705235 	 1.1893
705236 	 1.1327
705237 	 1.1044
705238 	 1.1893
705239 	 1.1893
705240 	 1.1044
705241 	 1.1893
705242 	 1.0477
705243 	 1.0194
705244 	 0.9628
705245 	 0.9628
705246 	 0.9061
705247 	 0.9628
705248 	 0.9628
705249 	 1.0194
705250 	 1.2743
705251 	 1.3026
705252 	 1.4158
705253 	 1.2176
705254 	 1.1893
705255 	 1.5857
705256 	 1.2176
705257 	 1.5291
705258 	 1.8406
705259 	 2.3786
705260 	 1.4442
705261 	 1.5291
705262 	 1.3592
705263 	 1.6707
705264 	 1.6990
705265 	 1.6707
705266 	 2.0671
705267 	 1.8406
705268 	 1.5008
705269 	 1.8972
705270 	 1.6141
705271 	 2.6618
705272 	 1.9255
705273 	 1.5008
705274 	 1.5291
705275 	 1.7556
705276 	 1.5008
705277 	 1.4442
705278 	 1.3592
705279 	 1.2743
705280 	 1.2176
705281 	 1.5008
705282 	 1.2743
705283 	 1.3026
