728568 	 0.1642
728569 	 0.2265
728570 	 0.3964
728571 	 0.2492
728572 	 0.1642
728573 	 0.1501
728574 	 0.1841
728575 	 0.1529
728576 	 0.1472
728577 	 0.1416
728578 	 0.1472
728579 	 0.1557
728580 	 0.2379
728581 	 0.1699
728582 	 0.1529
728583 	 0.2549
728584 	 0.4531
728585 	 0.9911
728586 	 0.6230
728587 	 0.3398
728588 	 0.2435
728589 	 0.2209
728590 	 0.2039
728591 	 0.1784
728592 	 0.1642
728593 	 0.1586
728594 	 0.1529
728595 	 0.1416
728596 	 0.1586
728597 	 0.1529
728598 	 0.1388
728599 	 0.1359
728600 	 0.1331
728601 	 0.1416
728602 	 0.1501
728603 	 0.1472
728604 	 0.1699
728605 	 0.2492
728606 	 0.1982
728607 	 0.1416
728608 	 0.1642
728609 	 0.1472
728610 	 0.1699
728611 	 0.1954
728612 	 0.1869
728613 	 0.2209
728614 	 0.2549
728615 	 0.9911
728616 	 0.4248
728617 	 0.2775
728618 	 0.2180
728619 	 0.1954
728620 	 0.1869
728621 	 0.1869
728622 	 0.1756
728623 	 0.1699
728624 	 0.1869
728625 	 0.1756
728626 	 0.1699
728627 	 0.1699
728628 	 0.1699
728629 	 0.1954
728630 	 0.1756
728631 	 0.1642
728632 	 0.1586
728633 	 0.1727
728634 	 0.1671
728635 	 0.2520
728636 	 0.2549
728637 	 0.2067
728638 	 0.2407
728639 	 0.2690
728640 	 0.2152
728641 	 0.1926
728642 	 0.2039
728643 	 0.2067
728644 	 0.1869
728645 	 0.2124
728646 	 0.2010
728647 	 0.1727
728648 	 0.1614
728649 	 0.1557
728650 	 0.1472
728651 	 0.3398
728652 	 0.3115
728653 	 0.2379
728654 	 0.2407
728655 	 0.2209
728656 	 0.2039
728657 	 0.2322
728658 	 0.2237
728659 	 0.2010
728660 	 0.1954
728661 	 0.1954
728662 	 0.1897
728663 	 0.1841
728664 	 0.2039
728665 	 0.1897
728666 	 0.1756
728667 	 0.1699
728668 	 0.1671
728669 	 0.1614
728670 	 0.1586
728671 	 0.2832
728672 	 0.1982
728673 	 0.2095
728674 	 0.2407
728675 	 0.2039
728676 	 0.1869
728677 	 0.1756
728678 	 0.1642
728679 	 0.1586
728680 	 0.1557
728681 	 0.1472
728682 	 0.1416
728683 	 0.1359
728684 	 0.1331
728685 	 0.1303
728686 	 0.1246
728687 	 0.1246
728688 	 0.1274
728689 	 0.1331
728690 	 0.1331
728691 	 0.1331
728692 	 0.1303
728693 	 0.1303
728694 	 0.1812
728695 	 0.1501
728696 	 0.1472
728697 	 0.1331
728698 	 0.1331
728699 	 0.1416
728700 	 0.3115
728701 	 0.1869
728702 	 0.1699
728703 	 0.1784
728704 	 0.2209
728705 	 0.1727
728706 	 0.1614
728707 	 0.3398
728708 	 0.2322
728709 	 0.1982
728710 	 0.1812
728711 	 0.1869
728712 	 0.1841
728713 	 0.1727
728714 	 0.1642
728715 	 0.1586
728716 	 0.1529
728717 	 0.1501
728718 	 0.1671
728719 	 0.1614
728720 	 0.2067
728721 	 0.2492
728722 	 0.1954
728723 	 0.1784
728724 	 0.1727
728725 	 0.1614
728726 	 0.1557
728727 	 0.1557
728728 	 0.1501
728729 	 0.1444
728730 	 0.1529
728731 	 0.1501
728732 	 0.1416
728733 	 0.1388
728734 	 0.1359
728735 	 0.1331
728736 	 0.1331
728737 	 0.1331
728738 	 0.1388
728739 	 0.1416
728740 	 0.1472
728741 	 0.1416
728742 	 0.1388
728743 	 0.1416
728744 	 0.1472
728745 	 0.1841
728746 	 0.2180
728747 	 0.1727
728748 	 0.1671
728749 	 0.1529
728750 	 0.1416
728751 	 0.2095
728752 	 0.8778
728753 	 0.5947
728754 	 0.7646
728755 	 0.3681
728756 	 0.3681
728757 	 0.2379
728758 	 0.3398
728759 	 0.3115
728760 	 0.2180
728761 	 0.1954
728762 	 0.1671
728763 	 0.1671
728764 	 0.2152
728765 	 0.2265
728766 	 0.1784
728767 	 0.2322
728768 	 0.2832
728769 	 0.2010
728770 	 0.2265
728771 	 0.9628
728772 	 0.6230
728773 	 0.3964
728774 	 0.2832
728775 	 0.2520
728776 	 0.2832
728777 	 0.3115
728778 	 0.2379
728779 	 0.2095
728780 	 0.1784
728781 	 0.1614
728782 	 0.1586
728783 	 0.1472
728784 	 0.3115
728785 	 0.8212
728786 	 0.3681
728787 	 0.3115
728788 	 0.2633
728789 	 0.2435
728790 	 0.2520
728791 	 0.2520
728792 	 0.2237
728793 	 0.2124
728794 	 0.2180
728795 	 0.2124
728796 	 0.2010
728797 	 0.1897
728798 	 0.1784
728799 	 0.1784
728800 	 0.1784
728801 	 0.1727
728802 	 0.1614
728803 	 0.1529
728804 	 0.1529
728805 	 0.1416
728806 	 0.1331
728807 	 0.1303
728808 	 0.1388
728809 	 0.1586
728810 	 0.1897
728811 	 0.2379
728812 	 0.1614
728813 	 0.1784
728814 	 0.1671
728815 	 0.1472
728816 	 0.1472
728817 	 0.2265
728818 	 0.2180
728819 	 0.1897
728820 	 0.1529
728821 	 0.1416
728822 	 0.1388
728823 	 0.1416
728824 	 0.1614
728825 	 0.1897
728826 	 0.1529
728827 	 0.1529
728828 	 0.1303
728829 	 0.1303
728830 	 0.1303
728831 	 0.1189
728832 	 0.1161
728833 	 0.1104
728834 	 0.1104
728835 	 0.1076
728836 	 0.1161
728837 	 0.1104
728838 	 0.1104
728839 	 0.1104
728840 	 0.1076
728841 	 0.1048
728842 	 0.1048
728843 	 0.1274
728844 	 0.2492
728845 	 0.2633
728846 	 0.1784
728847 	 0.1614
728848 	 0.1529
728849 	 0.1472
728850 	 0.2379
728851 	 0.2322
728852 	 0.2124
728853 	 0.1784
728854 	 0.1727
728855 	 0.1897
728856 	 0.1671
728857 	 0.1303
728858 	 0.1133
728859 	 0.1246
728860 	 0.2010
728861 	 0.3115
728862 	 0.2010
728863 	 0.2718
728864 	 0.5380
728865 	 0.6230
728866 	 0.9061
728867 	 0.3681
728868 	 0.2775
728869 	 0.2492
728870 	 0.2294
728871 	 0.2435
728872 	 0.2350
728873 	 0.2152
728874 	 0.1954
728875 	 0.1869
728876 	 0.1699
728877 	 0.1614
728878 	 0.1614
728879 	 0.1472
728880 	 0.3115
728881 	 0.2124
728882 	 0.2124
728883 	 0.1841
728884 	 0.1614
728885 	 0.2832
728886 	 0.2520
728887 	 0.2010
728888 	 0.5663
728889 	 0.4814
728890 	 0.3115
728891 	 0.2690
728892 	 0.2379
728893 	 0.2265
728894 	 0.9628
728895 	 0.5380
728896 	 0.3115
728897 	 0.2633
728898 	 0.2265
728899 	 0.2322
728900 	 0.2520
728901 	 0.2379
728902 	 0.2265
728903 	 0.2180
728904 	 0.2265
728905 	 0.2067
728906 	 0.1897
728907 	 0.1954
728908 	 0.1784
728909 	 0.1671
728910 	 0.1529
728911 	 0.1529
728912 	 0.1416
728913 	 0.1388
728914 	 0.1388
728915 	 0.1303
728916 	 0.1303
728917 	 0.1727
728918 	 0.5097
728919 	 0.2435
728920 	 0.1897
728921 	 0.1954
728922 	 0.1727
728923 	 0.1614
728924 	 0.1472
728925 	 0.1529
728926 	 0.1529
728927 	 0.1529
728928 	 0.1671
728929 	 0.2010
728930 	 0.2124
728931 	 0.3115
728932 	 1.0760
728933 	 0.4814
728934 	 0.3115
728935 	 0.2520
728936 	 0.2633
728937 	 0.2520
728938 	 0.2577
728939 	 0.3398
728940 	 0.4814
728941 	 0.4248
728942 	 0.3115
728943 	 0.2577
728944 	 0.2180
728945 	 0.2010
728946 	 0.1841
728947 	 0.1784
728948 	 0.1614
728949 	 0.1472
728950 	 0.1586
728951 	 0.1586
728952 	 0.1472
728953 	 0.1642
728954 	 0.1444
728955 	 0.1444
728956 	 0.1359
728957 	 0.1586
728958 	 0.3398
728959 	 0.2180
728960 	 0.4531
728961 	 0.4814
728962 	 0.5097
728963 	 0.5097
728964 	 0.3398
728965 	 0.2803
728966 	 2.6618
728967 	 0.7362
728968 	 0.3681
728969 	 0.2633
728970 	 0.2237
728971 	 0.2095
728972 	 0.7929
728973 	 0.3964
728974 	 0.2407
728975 	 0.2067
728976 	 0.5380
728977 	 0.2492
728978 	 0.2095
728979 	 0.1897
728980 	 0.1812
728981 	 0.1784
728982 	 0.2095
728983 	 0.2180
728984 	 0.1812
728985 	 0.1727
728986 	 0.1897
728987 	 0.1699
728988 	 0.1954
728989 	 0.2379
728990 	 0.2039
728991 	 0.1784
728992 	 0.1727
728993 	 0.2294
728994 	 0.2265
728995 	 0.1926
728996 	 0.1756
728997 	 0.2322
728998 	 0.2095
728999 	 0.1812
729000 	 0.1671
729001 	 0.1614
729002 	 0.1472
729003 	 0.1444
729004 	 0.1388
729005 	 0.4248
729006 	 0.5663
729007 	 0.4531
729008 	 0.2662
729009 	 0.2209
729010 	 0.2095
729011 	 0.1869
729012 	 0.1727
729013 	 0.1642
729014 	 0.1586
729015 	 0.1557
729016 	 0.1472
729017 	 0.3115
729018 	 1.3309
729019 	 0.3964
729020 	 0.2124
729021 	 0.1614
729022 	 0.1416
729023 	 1.7840
729024 	 1.3592
729025 	 0.2435
729026 	 0.1869
729027 	 0.1614
729028 	 0.1501
729029 	 0.2095
729030 	 0.1557
729031 	 0.1444
729032 	 0.1416
729033 	 0.9061
729034 	 0.3964
729035 	 0.2152
729036 	 0.1642
729037 	 0.1472
729038 	 0.1388
729039 	 0.1303
729040 	 0.1274
729041 	 0.1472
729042 	 0.3681
729043 	 0.2294
729044 	 0.2209
729045 	 0.1699
729046 	 0.1501
729047 	 0.1586
729048 	 0.2492
729049 	 1.1044
729050 	 0.3115
729051 	 0.2039
729052 	 0.2209
729053 	 0.1529
729054 	 0.1926
729055 	 0.1614
729056 	 0.1388
729057 	 0.2605
729058 	 0.1699
729059 	 0.1331
729060 	 0.1218
729061 	 0.1274
729062 	 0.3398
729063 	 0.2832
729064 	 0.2350
729065 	 1.4442
729066 	 0.2803
729067 	 0.2124
729068 	 0.1869
729069 	 0.2690
729070 	 0.2379
729071 	 0.1897
729072 	 0.1727
729073 	 0.1642
729074 	 0.1614
729075 	 0.1586
729076 	 0.1642
729077 	 0.1897
729078 	 0.1756
729079 	 0.1699
729080 	 0.2605
729081 	 0.3115
729082 	 2.0671
729083 	 0.9628
729084 	 0.2832
729085 	 0.2265
729086 	 0.4248
729087 	 0.6513
729088 	 0.4531
729089 	 0.2832
729090 	 0.2294
729091 	 0.1954
729092 	 0.1812
729093 	 0.1727
729094 	 0.1671
729095 	 0.1642
729096 	 0.1614
729097 	 0.1671
729098 	 0.1614
729099 	 0.1529
729100 	 0.1501
729101 	 0.1501
729102 	 0.1557
729103 	 0.1472
729104 	 0.1501
729105 	 0.1756
729106 	 0.1586
729107 	 0.1671
729108 	 0.1642
729109 	 0.1642
729110 	 0.1699
729111 	 0.1671
729112 	 0.2549
729113 	 0.4248
729114 	 0.4531
729115 	 0.2067
729116 	 0.1727
729117 	 0.1586
729118 	 0.1529
729119 	 0.1472
729120 	 0.1444
729121 	 0.1416
729122 	 0.1388
729123 	 0.1359
729124 	 0.1359
729125 	 0.1388
729126 	 0.1812
729127 	 0.1557
729128 	 0.1501
729129 	 0.1501
729130 	 0.1472
729131 	 0.1529
729132 	 0.1586
729133 	 0.2690
729134 	 1.3309
729135 	 0.3115
729136 	 0.1926
729137 	 0.1642
729138 	 0.1529
729139 	 0.1472
729140 	 0.1444
729141 	 0.1388
729142 	 0.1756
729143 	 0.1388
729144 	 1.7273
729145 	 0.6796
729146 	 0.2379
729147 	 0.1784
729148 	 0.1642
729149 	 0.2265
729150 	 0.1614
729151 	 0.1501
729152 	 0.9911
729153 	 2.7751
729154 	 0.4531
729155 	 0.2350
729156 	 0.1841
729157 	 0.1671
729158 	 0.1557
729159 	 0.1501
729160 	 0.1472
729161 	 0.1586
729162 	 0.1444
729163 	 0.1388
729164 	 0.1388
729165 	 0.1388
729166 	 0.1388
729167 	 0.1331
729168 	 0.1331
729169 	 0.1416
729170 	 0.1359
729171 	 0.1359
729172 	 0.1331
729173 	 0.2124
729174 	 0.1557
729175 	 0.1416
729176 	 0.1359
729177 	 0.1331
729178 	 0.1274
729179 	 0.1274
729180 	 0.1246
729181 	 0.1246
729182 	 0.1274
729183 	 0.1444
729184 	 1.4442
729185 	 0.5380
729186 	 0.2407
729187 	 0.1784
729188 	 0.1671
729189 	 0.9911
729190 	 0.3398
729191 	 0.1954
729192 	 0.1727
729193 	 0.1614
729194 	 0.1982
729195 	 0.1926
729196 	 0.2379
729197 	 0.2832
729198 	 0.1954
729199 	 0.1982
729200 	 0.3398
729201 	 0.2690
729202 	 0.1897
729203 	 0.1756
729204 	 0.1841
729205 	 0.7362
729206 	 1.8406
729207 	 0.4248
729208 	 0.3398
729209 	 0.2832
729210 	 0.3115
729211 	 0.3115
729212 	 0.2520
729213 	 0.3398
729214 	 0.2803
729215 	 0.2464
729216 	 0.2294
729217 	 0.2209
729218 	 0.2152
729219 	 0.2067
729220 	 0.2067
729221 	 0.2095
729222 	 0.2350
729223 	 0.2124
729224 	 0.2832
729225 	 0.3115
729226 	 0.2350
729227 	 0.2067
729228 	 0.2095
729229 	 0.2010
729230 	 0.1926
729231 	 0.1756
729232 	 0.1869
729233 	 0.2350
729234 	 0.2039
729235 	 0.1727
729236 	 0.1642
729237 	 0.1671
729238 	 0.1642
729239 	 0.1586
729240 	 0.1557
729241 	 0.1671
729242 	 0.1586
729243 	 0.1586
729244 	 0.1557
729245 	 0.1501
729246 	 0.1472
729247 	 0.1756
729248 	 0.2803
729249 	 0.3115
729250 	 0.1982
729251 	 0.1756
729252 	 0.1671
729253 	 0.1642
729254 	 0.1586
729255 	 0.1557
729256 	 0.1557
729257 	 0.1557
729258 	 0.1557
729259 	 0.1557
729260 	 0.1557
729261 	 0.1557
729262 	 0.1557
729263 	 0.1557
729264 	 0.1557
729265 	 0.1586
729266 	 0.1586
729267 	 0.1557
729268 	 0.1586
729269 	 0.1614
729270 	 0.1642
729271 	 0.1671
729272 	 0.1727
729273 	 0.1699
729274 	 0.2832
729275 	 1.9822
729276 	 0.6230
729277 	 0.3115
729278 	 0.2265
729279 	 0.2152
729280 	 0.2237
729281 	 0.2294
729282 	 0.1926
729283 	 0.1812
729284 	 0.2010
729285 	 0.1869
729286 	 0.1812
729287 	 0.1727
729288 	 0.1727
729289 	 0.1699
729290 	 0.1671
729291 	 0.1671
729292 	 0.1671
729293 	 0.1642
729294 	 0.1642
729295 	 0.1642
729296 	 0.1614
729297 	 0.1614
729298 	 0.2095
729299 	 0.1897
729300 	 0.1699
729301 	 0.1642
729302 	 0.1557
729303 	 0.1472
729304 	 0.1416
729305 	 0.1359
729306 	 0.1331
729307 	 0.1331
729308 	 0.1557
729309 	 0.2039
729310 	 0.5947
729311 	 0.2379
729312 	 0.1897
729313 	 0.1869
729314 	 0.2605
729315 	 0.1897
729316 	 0.1642
729317 	 0.1642
729318 	 0.1812
729319 	 0.1699
729320 	 0.1671
729321 	 0.1642
729322 	 0.1614
729323 	 0.1586
729324 	 0.1557
729325 	 0.1614
729326 	 0.1897
729327 	 0.1642
729328 	 0.1614
729329 	 0.1614
729330 	 0.1614
729331 	 0.1586
729332 	 0.1557
729333 	 0.1557
729334 	 0.1699
729335 	 0.1699
729336 	 0.5380
729337 	 1.2176
729338 	 0.3964
729339 	 0.2435
729340 	 0.2010
729341 	 0.5663
729342 	 0.4248
729343 	 0.2690
729344 	 0.2152
729345 	 0.6230
729346 	 0.6796
729347 	 0.2803
729348 	 0.2322
729349 	 0.1954
729350 	 0.1812
729351 	 0.1727
729352 	 0.1841
729353 	 0.1812
729354 	 0.1671
729355 	 0.1614
729356 	 0.1586
729357 	 0.1812
729358 	 0.1671
729359 	 0.1614
729360 	 0.1614
729361 	 0.1586
729362 	 0.1586
729363 	 0.1557
729364 	 0.1586
729365 	 0.1671
729366 	 0.2095
729367 	 0.1614
729368 	 0.1557
729369 	 0.1557
729370 	 0.1529
729371 	 0.1926
729372 	 0.1727
729373 	 0.1699
729374 	 0.1586
729375 	 0.1529
729376 	 0.1529
729377 	 0.1501
729378 	 0.1472
729379 	 0.1501
729380 	 1.1044
729381 	 0.3964
729382 	 0.2350
729383 	 0.2010
729384 	 0.1812
729385 	 0.4814
729386 	 3.8511
729387 	 0.3964
729388 	 0.2435
729389 	 0.2039
729390 	 0.5663
729391 	 0.3115
729392 	 0.2152
729393 	 3.8794
729394 	 6.7394
729395 	 0.6796
729396 	 0.3681
729397 	 0.2803
729398 	 0.2492
729399 	 0.3115
729400 	 0.5097
729401 	 0.2520
729402 	 0.5380
729403 	 0.3115
729404 	 0.2237
729405 	 0.2803
729406 	 1.1044
729407 	 0.3681
729408 	 0.2350
729409 	 0.5097
729410 	 0.3681
729411 	 0.3964
729412 	 0.2832
729413 	 0.2039
729414 	 0.1812
729415 	 0.1727
729416 	 0.1897
729417 	 0.2095
729418 	 0.3964
729419 	 0.6513
729420 	 0.2832
729421 	 0.2067
729422 	 0.1784
729423 	 0.1671
729424 	 0.1586
729425 	 0.2294
729426 	 0.6796
729427 	 0.2095
729428 	 0.1756
729429 	 0.1614
729430 	 0.1557
729431 	 0.1501
729432 	 0.1501
729433 	 0.1671
729434 	 0.1557
729435 	 0.1472
729436 	 0.1444
729437 	 0.1444
729438 	 0.1416
729439 	 0.1416
729440 	 0.1388
729441 	 0.1388
729442 	 0.1359
729443 	 0.2265
729444 	 0.1472
729445 	 0.1388
729446 	 0.1529
729447 	 0.2605
729448 	 0.1727
729449 	 0.1557
729450 	 0.1727
729451 	 0.1642
729452 	 0.1614
729453 	 0.2690
729454 	 0.4531
729455 	 0.3115
729456 	 0.2152
729457 	 0.1756
729458 	 0.1642
729459 	 0.1557
729460 	 0.1529
729461 	 0.1501
729462 	 0.3398
729463 	 0.9911
729464 	 1.8123
729465 	 0.3398
729466 	 0.5380
729467 	 0.2747
729468 	 0.2039
729469 	 0.1784
729470 	 0.1699
729471 	 0.1614
729472 	 0.3681
729473 	 0.5380
729474 	 1.4725
729475 	 0.9345
729476 	 0.4248
729477 	 0.7362
729478 	 1.1327
729479 	 0.3681
729480 	 0.2549
729481 	 1.6707
729482 	 0.3964
729483 	 1.0760
729484 	 2.2087
729485 	 5.5784
729486 	 3.5396
729487 	 0.6513
729488 	 0.3681
729489 	 0.2832
729490 	 1.4442
729491 	 3.0299
729492 	 0.3964
729493 	 0.2832
729494 	 0.2690
729495 	 0.2379
729496 	 0.2237
729497 	 0.2124
729498 	 0.2067
729499 	 0.2039
729500 	 0.2010
729501 	 0.1982
729502 	 0.1954
729503 	 0.1954
729504 	 1.3026
729505 	 0.6796
729506 	 0.4814
729507 	 1.0477
729508 	 0.5097
729509 	 0.3115
729510 	 0.2549
729511 	 0.2350
729512 	 0.2265
729513 	 0.2180
729514 	 0.3115
729515 	 0.5947
729516 	 0.7362
729517 	 1.7556
729518 	 2.6618
729519 	 0.6230
729520 	 0.3398
729521 	 1.3592
729522 	 0.8778
729523 	 0.4814
729524 	 0.4248
729525 	 0.3398
729526 	 0.5663
729527 	 0.7929
729528 	 0.3398
729529 	 0.2662
729530 	 0.2322
729531 	 0.2209
729532 	 0.2690
729533 	 1.3026
729534 	 0.3115
729535 	 0.2492
729536 	 0.2265
729537 	 0.2124
729538 	 0.2039
729539 	 0.2095
729540 	 2.2087
729541 	 0.8778
729542 	 0.3398
729543 	 0.2662
729544 	 0.2464
729545 	 0.2237
729546 	 0.2124
729547 	 0.2209
729548 	 0.2067
729549 	 0.2322
729550 	 0.2407
729551 	 0.2379
729552 	 0.2095
729553 	 0.2010
729554 	 0.1982
729555 	 0.1954
729556 	 0.1926
729557 	 0.1897
729558 	 0.2067
729559 	 0.2010
729560 	 0.2662
729561 	 0.2350
729562 	 0.2832
729563 	 0.2832
729564 	 0.2407
729565 	 0.2237
729566 	 0.2124
729567 	 0.2095
729568 	 0.2067
729569 	 0.2124
729570 	 0.3115
729571 	 0.2832
729572 	 0.2322
729573 	 0.2464
729574 	 0.2237
729575 	 0.2322
729576 	 0.2180
729577 	 0.2067
729578 	 0.2294
729579 	 0.2095
729580 	 0.2350
729581 	 0.3398
729582 	 0.2832
729583 	 0.2577
729584 	 0.2435
729585 	 0.2350
729586 	 0.2294
729587 	 0.2265
729588 	 0.2237
729589 	 0.2265
729590 	 0.2322
729591 	 0.2265
729592 	 0.2265
729593 	 0.4248
729594 	 0.5380
729595 	 0.2492
729596 	 0.2379
729597 	 0.2180
729598 	 0.2095
729599 	 0.2039
729600 	 0.2010
729601 	 0.1982
729602 	 0.1954
729603 	 0.1926
729604 	 0.1897
729605 	 0.1897
729606 	 0.1897
729607 	 0.1869
729608 	 0.1841
729609 	 0.1841
729610 	 0.1841
729611 	 0.1841
729612 	 0.1841
729613 	 0.1841
729614 	 0.1812
729615 	 0.1812
729616 	 0.1841
729617 	 0.2095
729618 	 0.1954
729619 	 0.1926
729620 	 0.1869
729621 	 0.1841
729622 	 0.1756
729623 	 0.1982
729624 	 0.1869
729625 	 0.1784
729626 	 0.1812
729627 	 0.1812
729628 	 0.1784
729629 	 0.1784
729630 	 0.1756
729631 	 0.1756
729632 	 0.1756
729633 	 0.1699
729634 	 0.1699
729635 	 0.1756
729636 	 0.1727
729637 	 0.1699
729638 	 0.1699
729639 	 0.1756
729640 	 0.1784
729641 	 0.1841
729642 	 0.1897
729643 	 0.1926
729644 	 0.1897
729645 	 0.2633
729646 	 0.2350
729647 	 0.2067
729648 	 0.2010
729649 	 0.2067
729650 	 0.2095
729651 	 0.2180
729652 	 0.2577
729653 	 0.2379
729654 	 0.2180
729655 	 0.2435
729656 	 0.2237
729657 	 0.2095
729658 	 0.2039
729659 	 0.3115
729660 	 0.2350
729661 	 0.2407
729662 	 0.2237
729663 	 0.2152
729664 	 0.2095
729665 	 0.2152
729666 	 0.4814
729667 	 0.6230
729668 	 0.3681
729669 	 0.2690
729670 	 0.2464
729671 	 0.2322
729672 	 0.2152
729673 	 0.2095
729674 	 0.2039
729675 	 0.2010
729676 	 0.2010
729677 	 0.1954
729678 	 0.1926
729679 	 0.1926
729680 	 0.1926
729681 	 0.1926
729682 	 0.1926
729683 	 0.1897
729684 	 0.1954
729685 	 0.2010
729686 	 0.1954
729687 	 0.1954
729688 	 0.1926
729689 	 0.2718
729690 	 0.2322
729691 	 0.2379
729692 	 0.2152
729693 	 0.2067
729694 	 0.2180
729695 	 0.5380
729696 	 0.2549
729697 	 0.2294
729698 	 0.2124
729699 	 0.2039
729700 	 0.2010
729701 	 0.2010
729702 	 0.2039
729703 	 0.2067
729704 	 0.1982
729705 	 0.2010
729706 	 0.2067
729707 	 0.2067
729708 	 0.2010
729709 	 0.1954
729710 	 0.1954
729711 	 0.2209
729712 	 0.2577
729713 	 0.2577
729714 	 0.3398
729715 	 0.2350
729716 	 0.2265
729717 	 0.2379
729718 	 0.4531
729719 	 0.3398
729720 	 0.2803
729721 	 0.4814
729722 	 0.5380
729723 	 0.5947
729724 	 0.3398
729725 	 0.2690
729726 	 0.3398
729727 	 0.2718
729728 	 0.2577
729729 	 0.2464
729730 	 0.3115
729731 	 0.7929
729732 	 1.6141
729733 	 0.5097
729734 	 0.5663
729735 	 0.3115
729736 	 0.2690
729737 	 0.2435
729738 	 0.2322
729739 	 0.2322
729740 	 0.2605
729741 	 0.2549
729742 	 0.2322
729743 	 0.2265
729744 	 0.2379
729745 	 0.2265
729746 	 0.3398
729747 	 0.2549
729748 	 0.2322
729749 	 0.2350
729750 	 0.2322
729751 	 0.2265
729752 	 0.2209
729753 	 0.4531
729754 	 0.3398
729755 	 0.2492
729756 	 0.2294
729757 	 0.2209
729758 	 0.2577
729759 	 0.2350
729760 	 0.2775
729761 	 0.2605
729762 	 0.2265
729763 	 0.2124
729764 	 0.2067
729765 	 0.2010
729766 	 0.1982
729767 	 0.1954
729768 	 0.1926
729769 	 0.1897
729770 	 0.1869
729771 	 0.1841
729772 	 0.7362
729773 	 0.5663
729774 	 0.3681
729775 	 0.2662
729776 	 0.2294
729777 	 0.2549
729778 	 0.2237
729779 	 0.2010
729780 	 0.1926
729781 	 0.1897
729782 	 0.2124
729783 	 0.1982
729784 	 0.1869
729785 	 0.1841
729786 	 0.1784
729787 	 0.2718
729788 	 0.1897
729789 	 0.1812
729790 	 0.3964
729791 	 0.2067
729792 	 0.1926
729793 	 0.1841
729794 	 0.1841
729795 	 0.1812
729796 	 0.1812
729797 	 0.1756
729798 	 0.1756
729799 	 0.1841
729800 	 0.1784
729801 	 0.4531
729802 	 0.3964
729803 	 0.2322
729804 	 0.2039
729805 	 0.1897
729806 	 0.1841
729807 	 0.4814
729808 	 0.4814
729809 	 0.2662
729810 	 0.2294
729811 	 0.2180
729812 	 0.2067
729813 	 0.1982
729814 	 0.1954
729815 	 0.1897
729816 	 0.1869
729817 	 0.1841
729818 	 0.1841
729819 	 0.1841
729820 	 0.1869
729821 	 0.2039
729822 	 0.2010
729823 	 0.1926
729824 	 0.2124
729825 	 0.1982
729826 	 0.1897
729827 	 0.1841
729828 	 0.1812
729829 	 0.1812
729830 	 0.1812
729831 	 0.1812
729832 	 0.1784
729833 	 0.1756
729834 	 0.1756
729835 	 0.1812
729836 	 0.1841
729837 	 0.1926
729838 	 0.1841
729839 	 0.1982
729840 	 0.2464
729841 	 0.2633
729842 	 0.2180
729843 	 0.2294
729844 	 0.2577
729845 	 0.3681
729846 	 0.3398
729847 	 0.3964
729848 	 0.2832
729849 	 0.2435
729850 	 0.2294
729851 	 0.2690
729852 	 0.2832
729853 	 0.3115
729854 	 0.4248
729855 	 0.4814
729856 	 0.3964
729857 	 0.2832
729858 	 0.4248
729859 	 0.4248
729860 	 0.3115
729861 	 0.2662
729862 	 0.2435
729863 	 0.2294
729864 	 0.2237
729865 	 0.2180
729866 	 0.4248
729867 	 0.3398
729868 	 0.2718
729869 	 0.2492
729870 	 0.2322
729871 	 0.2718
729872 	 0.2832
729873 	 0.2633
729874 	 0.2322
729875 	 0.2180
729876 	 0.5947
729877 	 0.2832
729878 	 0.3681
729879 	 0.3115
729880 	 0.2407
729881 	 0.2180
729882 	 0.2067
729883 	 0.3115
729884 	 0.3398
729885 	 0.3964
729886 	 0.7929
729887 	 0.5663
729888 	 0.3681
729889 	 0.4248
729890 	 0.3398
729891 	 0.2775
729892 	 0.8495
729893 	 0.9345
729894 	 0.4248
729895 	 0.4248
729896 	 0.3115
729897 	 0.2435
729898 	 0.2294
729899 	 0.2350
729900 	 0.2747
729901 	 0.2265
729902 	 0.2067
729903 	 0.1982
729904 	 0.1897
729905 	 0.1869
729906 	 0.1841
729907 	 0.1841
729908 	 0.1926
729909 	 0.1954
729910 	 0.1954
729911 	 0.1954
729912 	 0.1841
729913 	 0.1812
729914 	 0.1812
729915 	 0.1812
729916 	 0.1812
729917 	 0.1812
729918 	 0.1812
729919 	 0.2492
729920 	 0.2747
729921 	 0.2718
729922 	 0.2322
729923 	 0.2010
729924 	 0.1897
729925 	 0.1841
729926 	 0.1982
729927 	 0.2152
729928 	 0.3681
729929 	 0.5663
729930 	 0.5663
729931 	 0.3964
729932 	 0.3681
729933 	 0.3115
729934 	 0.6796
729935 	 0.6230
729936 	 0.5380
729937 	 0.3115
729938 	 0.3115
729939 	 0.3398
729940 	 0.7646
729941 	 0.3115
729942 	 0.2464
729943 	 0.3115
729944 	 0.2520
729945 	 0.2435
729946 	 0.2379
729947 	 0.4248
729948 	 0.2775
729949 	 0.2407
729950 	 0.2662
729951 	 0.3964
729952 	 0.2520
729953 	 0.2237
729954 	 0.2124
729955 	 0.2039
729956 	 0.1982
729957 	 0.1954
729958 	 0.1897
729959 	 0.1897
729960 	 0.1897
729961 	 0.1897
729962 	 0.1897
729963 	 0.1841
729964 	 0.1841
729965 	 0.1926
729966 	 0.1982
729967 	 0.2152
729968 	 0.6230
729969 	 0.2718
729970 	 0.2095
729971 	 0.1982
729972 	 0.2492
729973 	 0.2237
729974 	 0.2039
729975 	 0.2633
729976 	 0.4531
729977 	 0.3681
729978 	 0.5663
729979 	 0.3681
729980 	 0.2775
729981 	 0.2294
729982 	 0.2237
729983 	 0.2407
729984 	 0.3964
729985 	 0.2747
729986 	 0.2152
729987 	 0.1982
729988 	 0.2180
729989 	 0.1954
729990 	 0.2747
729991 	 0.2010
729992 	 0.1897
729993 	 0.1841
729994 	 0.1869
729995 	 0.2350
729996 	 0.2152
729997 	 0.1897
729998 	 0.1812
729999 	 0.2039
730000 	 0.8212
730001 	 0.7646
730002 	 0.3398
730003 	 0.2520
730004 	 0.2180
730005 	 0.2010
730006 	 0.1954
730007 	 0.2010
730008 	 0.1897
730009 	 0.1841
730010 	 0.1897
730011 	 0.1841
730012 	 0.1869
730013 	 0.1812
730014 	 0.1784
730015 	 0.1756
730016 	 0.1756
730017 	 0.1727
730018 	 0.1897
730019 	 0.1784
730020 	 0.1727
730021 	 0.1699
730022 	 0.1699
730023 	 0.1671
730024 	 0.1671
730025 	 0.1671
730026 	 0.1727
730027 	 0.1699
730028 	 0.1671
730029 	 0.1614
730030 	 0.1586
730031 	 0.1699
730032 	 0.1642
730033 	 0.1614
730034 	 0.1642
730035 	 0.2350
730036 	 0.1897
730037 	 0.1756
730038 	 0.1812
730039 	 0.1699
730040 	 0.1671
730041 	 0.1841
730042 	 0.1727
730043 	 0.1727
730044 	 0.1671
730045 	 0.2067
730046 	 0.1812
730047 	 0.1756
730048 	 0.1699
730049 	 0.1642
730050 	 0.1642
730051 	 0.1642
730052 	 0.1642
730053 	 0.1586
730054 	 0.1586
730055 	 0.1699
730056 	 0.1614
730057 	 0.1586
730058 	 0.1557
730059 	 0.1529
730060 	 0.1529
730061 	 0.1586
730062 	 0.1897
730063 	 0.1614
730064 	 0.1586
730065 	 0.1529
730066 	 0.1529
730067 	 0.1557
730068 	 0.1529
730069 	 0.1472
730070 	 0.1926
730071 	 0.5097
730072 	 0.7362
730073 	 0.4531
730074 	 0.2832
730075 	 0.3681
730076 	 0.3964
730077 	 0.5097
730078 	 0.5947
730079 	 0.3681
730080 	 0.2832
730081 	 0.2690
730082 	 0.2464
730083 	 0.2237
730084 	 0.2067
730085 	 0.2124
730086 	 0.5097
730087 	 0.2832
730088 	 0.2832
730089 	 0.2832
730090 	 0.3398
730091 	 0.2832
730092 	 0.5663
730093 	 0.5380
730094 	 0.7929
730095 	 0.4531
730096 	 0.3681
730097 	 0.3398
730098 	 0.2633
730099 	 0.2464
730100 	 0.2322
730101 	 0.2662
730102 	 0.2464
730103 	 0.2180
730104 	 0.3115
730105 	 0.2577
730106 	 0.2180
730107 	 0.2039
730108 	 0.2010
730109 	 0.1954
730110 	 0.1897
730111 	 0.1897
730112 	 0.1841
730113 	 0.1841
730114 	 0.2039
730115 	 0.1869
730116 	 0.1784
730117 	 1.1610
730118 	 0.3398
730119 	 0.5097
730120 	 0.5947
730121 	 0.7646
730122 	 0.2832
730123 	 0.2237
730124 	 0.2010
730125 	 0.1897
730126 	 0.1841
730127 	 0.1812
730128 	 0.2379
730129 	 0.2237
730130 	 0.1926
730131 	 0.1812
730132 	 0.1727
730133 	 0.1699
730134 	 0.1671
730135 	 0.1642
730136 	 0.1642
730137 	 0.1642
730138 	 0.1614
730139 	 0.1586
730140 	 0.1586
730141 	 0.1586
730142 	 0.7362
730143 	 0.4248
730144 	 0.5947
730145 	 0.3964
730146 	 0.5663
730147 	 0.3398
730148 	 0.2662
730149 	 0.2832
730150 	 0.2464
730151 	 0.2577
730152 	 0.2520
730153 	 0.2152
730154 	 0.2095
730155 	 0.2124
730156 	 0.2832
730157 	 0.3115
730158 	 0.2379
730159 	 0.2775
730160 	 0.2180
730161 	 0.2039
730162 	 0.3398
730163 	 0.3398
730164 	 0.2265
730165 	 0.2039
730166 	 0.1982
730167 	 0.1897
730168 	 0.1841
730169 	 0.1926
730170 	 0.1841
730171 	 0.9345
730172 	 0.3681
730173 	 0.2633
730174 	 0.2294
730175 	 0.1954
730176 	 0.1812
730177 	 0.1784
730178 	 0.7362
730179 	 0.3398
730180 	 0.2832
730181 	 0.2350
730182 	 0.1954
730183 	 0.1812
730184 	 0.1756
730185 	 0.1699
730186 	 0.1812
730187 	 0.1699
730188 	 0.1671
730189 	 0.1642
730190 	 0.1614
730191 	 0.1614
730192 	 0.2407
730193 	 0.1841
730194 	 0.1841
730195 	 0.1812
730196 	 0.2124
730197 	 0.2718
730198 	 0.2520
730199 	 0.1926
730200 	 0.1841
730201 	 0.1841
730202 	 0.1784
730203 	 0.1784
730204 	 0.1784
730205 	 0.1954
730206 	 0.6796
730207 	 0.6230
730208 	 0.6230
730209 	 0.3398
730210 	 0.3398
730211 	 0.2577
730212 	 0.2265
730213 	 0.2124
730214 	 0.2010
730215 	 0.1954
730216 	 0.2067
730217 	 0.1926
730218 	 0.2577
730219 	 0.2379
730220 	 0.2803
730221 	 0.4531
730222 	 0.5380
730223 	 0.4814
730224 	 0.3115
730225 	 0.2492
730226 	 0.2237
730227 	 0.2209
730228 	 0.2690
730229 	 0.2209
730230 	 0.2124
730231 	 0.2095
730232 	 0.2010
730233 	 0.1954
730234 	 0.1926
730235 	 0.1926
730236 	 0.1897
730237 	 0.1869
730238 	 0.1841
730239 	 0.1841
730240 	 0.1841
730241 	 0.1841
730242 	 0.1812
730243 	 0.1756
730244 	 0.1727
730245 	 0.1671
730246 	 0.1671
730247 	 0.1671
730248 	 0.1642
730249 	 0.1642
730250 	 0.1614
730251 	 0.1642
730252 	 0.1642
730253 	 0.1671
730254 	 0.1671
730255 	 0.1756
730256 	 0.2322
730257 	 0.2152
730258 	 0.1897
730259 	 0.1812
730260 	 0.1756
730261 	 0.1727
730262 	 0.1699
730263 	 0.1671
730264 	 0.1671
730265 	 0.1756
730266 	 0.1756
730267 	 0.1699
730268 	 0.1671
730269 	 0.1671
730270 	 0.1671
730271 	 0.1642
730272 	 0.1642
730273 	 0.1642
730274 	 0.1642
730275 	 0.1642
730276 	 0.1671
730277 	 0.1756
730278 	 0.1642
730279 	 0.1671
730280 	 0.1982
730281 	 0.1784
730282 	 0.1642
730283 	 0.1614
730284 	 0.1586
730285 	 0.1614
730286 	 0.1614
730287 	 0.1614
730288 	 0.1642
730289 	 0.1727
730290 	 0.1756
730291 	 0.1727
730292 	 0.1727
730293 	 0.1727
730294 	 0.1926
730295 	 0.2832
730296 	 0.2633
730297 	 0.1982
730298 	 0.1812
730299 	 0.1784
730300 	 0.1897
730301 	 0.1954
730302 	 0.1841
730303 	 0.3398
730304 	 0.2379
730305 	 0.1926
730306 	 0.3681
730307 	 0.3964
730308 	 0.3681
730309 	 0.3964
730310 	 0.3115
730311 	 0.2435
730312 	 0.2039
730313 	 0.1897
730314 	 0.1897
730315 	 0.2435
730316 	 0.2549
730317 	 0.2209
730318 	 0.2747
730319 	 0.2322
730320 	 0.2180
730321 	 0.5947
730322 	 0.2775
730323 	 0.2832
730324 	 0.2350
730325 	 0.2039
730326 	 0.1897
730327 	 0.1812
730328 	 0.1756
730329 	 0.1954
730330 	 0.2294
730331 	 0.1954
730332 	 0.1784
730333 	 0.1699
730334 	 0.1614
730335 	 0.1586
730336 	 0.1557
730337 	 0.1642
730338 	 0.1529
730339 	 0.1557
730340 	 0.1529
730341 	 0.1529
730342 	 0.1501
730343 	 0.1756
730344 	 0.3115
730345 	 0.3115
730346 	 0.2039
730347 	 0.1841
730348 	 0.3398
730349 	 0.2322
730350 	 0.1897
730351 	 0.1784
730352 	 0.1784
730353 	 0.1727
730354 	 0.1614
730355 	 0.1642
730356 	 0.1614
730357 	 0.1756
730358 	 0.1727
730359 	 0.1614
730360 	 0.2577
730361 	 0.2124
730362 	 0.2322
730363 	 0.2775
730364 	 0.2067
730365 	 0.1841
730366 	 0.1841
730367 	 0.2067
730368 	 0.1841
730369 	 0.1699
730370 	 0.1642
730371 	 0.1642
730372 	 0.1614
730373 	 0.1586
730374 	 0.1557
730375 	 0.1557
730376 	 0.1614
730377 	 0.1671
730378 	 0.1586
730379 	 0.1586
730380 	 0.1586
730381 	 0.1869
730382 	 0.1756
730383 	 0.1812
730384 	 0.1642
730385 	 0.1557
730386 	 0.1529
730387 	 0.1557
730388 	 0.1529
730389 	 0.1529
730390 	 0.1529
730391 	 0.1501
730392 	 0.1472
730393 	 0.1444
730394 	 0.1472
730395 	 0.1444
730396 	 0.1557
730397 	 0.1557
730398 	 0.1529
730399 	 0.1501
730400 	 0.1642
730401 	 0.1557
730402 	 0.1501
730403 	 0.2067
730404 	 0.1614
730405 	 0.1699
730406 	 0.1897
730407 	 0.1586
730408 	 0.1529
730409 	 0.1501
730410 	 0.1529
730411 	 0.2577
730412 	 0.2803
730413 	 0.2039
730414 	 0.3115
730415 	 0.2379
730416 	 0.1671
730417 	 0.1529
730418 	 0.1501
730419 	 0.1416
730420 	 0.1388
730421 	 0.1303
730422 	 0.1303
730423 	 0.1331
730424 	 0.1274
730425 	 0.1246
730426 	 0.1246
730427 	 0.1246
730428 	 0.3681
730429 	 0.1869
730430 	 0.1501
730431 	 0.2832
730432 	 0.2039
730433 	 0.2095
730434 	 0.1699
730435 	 0.1501
730436 	 0.1954
730437 	 0.1586
730438 	 0.1444
730439 	 0.1388
730440 	 0.1388
730441 	 0.1416
730442 	 0.1416
730443 	 0.1472
730444 	 0.1982
730445 	 0.1756
730446 	 0.1586
730447 	 0.1501
730448 	 0.1416
730449 	 0.1388
730450 	 0.1388
730451 	 0.2605
730452 	 0.2832
730453 	 0.1982
730454 	 0.1756
730455 	 0.7362
730456 	 0.3681
730457 	 0.2492
730458 	 0.2010
730459 	 0.1869
730460 	 0.1756
730461 	 0.1756
730462 	 0.1586
730463 	 0.1982
730464 	 0.9911
730465 	 0.5380
730466 	 0.2832
730467 	 0.2605
730468 	 0.2690
730469 	 0.2152
730470 	 0.1841
730471 	 0.1671
730472 	 0.1586
730473 	 0.1529
730474 	 0.1529
730475 	 0.1869
730476 	 0.3115
730477 	 0.1812
730478 	 0.1614
730479 	 0.1529
730480 	 2.4352
730481 	 0.3398
730482 	 0.2067
730483 	 0.1812
730484 	 0.1812
730485 	 0.1586
730486 	 0.1501
730487 	 0.1444
730488 	 0.1388
730489 	 0.1359
730490 	 0.1331
730491 	 0.1359
730492 	 0.1388
730493 	 0.1359
730494 	 0.1331
730495 	 0.1642
730496 	 0.1529
730497 	 0.1671
730498 	 0.1699
730499 	 0.3681
730500 	 0.9628
730501 	 0.3115
730502 	 0.2209
730503 	 0.5380
730504 	 1.6141
730505 	 0.8495
730506 	 0.9345
730507 	 0.3398
730508 	 0.2294
730509 	 0.1954
730510 	 0.1812
730511 	 0.3115
730512 	 0.1926
730513 	 0.1756
730514 	 0.1642
730515 	 0.1586
730516 	 0.1529
730517 	 0.1501
730518 	 0.1472
730519 	 0.1444
730520 	 0.1416
730521 	 0.1388
730522 	 0.1388
730523 	 0.1331
730524 	 0.1331
730525 	 0.1303
730526 	 0.1303
730527 	 0.1303
730528 	 0.1303
730529 	 0.1274
730530 	 0.1274
730531 	 0.1303
730532 	 0.1303
730533 	 0.1274
730534 	 0.1246
730535 	 0.1331
730536 	 0.1274
730537 	 0.1274
730538 	 0.1274
730539 	 0.1246
730540 	 0.1246
730541 	 0.1246
730542 	 0.1274
730543 	 0.1274
730544 	 0.1246
730545 	 0.1246
730546 	 0.1218
730547 	 0.1218
730548 	 0.1218
730549 	 0.1218
730550 	 0.1218
730551 	 0.1218
730552 	 0.1218
730553 	 0.1218
730554 	 0.1218
730555 	 0.1218
730556 	 0.1218
730557 	 0.1218
730558 	 0.1218
730559 	 0.1218
730560 	 0.1218
730561 	 0.1218
730562 	 0.1218
730563 	 0.1331
730564 	 0.1359
730565 	 0.1246
730566 	 0.1246
730567 	 0.1246
730568 	 0.1246
730569 	 0.1274
730570 	 0.1246
730571 	 0.1388
730572 	 0.1954
730573 	 0.1472
730574 	 0.1444
730575 	 0.2464
730576 	 1.6141
730577 	 1.1327
730578 	 2.6901
730579 	 1.6424
730580 	 2.1521
730581 	 0.6230
730582 	 0.3964
730583 	 0.2832
730584 	 0.3398
730585 	 0.6230
730586 	 0.3681
730587 	 0.2464
730588 	 0.2039
730589 	 0.1926
730590 	 0.1784
730591 	 0.1699
730592 	 0.1756
730593 	 0.1812
730594 	 0.1784
730595 	 0.1614
730596 	 0.1529
730597 	 0.1529
730598 	 0.1529
730599 	 0.1926
730600 	 0.1982
730601 	 0.1841
730602 	 0.2718
730603 	 0.2577
730604 	 0.2067
730605 	 0.1784
730606 	 0.1642
730607 	 0.1557
730608 	 0.1501
730609 	 0.1472
730610 	 0.1416
730611 	 0.1416
730612 	 0.1388
730613 	 0.1388
730614 	 0.1416
730615 	 0.1359
730616 	 0.1359
730617 	 0.1359
730618 	 0.1557
730619 	 0.1529
730620 	 0.1331
730621 	 0.1303
730622 	 0.1303
730623 	 0.1274
730624 	 0.1246
730625 	 0.1246
730626 	 0.1246
730627 	 0.1246
730628 	 0.1246
730629 	 0.1246
730630 	 0.1218
730631 	 0.1246
730632 	 0.1218
730633 	 0.1218
730634 	 0.1246
730635 	 0.1218
730636 	 0.1218
730637 	 0.1218
730638 	 0.1218
730639 	 0.1218
730640 	 0.1218
730641 	 0.1359
730642 	 0.1274
730643 	 0.1246
730644 	 0.1727
730645 	 0.1388
730646 	 0.1303
730647 	 0.1246
730648 	 0.1246
730649 	 0.1246
730650 	 0.1274
730651 	 0.1388
730652 	 0.1303
730653 	 0.1274
730654 	 0.1529
730655 	 0.1897
730656 	 0.1416
730657 	 0.1331
730658 	 0.1359
730659 	 0.1586
730660 	 0.1586
730661 	 0.1699
730662 	 0.1756
730663 	 0.1472
730664 	 0.1416
730665 	 0.1331
730666 	 0.1897
730667 	 0.1614
730668 	 0.1841
730669 	 0.1586
730670 	 0.2010
730671 	 0.1586
730672 	 0.1444
730673 	 0.5097
730674 	 0.3681
730675 	 0.2067
730676 	 0.1727
730677 	 0.1557
730678 	 0.2350
730679 	 0.2152
730680 	 0.1727
730681 	 0.1586
730682 	 0.1586
730683 	 0.1869
730684 	 0.1614
730685 	 0.1472
730686 	 0.1416
730687 	 0.1388
730688 	 0.1416
730689 	 0.1501
730690 	 0.1388
730691 	 0.1529
730692 	 0.1671
730693 	 0.1784
730694 	 0.3681
730695 	 0.2435
730696 	 0.1812
730697 	 0.1586
730698 	 0.1529
730699 	 0.1557
730700 	 0.1416
730701 	 0.1359
730702 	 0.1331
730703 	 0.1331
730704 	 0.1331
730705 	 0.1303
730706 	 0.1303
730707 	 0.1303
730708 	 0.1303
730709 	 0.1331
730710 	 0.1303
730711 	 0.1331
730712 	 0.1303
730713 	 0.1303
730714 	 0.1274
730715 	 0.1472
730716 	 0.1472
730717 	 0.1331
730718 	 0.2124
730719 	 0.1727
730720 	 0.1444
730721 	 0.1557
730722 	 0.1388
730723 	 0.1557
730724 	 0.1359
730725 	 0.1359
730726 	 0.1812
730727 	 0.9911
730728 	 0.2605
730729 	 0.1841
730730 	 0.1586
730731 	 0.1501
730732 	 0.1444
730733 	 0.1416
730734 	 0.1444
730735 	 0.1756
730736 	 0.1614
730737 	 0.1529
730738 	 0.1416
730739 	 0.1359
730740 	 0.1359
730741 	 0.1388
730742 	 0.1331
730743 	 0.1303
730744 	 0.1274
730745 	 0.1274
730746 	 0.1274
730747 	 0.1274
730748 	 0.1246
730749 	 0.1246
730750 	 0.1246
730751 	 0.1246
730752 	 0.1246
730753 	 0.1246
730754 	 0.1246
730755 	 0.1218
730756 	 0.1472
730757 	 0.1529
730758 	 0.2662
730759 	 0.1897
730760 	 0.2209
730761 	 0.2180
730762 	 0.1529
730763 	 0.1388
730764 	 0.1331
730765 	 0.1303
730766 	 0.1274
730767 	 0.1274
730768 	 0.1274
730769 	 0.1303
730770 	 0.1274
730771 	 0.1274
730772 	 0.1274
730773 	 0.1331
730774 	 0.1303
730775 	 0.1274
730776 	 0.1246
730777 	 0.1246
730778 	 0.1303
730779 	 0.1246
730780 	 0.1246
730781 	 0.1218
730782 	 0.1274
730783 	 0.1246
730784 	 0.1274
730785 	 0.1274
730786 	 0.1444
730787 	 0.1274
730788 	 0.1246
730789 	 0.5380
730790 	 0.2039
730791 	 0.1586
730792 	 0.1472
730793 	 0.1388
730794 	 0.1331
730795 	 0.1303
730796 	 0.1246
730797 	 0.1246
730798 	 0.1218
730799 	 0.1303
730800 	 0.1303
730801 	 0.1218
730802 	 0.1926
730803 	 0.2605
730804 	 0.1926
730805 	 0.1501
730806 	 0.3964
730807 	 0.2435
730808 	 0.2832
730809 	 0.1841
730810 	 0.1586
730811 	 0.1472
730812 	 0.1416
730813 	 0.1331
730814 	 0.1331
730815 	 0.1274
730816 	 0.1954
730817 	 0.4531
730818 	 0.3681
730819 	 0.1897
730820 	 0.1586
730821 	 0.1444
730822 	 0.1388
730823 	 0.1331
730824 	 0.1303
730825 	 0.3115
730826 	 0.1444
730827 	 0.1359
730828 	 0.1303
730829 	 0.1246
730830 	 0.1246
730831 	 5.1820
730832 	 2.2937
730833 	 0.3681
730834 	 0.2464
730835 	 0.1982
730836 	 0.1756
730837 	 0.1642
730838 	 0.1557
730839 	 0.1529
730840 	 0.3115
730841 	 0.2832
730842 	 0.2832
730843 	 0.1982
730844 	 0.1699
730845 	 0.1586
730846 	 0.1501
730847 	 0.1472
730848 	 0.1444
730849 	 0.1472
730850 	 0.1444
730851 	 0.1388
730852 	 0.2010
730853 	 0.1954
730854 	 0.1444
730855 	 0.1359
730856 	 0.1303
730857 	 0.1274
730858 	 0.1274
730859 	 0.1246
730860 	 0.1246
730861 	 0.1218
730862 	 0.1189
730863 	 0.1189
730864 	 0.1189
730865 	 0.1189
730866 	 0.1161
730867 	 0.1161
730868 	 0.1133
730869 	 0.1133
730870 	 0.1133
730871 	 0.1133
730872 	 0.1104
730873 	 0.1076
730874 	 0.1076
730875 	 0.1076
730876 	 0.1133
730877 	 0.1104
730878 	 0.1133
730879 	 0.1161
730880 	 0.1133
730881 	 0.1104
730882 	 0.1076
730883 	 0.1076
730884 	 0.1076
730885 	 0.1161
730886 	 0.1076
730887 	 0.1104
730888 	 0.1189
730889 	 0.1161
730890 	 0.1133
730891 	 2.8600
730892 	 1.5857
730893 	 0.4248
730894 	 0.2095
730895 	 0.2124
730896 	 0.3115
730897 	 0.2039
730898 	 0.1671
730899 	 0.1444
730900 	 0.1359
730901 	 0.1444
730902 	 0.1444
730903 	 0.1303
730904 	 0.1274
730905 	 0.1246
730906 	 0.1218
730907 	 0.2718
730908 	 0.6230
730909 	 0.5380
730910 	 0.2237
730911 	 0.1699
730912 	 0.1557
730913 	 0.1586
730914 	 0.1359
730915 	 0.1331
730916 	 0.1274
730917 	 0.1218
730918 	 0.1189
730919 	 0.1218
730920 	 0.1274
730921 	 0.1161
730922 	 0.1161
730923 	 0.1161
730924 	 0.1104
730925 	 0.1104
730926 	 0.1076
730927 	 0.1076
730928 	 0.1133
730929 	 0.1189
730930 	 0.1104
730931 	 0.1133
730932 	 0.1133
730933 	 0.1133
730934 	 0.1104
730935 	 0.1104
730936 	 0.1076
730937 	 0.1076
730938 	 0.1076
730939 	 0.1076
730940 	 0.1076
730941 	 0.1104
730942 	 0.1104
730943 	 1.3026
730944 	 0.3681
730945 	 0.1784
730946 	 0.1444
730947 	 0.1501
730948 	 0.1444
730949 	 0.1472
730950 	 0.1416
730951 	 0.7362
730952 	 0.3115
730953 	 0.2832
730954 	 0.4248
730955 	 0.3115
730956 	 0.2265
730957 	 0.1812
730958 	 0.1671
730959 	 0.1642
730960 	 0.1614
730961 	 0.1982
730962 	 0.1784
730963 	 0.1756
730964 	 0.2237
730965 	 0.1671
730966 	 0.1501
730967 	 0.2633
730968 	 0.3115
730969 	 0.4248
730970 	 0.6230
730971 	 0.3964
730972 	 0.2379
730973 	 0.1869
730974 	 0.1642
730975 	 0.3115
730976 	 0.3115
730977 	 0.2067
730978 	 0.1671
730979 	 0.1501
730980 	 0.3115
730981 	 0.2180
730982 	 0.1699
730983 	 0.1472
730984 	 0.1388
730985 	 0.1303
730986 	 0.1303
730987 	 0.1388
730988 	 0.1359
730989 	 0.1246
730990 	 0.1246
730991 	 0.1218
730992 	 0.1189
730993 	 0.1189
730994 	 0.1133
730995 	 0.1133
730996 	 0.1104
730997 	 0.1104
730998 	 0.1076
730999 	 0.1076
731000 	 0.1076
731001 	 0.1076
731002 	 0.1076
731003 	 0.1133
731004 	 0.1812
731005 	 0.1388
731006 	 0.3398
731007 	 0.2180
731008 	 0.1501
731009 	 0.1416
731010 	 0.1557
731011 	 0.1274
731012 	 0.1161
731013 	 0.1133
731014 	 0.1161
731015 	 0.1303
731016 	 0.1161
731017 	 0.1104
731018 	 0.1076
731019 	 0.1076
731020 	 0.1048
731021 	 0.1048
731022 	 0.1048
731023 	 0.1048
731024 	 0.1133
731025 	 0.1076
731026 	 0.1019
731027 	 0.7079
731028 	 0.1982
731029 	 0.1388
731030 	 0.1444
731031 	 0.3398
731032 	 0.5097
731033 	 0.2180
731034 	 0.1642
731035 	 0.1416
731036 	 0.1331
731037 	 0.1246
731038 	 0.1189
731039 	 0.1161
731040 	 0.1133
731041 	 0.1104
731042 	 0.1104
731043 	 0.1104
731044 	 0.1104
731045 	 0.1161
731046 	 0.1982
731047 	 0.1388
731048 	 0.1218
731049 	 0.1133
731050 	 0.1161
731051 	 0.1104
731052 	 0.1076
731053 	 0.1218
731054 	 0.1076
731055 	 0.1076
731056 	 0.1076
731057 	 0.1048
731058 	 0.1104
731059 	 0.1048
731060 	 0.1133
731061 	 0.1274
731062 	 0.3115
731063 	 0.2010
731064 	 0.2265
731065 	 0.6796
731066 	 0.4531
731067 	 0.3964
731068 	 0.2464
731069 	 0.1926
731070 	 0.1671
731071 	 0.1444
731072 	 0.1416
731073 	 0.1388
731074 	 0.1274
731075 	 0.1303
731076 	 0.1812
731077 	 0.2152
731078 	 0.1614
731079 	 0.5947
731080 	 0.2832
731081 	 0.2294
731082 	 0.2832
731083 	 0.2124
731084 	 0.1784
731085 	 0.1529
731086 	 0.1416
731087 	 0.1812
731088 	 0.1557
731089 	 0.1359
731090 	 0.1303
731091 	 0.1274
731092 	 0.1246
731093 	 0.1246
731094 	 0.1218
731095 	 0.1189
731096 	 0.1161
731097 	 0.1218
731098 	 0.1189
731099 	 0.1189
731100 	 0.1246
731101 	 0.1161
731102 	 0.1133
731103 	 0.1133
731104 	 0.1104
731105 	 0.1104
731106 	 0.1076
731107 	 0.1104
731108 	 0.1104
731109 	 0.1076
731110 	 0.1189
731111 	 0.1104
731112 	 0.1104
731113 	 0.1104
731114 	 0.1104
731115 	 0.1189
731116 	 0.1133
731117 	 0.1218
731118 	 0.1133
731119 	 0.1104
731120 	 0.1133
731121 	 0.1161
731122 	 0.1189
731123 	 0.1189
731124 	 0.1472
731125 	 0.2237
731126 	 0.1303
731127 	 0.1218
731128 	 0.1189
731129 	 0.3398
731130 	 0.1784
731131 	 0.1416
731132 	 0.1303
731133 	 0.1218
731134 	 0.2180
731135 	 0.1727
731136 	 0.1331
731137 	 0.1246
731138 	 0.1218
731139 	 0.1274
731140 	 0.1246
731141 	 0.1133
731142 	 0.1161
731143 	 0.1133
731144 	 0.1133
731145 	 0.1076
731146 	 0.1274
731147 	 0.1642
731148 	 0.1359
731149 	 0.1189
731150 	 0.1133
731151 	 0.1954
731152 	 0.1586
731153 	 0.1246
731154 	 0.1189
731155 	 0.1529
731156 	 0.1671
731157 	 0.3964
731158 	 0.3115
731159 	 0.2605
731160 	 0.2152
731161 	 0.1841
731162 	 0.3398
731163 	 0.5947
731164 	 0.2605
731165 	 0.1897
731166 	 0.1642
731167 	 0.1501
731168 	 0.1671
731169 	 0.1388
731170 	 0.1303
731171 	 0.1274
731172 	 0.1246
731173 	 0.1218
731174 	 0.1189
731175 	 0.1161
731176 	 0.1133
731177 	 0.1133
731178 	 0.1133
731179 	 0.1133
731180 	 0.1104
731181 	 1.5857
731182 	 1.3026
731183 	 0.3115
731184 	 0.1926
731185 	 0.1586
731186 	 0.1472
731187 	 0.1529
731188 	 0.1359
731189 	 0.1557
731190 	 0.1727
731191 	 0.2180
731192 	 0.1756
731193 	 0.1529
731194 	 0.1501
731195 	 0.1388
731196 	 0.1359
731197 	 0.1303
731198 	 0.5947
731199 	 1.0477
731200 	 0.3681
731201 	 0.2209
731202 	 0.1869
731203 	 0.2775
731204 	 0.3398
731205 	 0.1982
731206 	 0.1869
731207 	 0.1614
731208 	 0.1756
731209 	 0.1472
731210 	 0.1416
731211 	 0.1897
731212 	 0.1444
731213 	 0.1359
731214 	 0.1671
731215 	 0.1359
731216 	 0.1331
731217 	 0.1246
731218 	 0.1246
731219 	 0.1218
731220 	 0.1189
731221 	 0.1189
731222 	 0.1246
731223 	 0.1189
731224 	 0.1161
731225 	 0.3398
731226 	 0.2152
731227 	 0.1444
731228 	 0.1303
731229 	 0.1274
731230 	 0.1246
731231 	 0.1218
731232 	 0.1161
731233 	 0.1133
731234 	 0.1444
731235 	 0.2124
731236 	 0.4531
731237 	 0.5097
731238 	 0.7362
731239 	 0.2379
731240 	 0.1812
731241 	 0.1529
731242 	 0.2010
731243 	 0.4248
731244 	 0.8778
731245 	 0.5380
731246 	 0.4248
731247 	 0.3681
731248 	 0.2520
731249 	 0.1897
731250 	 0.1671
731251 	 0.1784
731252 	 0.1501
731253 	 0.1416
731254 	 0.1359
731255 	 1.2459
731256 	 0.3115
731257 	 0.2039
731258 	 0.1699
731259 	 0.3115
731260 	 0.5663
731261 	 0.3115
731262 	 0.2662
731263 	 0.1982
731264 	 0.1671
731265 	 0.1529
731266 	 0.1444
731267 	 0.1388
731268 	 0.1331
731269 	 0.1274
731270 	 0.1274
731271 	 0.1303
731272 	 0.2265
731273 	 0.1388
731274 	 0.1303
731275 	 0.1274
731276 	 0.1246
731277 	 0.1869
731278 	 0.1359
731279 	 0.1472
731280 	 0.1388
731281 	 0.1529
731282 	 0.1359
731283 	 0.1274
731284 	 0.1274
731285 	 0.1246
731286 	 0.1218
731287 	 0.1189
731288 	 0.1189
731289 	 0.1133
731290 	 0.1133
731291 	 0.5380
731292 	 0.6230
731293 	 0.1926
731294 	 0.1529
731295 	 0.1416
731296 	 0.1359
731297 	 0.1331
731298 	 0.1303
731299 	 0.1529
731300 	 0.4814
731301 	 0.3115
731302 	 0.1869
731303 	 0.1699
731304 	 0.5947
731305 	 0.3398
731306 	 0.2095
731307 	 0.1727
731308 	 0.1529
731309 	 0.1416
731310 	 0.1388
731311 	 0.1331
731312 	 0.1303
731313 	 0.1303
731314 	 0.1274
731315 	 0.1246
731316 	 0.1218
731317 	 0.1189
731318 	 0.1189
731319 	 0.1189
731320 	 0.1189
731321 	 0.1161
731322 	 0.1189
731323 	 0.1274
731324 	 0.1274
731325 	 0.2520
731326 	 0.3964
731327 	 0.2775
731328 	 0.1671
731329 	 0.1416
731330 	 0.1359
731331 	 0.1303
731332 	 0.1303
731333 	 0.1246
731334 	 0.1246
731335 	 0.1586
731336 	 0.1331
731337 	 0.1218
731338 	 0.1189
731339 	 0.1189
731340 	 0.1189
731341 	 0.1246
731342 	 0.5380
731343 	 1.1044
731344 	 0.5097
731345 	 0.3115
731346 	 0.2718
731347 	 0.5663
731348 	 0.4814
731349 	 0.3681
731350 	 0.3115
731351 	 0.2520
731352 	 0.1954
731353 	 0.1671
731354 	 0.1812
731355 	 0.1841
731356 	 0.1954
731357 	 0.2605
731358 	 0.2209
731359 	 0.1812
731360 	 0.1614
731361 	 0.1501
731362 	 0.1416
731363 	 0.1388
731364 	 0.1359
731365 	 0.1331
731366 	 0.1303
731367 	 0.1303
731368 	 0.1274
731369 	 0.1274
731370 	 0.1246
731371 	 0.1246
731372 	 0.1246
731373 	 0.1246
731374 	 0.1218
731375 	 0.1218
731376 	 0.1388
731377 	 0.1388
731378 	 0.1246
731379 	 0.1246
731380 	 0.1557
731381 	 0.1388
731382 	 0.1274
731383 	 0.1218
731384 	 0.1218
731385 	 0.1246
731386 	 0.1416
731387 	 0.1274
731388 	 0.1303
731389 	 0.1897
731390 	 0.1416
731391 	 0.1246
731392 	 0.1189
731393 	 0.1161
731394 	 0.1133
731395 	 0.1133
731396 	 0.1104
731397 	 0.1133
731398 	 0.1727
731399 	 0.1444
731400 	 0.1303
731401 	 0.1218
731402 	 0.1189
731403 	 0.1161
731404 	 0.1161
731405 	 0.1189
731406 	 0.1161
731407 	 0.1218
731408 	 0.1331
731409 	 0.1189
731410 	 0.1133
731411 	 0.1161
731412 	 0.1161
731413 	 0.1161
731414 	 0.1161
731415 	 0.1416
731416 	 0.1246
731417 	 0.1161
731418 	 0.1303
731419 	 0.1388
731420 	 0.1274
731421 	 0.1189
731422 	 0.1189
731423 	 0.1189
731424 	 0.1161
731425 	 0.1246
731426 	 0.1416
731427 	 0.1274
731428 	 0.1189
731429 	 0.1189
731430 	 0.1161
731431 	 0.1189
731432 	 0.1161
731433 	 0.1161
731434 	 0.1274
731435 	 0.1869
731436 	 0.1756
731437 	 0.1784
731438 	 0.1388
731439 	 0.1331
731440 	 0.1359
731441 	 0.1246
731442 	 0.1218
731443 	 0.1161
731444 	 0.1133
731445 	 0.1133
731446 	 0.1133
731447 	 0.1161
731448 	 0.1133
731449 	 0.1133
731450 	 0.1161
731451 	 0.1189
731452 	 0.1189
731453 	 0.1161
731454 	 0.1274
731455 	 0.1218
731456 	 0.1472
731457 	 0.1557
731458 	 0.1274
731459 	 0.1274
731460 	 0.1218
731461 	 0.1246
731462 	 0.1189
731463 	 0.1189
731464 	 0.1161
731465 	 0.1303
731466 	 0.1359
731467 	 0.1218
731468 	 0.1246
731469 	 0.1246
731470 	 0.1189
731471 	 0.1161
731472 	 0.1161
731473 	 0.2067
731474 	 0.1472
731475 	 0.1756
731476 	 0.1557
731477 	 0.1303
731478 	 0.1274
731479 	 0.1246
731480 	 0.1218
731481 	 0.1189
731482 	 0.1218
731483 	 0.1218
731484 	 0.1189
731485 	 0.1189
731486 	 0.1189
731487 	 0.1189
731488 	 0.1161
731489 	 0.1189
731490 	 0.1161
731491 	 0.1133
731492 	 0.1161
731493 	 0.1161
731494 	 0.1189
731495 	 0.1189
731496 	 0.1161
731497 	 0.1161
731498 	 0.1133
731499 	 0.1133
731500 	 0.1161
731501 	 0.1189
731502 	 0.1189
731503 	 0.1189
731504 	 0.1189
731505 	 0.1189
731506 	 0.1189
731507 	 0.1189
731508 	 0.1189
731509 	 0.1161
731510 	 0.1161
731511 	 0.1161
731512 	 0.1133
731513 	 0.1133
731514 	 0.1246
731515 	 0.1189
731516 	 0.1161
731517 	 0.2520
731518 	 0.2832
731519 	 0.1557
731520 	 0.1557
731521 	 0.1331
731522 	 0.1303
731523 	 0.1586
731524 	 0.1331
731525 	 0.1246
731526 	 0.1218
731527 	 0.1189
731528 	 0.1189
731529 	 0.1161
731530 	 0.1133
731531 	 0.1982
731532 	 0.1274
731533 	 0.6230
731534 	 0.6230
731535 	 1.7556
731536 	 0.8778
731537 	 0.4248
731538 	 0.2832
731539 	 0.2180
731540 	 0.1897
731541 	 0.1614
731542 	 0.1472
731543 	 0.1388
731544 	 0.1303
731545 	 0.1303
731546 	 0.1274
731547 	 0.1189
731548 	 0.6230
731549 	 0.4814
731550 	 0.2010
731551 	 0.1529
731552 	 0.2662
731553 	 0.1642
731554 	 0.1416
731555 	 0.1331
731556 	 0.7362
731557 	 0.2832
731558 	 0.1841
731559 	 0.1557
731560 	 0.1444
731561 	 0.1388
731562 	 0.1416
731563 	 0.1529
731564 	 0.1472
731565 	 0.1303
731566 	 0.1303
731567 	 0.1303
731568 	 0.2124
731569 	 0.1444
731570 	 0.1331
731571 	 0.1246
731572 	 0.1218
731573 	 0.1444
731574 	 0.1218
731575 	 0.1189
731576 	 0.1189
731577 	 0.1671
731578 	 0.2350
731579 	 0.1671
731580 	 0.1416
731581 	 0.1274
731582 	 0.1246
731583 	 0.1444
731584 	 0.1218
731585 	 0.1161
731586 	 0.1104
731587 	 0.1076
731588 	 0.1076
731589 	 0.1076
731590 	 0.1019
731591 	 0.2520
731592 	 0.3681
731593 	 0.1671
731594 	 0.1388
731595 	 0.1303
731596 	 0.4248
731597 	 0.1812
731598 	 0.1472
731599 	 0.1727
731600 	 0.3115
731601 	 0.2464
731602 	 0.1671
731603 	 0.1444
731604 	 0.1331
731605 	 0.2520
731606 	 0.1841
731607 	 0.1416
731608 	 0.1303
731609 	 0.1246
731610 	 0.2832
731611 	 0.8212
731612 	 1.0477
731613 	 0.2832
731614 	 0.1926
731615 	 0.1642
731616 	 0.1529
731617 	 0.1416
731618 	 0.8212
731619 	 0.2662
731620 	 0.1841
731621 	 0.1557
731622 	 0.1416
731623 	 0.1388
731624 	 0.5663
731625 	 3.6812
731626 	 1.2743
731627 	 0.4248
731628 	 0.2407
731629 	 0.1926
731630 	 0.1671
731631 	 0.1501
731632 	 0.1671
731633 	 0.1841
731634 	 0.1982
731635 	 0.1642
731636 	 0.4248
731637 	 0.2067
731638 	 0.1869
731639 	 0.1586
731640 	 0.1982
731641 	 0.1784
731642 	 0.1501
731643 	 0.1416
731644 	 0.1359
731645 	 0.1303
731646 	 0.1671
731647 	 0.1614
731648 	 0.1529
731649 	 0.1303
731650 	 0.1218
731651 	 0.1133
731652 	 0.1104
731653 	 0.1076
731654 	 0.1048
731655 	 0.4248
731656 	 0.3398
731657 	 0.1812
731658 	 0.1444
731659 	 0.1331
731660 	 0.1246
731661 	 0.1218
731662 	 0.1161
731663 	 0.1133
731664 	 0.1133
731665 	 0.1104
731666 	 0.1076
731667 	 0.2010
731668 	 0.1416
731669 	 0.1218
731670 	 0.1812
731671 	 0.2180
731672 	 0.3115
731673 	 0.1671
731674 	 0.1501
731675 	 0.3398
731676 	 0.1841
731677 	 0.1614
731678 	 0.1444
731679 	 0.3964
731680 	 0.4248
731681 	 0.9911
731682 	 1.1044
731683 	 2.9166
731684 	 0.4248
731685 	 0.2265
731686 	 0.1812
731687 	 0.1642
731688 	 0.1982
731689 	 0.1926
731690 	 0.1841
731691 	 0.2209
731692 	 0.1897
731693 	 0.4248
731694 	 0.2832
731695 	 0.2407
731696 	 0.2095
731697 	 0.1727
731698 	 0.1501
731699 	 0.1416
731700 	 0.1331
731701 	 0.1274
731702 	 0.1274
731703 	 0.1246
731704 	 0.1218
731705 	 0.1189
731706 	 0.1189
731707 	 0.1189
731708 	 0.1274
731709 	 0.1161
731710 	 0.1133
731711 	 0.1331
731712 	 0.1189
731713 	 0.1133
731714 	 0.1897
731715 	 0.1614
731716 	 0.1303
731717 	 0.1189
731718 	 0.1246
731719 	 0.2435
731720 	 0.1614
731721 	 0.1331
731722 	 0.1218
731723 	 0.1161
731724 	 0.1104
731725 	 0.1076
731726 	 0.1076
731727 	 0.1076
731728 	 0.1048
731729 	 0.1019
731730 	 0.1019
731731 	 0.1019
731732 	 0.1019
731733 	 0.1019
731734 	 0.1019
731735 	 0.1019
731736 	 0.1133
731737 	 0.1161
731738 	 0.1076
731739 	 0.1048
731740 	 0.1048
731741 	 0.0991
731742 	 0.1076
731743 	 0.0991
731744 	 0.1048
731745 	 0.1019
731746 	 0.0991
731747 	 0.0991
731748 	 0.1189
731749 	 0.1076
731750 	 0.1104
731751 	 0.1133
731752 	 0.1189
731753 	 0.1076
731754 	 0.1104
731755 	 0.1303
731756 	 0.1104
731757 	 0.1048
731758 	 0.1048
731759 	 0.1104
731760 	 0.1076
731761 	 0.1076
731762 	 0.1019
731763 	 0.1019
731764 	 0.1019
731765 	 0.1076
731766 	 0.1104
731767 	 0.1048
731768 	 0.1048
731769 	 0.1048
731770 	 0.1076
731771 	 0.1048
731772 	 0.1076
731773 	 0.1048
731774 	 0.1019
731775 	 0.1019
731776 	 0.1019
731777 	 0.1019
731778 	 0.1048
731779 	 0.1019
731780 	 0.1019
731781 	 0.1048
731782 	 0.1416
731783 	 0.1246
731784 	 0.1048
731785 	 0.1048
731786 	 0.1019
731787 	 0.1104
731788 	 0.1784
731789 	 0.1359
731790 	 0.1161
731791 	 0.1076
731792 	 0.1076
731793 	 0.1076
731794 	 0.1076
731795 	 0.1048
731796 	 0.1048
731797 	 0.1048
731798 	 0.1019
731799 	 0.1019
731800 	 0.1019
731801 	 0.1076
731802 	 0.1076
731803 	 0.1076
731804 	 0.1076
731805 	 0.1076
731806 	 0.1104
731807 	 0.1048
731808 	 0.1019
731809 	 0.1019
731810 	 0.1019
731811 	 0.1019
731812 	 0.1048
731813 	 0.1019
731814 	 0.1161
731815 	 0.1104
731816 	 0.1784
731817 	 0.1133
731818 	 0.1048
731819 	 0.1019
731820 	 0.1019
731821 	 0.1019
731822 	 0.1189
731823 	 0.1076
731824 	 0.1019
731825 	 0.1019
731826 	 0.0991
731827 	 0.1019
731828 	 0.1019
731829 	 0.1048
731830 	 0.1019
731831 	 0.1048
731832 	 0.1048
731833 	 0.1019
731834 	 0.0991
731835 	 0.1019
731836 	 0.1019
731837 	 0.1019
731838 	 0.1048
731839 	 0.1019
731840 	 0.0991
731841 	 0.0991
731842 	 0.0991
731843 	 0.0991
731844 	 0.0991
731845 	 0.1019
731846 	 0.1019
731847 	 0.0991
731848 	 0.0991
731849 	 0.0991
731850 	 0.0991
731851 	 0.0963
731852 	 0.0963
731853 	 0.0963
731854 	 0.0963
731855 	 0.1331
731856 	 0.5947
731857 	 0.1727
731858 	 0.1586
731859 	 0.1614
731860 	 0.1246
731861 	 0.1841
731862 	 0.1699
731863 	 0.2832
731864 	 0.1727
731865 	 0.1472
731866 	 0.1642
731867 	 0.2379
731868 	 0.1501
731869 	 0.1841
731870 	 0.1841
731871 	 0.1388
731872 	 0.1246
731873 	 0.1189
731874 	 0.1133
731875 	 0.1133
731876 	 0.1161
731877 	 0.1076
731878 	 0.1076
731879 	 0.1048
731880 	 0.1019
731881 	 0.1019
731882 	 0.1897
731883 	 0.1727
731884 	 0.1699
731885 	 0.1388
731886 	 0.1218
731887 	 0.1133
731888 	 0.1104
731889 	 0.1076
731890 	 0.1048
731891 	 0.1019
731892 	 0.1048
731893 	 0.1048
731894 	 0.1019
731895 	 0.1019
731896 	 0.1048
731897 	 0.1048
731898 	 0.1189
731899 	 0.1303
731900 	 0.1274
731901 	 0.1189
731902 	 0.1161
731903 	 0.1076
731904 	 0.2010
731905 	 0.1274
731906 	 0.1189
731907 	 0.1161
731908 	 0.2237
731909 	 0.1784
731910 	 0.2577
731911 	 0.1727
731912 	 0.1444
731913 	 0.1274
731914 	 0.1189
731915 	 0.1133
731916 	 0.5947
731917 	 0.7362
731918 	 0.8778
731919 	 0.7646
731920 	 0.3398
731921 	 0.2265
731922 	 0.4531
731923 	 0.7646
731924 	 0.6230
731925 	 0.3398
731926 	 0.2803
731927 	 0.2010
731928 	 0.1699
731929 	 0.1501
731930 	 0.1416
731931 	 0.1359
731932 	 0.2152
731933 	 0.1331
731934 	 0.1218
731935 	 0.1161
731936 	 0.1133
731937 	 0.1104
731938 	 0.1076
731939 	 0.1076
731940 	 0.1019
731941 	 0.1019
731942 	 0.2350
731943 	 0.3964
731944 	 0.2209
731945 	 0.2294
731946 	 0.1869
731947 	 0.2322
731948 	 0.1671
731949 	 0.1388
731950 	 0.1218
731951 	 0.1133
731952 	 0.1104
731953 	 0.1076
731954 	 0.1076
731955 	 0.1019
731956 	 0.1104
731957 	 0.1019
731958 	 0.2832
731959 	 0.1388
731960 	 0.4248
731961 	 0.1727
731962 	 0.1416
731963 	 0.1303
731964 	 0.1218
731965 	 0.1161
731966 	 0.1218
731967 	 0.1331
731968 	 0.2039
731969 	 0.2718
731970 	 0.1501
731971 	 0.1331
731972 	 0.8778
731973 	 0.2464
731974 	 0.1671
731975 	 0.1472
731976 	 0.1501
731977 	 0.1303
731978 	 0.1274
731979 	 0.1189
731980 	 0.1161
731981 	 0.1133
731982 	 0.1218
731983 	 0.1303
731984 	 0.1218
731985 	 0.1161
731986 	 0.1104
731987 	 0.1699
731988 	 0.1331
731989 	 0.1303
731990 	 0.1189
731991 	 0.1133
731992 	 0.4531
731993 	 0.2124
731994 	 0.1472
731995 	 0.1303
731996 	 0.1189
731997 	 0.1133
731998 	 0.1104
731999 	 0.1076
732000 	 0.1076
732001 	 0.1048
732002 	 0.1019
732003 	 0.1133
732004 	 1.3309
732005 	 0.4814
732006 	 0.2464
732007 	 2.2087
732008 	 1.5008
732009 	 0.3115
732010 	 2.5485
732011 	 0.8495
732012 	 0.2832
732013 	 0.3964
732014 	 0.4814
732015 	 0.2379
732016 	 0.2095
732017 	 0.1784
732018 	 0.1586
732019 	 2.2937
732020 	 0.3681
732021 	 0.2350
732022 	 0.3115
732023 	 0.2435
732024 	 0.2095
732025 	 0.1812
732026 	 0.5947
732027 	 0.6796
732028 	 1.1893
732029 	 1.5291
732030 	 1.0760
732031 	 0.7362
732032 	 0.4814
732033 	 0.3398
732034 	 0.5097
732035 	 1.3309
732036 	 0.8778
732037 	 0.3681
732038 	 0.2577
732039 	 1.1893
732040 	 3.0299
732041 	 1.9539
732042 	 0.7929
732043 	 0.3964
732044 	 0.2747
732045 	 0.2294
732046 	 0.2322
732047 	 0.2180
732048 	 0.1926
732049 	 0.1784
732050 	 0.5947
732051 	 0.2747
732052 	 0.2237
732053 	 0.5097
732054 	 0.2747
732055 	 0.2010
732056 	 0.2010
732057 	 0.1756
732058 	 0.2464
732059 	 0.1897
732060 	 0.1671
732061 	 0.1557
732062 	 0.2775
732063 	 0.7362
732064 	 0.2124
732065 	 0.1784
732066 	 0.1614
732067 	 0.2633
732068 	 0.2379
732069 	 0.1897
732070 	 0.1642
732071 	 0.1671
732072 	 0.1841
732073 	 0.4531
732074 	 0.2832
732075 	 0.3681
732076 	 0.6230
732077 	 0.3681
732078 	 0.2322
732079 	 0.2435
732080 	 0.2180
732081 	 0.2209
732082 	 0.6230
732083 	 0.3398
732084 	 0.2322
732085 	 0.1897
732086 	 0.1699
732087 	 0.1614
732088 	 0.1614
732089 	 0.1501
732090 	 0.1472
732091 	 0.1501
732092 	 0.1444
732093 	 0.1416
732094 	 0.1472
732095 	 0.1529
732096 	 0.1444
732097 	 0.1388
732098 	 0.1359
732099 	 0.1388
732100 	 0.2039
732101 	 0.2010
732102 	 0.1586
732103 	 0.1501
732104 	 0.1614
732105 	 0.1671
732106 	 0.3964
732107 	 0.3398
732108 	 0.5663
732109 	 0.7079
732110 	 1.2176
732111 	 0.9061
732112 	 0.6230
732113 	 0.3115
732114 	 0.2832
732115 	 0.3681
732116 	 0.9345
732117 	 1.0760
732118 	 0.4814
732119 	 0.3115
732120 	 0.4531
732121 	 0.4248
732122 	 0.2662
732123 	 0.2152
732124 	 0.1982
732125 	 0.1756
732126 	 0.1671
732127 	 0.1614
732128 	 0.1586
732129 	 0.1699
732130 	 0.1529
732131 	 0.1501
732132 	 0.1444
732133 	 0.1416
732134 	 0.1472
732135 	 0.1444
732136 	 0.1388
732137 	 0.1359
732138 	 0.1359
732139 	 0.1359
732140 	 0.1359
732141 	 0.1388
732142 	 0.1359
732143 	 0.1359
732144 	 0.1359
732145 	 0.1331
732146 	 0.1529
732147 	 0.1501
732148 	 0.1359
732149 	 0.1331
732150 	 0.1331
732151 	 0.1331
732152 	 0.1331
732153 	 0.1303
732154 	 0.1586
732155 	 0.1642
732156 	 0.1642
732157 	 0.1416
732158 	 0.1388
732159 	 0.1388
732160 	 0.1416
732161 	 0.6230
732162 	 0.3398
732163 	 0.3115
732164 	 0.1982
732165 	 0.1671
732166 	 0.1557
732167 	 0.1501
732168 	 0.1444
732169 	 0.1444
732170 	 0.1444
732171 	 0.1586
732172 	 0.1557
732173 	 0.1416
732174 	 0.1388
732175 	 0.1388
732176 	 0.1359
732177 	 0.1359
732178 	 0.1359
732179 	 0.1331
732180 	 0.1897
732181 	 0.1501
732182 	 0.1444
732183 	 0.1416
732184 	 0.1869
732185 	 0.2237
732186 	 0.1982
732187 	 0.1671
732188 	 0.1586
732189 	 0.2237
732190 	 0.1614
732191 	 0.1727
732192 	 0.1557
732193 	 0.1501
732194 	 0.1444
732195 	 0.1529
732196 	 0.1784
732197 	 0.1529
732198 	 0.1472
732199 	 0.1586
732200 	 0.1501
732201 	 0.1472
732202 	 0.1954
732203 	 0.2832
732204 	 0.2718
732205 	 0.2209
732206 	 0.1784
732207 	 0.1982
732208 	 0.2294
732209 	 0.3398
732210 	 0.3115
732211 	 0.2832
732212 	 0.2832
732213 	 0.3398
732214 	 0.2747
732215 	 0.2605
732216 	 0.2152
732217 	 0.1812
732218 	 0.1671
732219 	 0.1614
732220 	 0.1586
732221 	 0.1557
732222 	 0.1557
732223 	 0.1529
732224 	 0.3115
732225 	 0.1727
732226 	 0.1671
732227 	 0.6230
732228 	 0.3115
732229 	 0.2152
732230 	 0.1926
732231 	 0.1784
732232 	 0.1727
732233 	 0.1699
732234 	 0.1671
732235 	 0.1671
732236 	 0.1642
732237 	 0.1614
732238 	 0.1699
732239 	 0.2520
732240 	 0.1897
732241 	 0.1727
732242 	 0.1642
732243 	 0.1671
732244 	 0.1926
732245 	 0.1784
732246 	 0.1671
732247 	 0.2010
732248 	 0.2832
732249 	 0.2209
732250 	 0.3681
732251 	 0.4248
732252 	 0.3115
732253 	 0.2237
732254 	 0.1926
732255 	 0.2832
732256 	 1.3309
732257 	 0.5380
732258 	 0.3115
732259 	 0.2294
732260 	 0.2010
732261 	 0.1812
732262 	 0.1727
732263 	 0.1699
732264 	 0.5097
732265 	 1.0477
732266 	 0.3398
732267 	 0.3115
732268 	 1.3592
732269 	 0.5947
732270 	 0.3115
732271 	 0.2379
732272 	 0.2095
732273 	 0.2124
732274 	 0.1897
732275 	 0.1784
732276 	 0.1727
732277 	 0.3964
732278 	 0.2832
732279 	 0.2633
732280 	 0.5947
732281 	 0.3964
732282 	 0.3115
732283 	 0.2718
732284 	 0.2435
732285 	 0.2152
732286 	 0.1954
732287 	 0.1982
732288 	 0.2067
732289 	 0.2180
732290 	 0.2379
732291 	 0.1869
732292 	 0.1756
732293 	 0.1727
732294 	 0.1699
732295 	 0.1671
732296 	 0.1642
732297 	 0.1642
732298 	 0.2577
732299 	 0.2605
732300 	 0.1727
732301 	 0.1699
732302 	 0.1642
732303 	 0.1699
732304 	 0.1642
732305 	 0.1586
732306 	 0.1614
732307 	 0.1727
732308 	 0.2294
732309 	 0.1982
732310 	 0.1671
732311 	 0.4531
732312 	 0.9345
732313 	 1.4442
732314 	 0.3964
732315 	 0.2577
732316 	 0.2124
732317 	 0.2803
732318 	 0.2407
732319 	 0.1926
732320 	 0.1982
732321 	 0.2237
732322 	 0.1812
732323 	 0.1982
732324 	 0.1727
732325 	 0.1756
732326 	 0.1727
732327 	 0.1642
732328 	 0.2379
732329 	 0.3681
732330 	 0.2379
732331 	 0.1869
732332 	 0.1727
732333 	 0.8495
732334 	 0.2832
732335 	 0.2124
732336 	 0.1897
732337 	 0.1812
732338 	 2.9450
732339 	 0.3681
732340 	 0.2407
732341 	 0.3398
732342 	 0.3115
732343 	 0.5380
732344 	 1.4725
732345 	 6.8244
732346 	 1.0477
732347 	 0.7079
732348 	 0.4531
732349 	 0.2803
732350 	 0.2237
732351 	 0.2039
732352 	 0.1926
732353 	 0.2039
732354 	 0.7646
732355 	 1.2743
732356 	 0.5380
732357 	 0.2832
732358 	 0.2265
732359 	 0.2039
732360 	 0.1954
732361 	 0.1841
732362 	 0.1784
732363 	 0.1727
732364 	 0.1699
732365 	 0.1699
732366 	 0.2577
732367 	 0.2690
732368 	 0.3398
732369 	 0.3398
732370 	 0.2577
732371 	 0.2067
732372 	 0.1841
732373 	 0.1727
732374 	 0.1699
732375 	 0.1671
732376 	 0.5097
732377 	 0.2718
732378 	 0.2010
732379 	 0.1841
732380 	 0.5663
732381 	 0.3398
732382 	 0.2209
732383 	 0.2010
732384 	 0.2067
732385 	 0.1869
732386 	 0.1897
732387 	 0.1756
732388 	 0.1699
732389 	 0.1642
732390 	 0.1671
732391 	 0.1614
732392 	 0.1586
732393 	 0.1586
732394 	 0.1557
732395 	 0.1529
732396 	 0.6796
732397 	 0.8495
732398 	 0.2832
732399 	 0.2407
732400 	 1.5008
732401 	 0.5097
732402 	 0.3115
732403 	 0.2464
732404 	 0.2549
732405 	 0.2520
732406 	 0.2690
732407 	 0.2152
732408 	 0.2067
732409 	 0.2124
732410 	 0.4248
732411 	 0.3681
732412 	 0.2633
732413 	 0.3681
732414 	 0.2718
732415 	 0.3681
732416 	 0.5097
732417 	 0.3964
732418 	 0.2775
732419 	 0.2209
732420 	 0.1982
732421 	 0.1869
732422 	 0.1784
732423 	 0.1756
732424 	 0.1699
732425 	 0.1671
732426 	 0.1671
732427 	 0.1642
732428 	 0.1642
732429 	 0.1642
732430 	 0.1642
732431 	 0.1586
732432 	 0.1586
732433 	 0.1699
732434 	 0.3115
732435 	 0.2180
732436 	 0.1756
732437 	 0.1671
732438 	 0.1642
732439 	 0.1614
732440 	 0.1614
732441 	 0.1586
732442 	 0.1586
732443 	 0.1586
732444 	 0.1557
732445 	 0.1557
732446 	 0.1557
732447 	 0.1557
732448 	 0.1529
732449 	 0.1529
732450 	 0.1557
732451 	 0.1529
732452 	 0.1529
732453 	 0.1529
732454 	 0.2662
732455 	 0.2775
732456 	 0.1727
732457 	 0.1642
732458 	 0.1586
732459 	 0.1586
732460 	 0.1671
732461 	 0.1699
732462 	 0.1557
732463 	 0.1557
732464 	 0.1529
732465 	 0.1529
732466 	 0.1501
732467 	 0.1472
732468 	 0.1472
732469 	 0.1472
732470 	 0.1501
732471 	 0.1472
732472 	 0.1699
732473 	 0.1727
732474 	 0.1529
732475 	 0.1472
732476 	 0.1472
732477 	 0.1444
732478 	 0.1444
732479 	 0.1444
732480 	 0.1472
732481 	 0.1472
732482 	 0.4248
732483 	 0.2265
732484 	 0.1699
732485 	 0.1557
732486 	 0.1501
732487 	 0.1501
732488 	 0.1472
732489 	 0.1472
732490 	 0.1472
732491 	 0.1557
732492 	 0.1784
732493 	 0.1812
732494 	 0.1954
732495 	 0.1897
732496 	 0.1671
732497 	 0.5380
732498 	 0.2803
732499 	 0.1926
732500 	 0.1756
732501 	 0.2010
732502 	 0.5380
732503 	 0.3398
732504 	 0.2832
732505 	 0.5097
732506 	 0.2832
732507 	 0.2322
732508 	 0.2124
732509 	 0.2832
732510 	 0.3115
732511 	 0.2350
732512 	 0.1954
732513 	 0.1812
732514 	 0.1699
732515 	 0.1727
732516 	 0.1727
732517 	 0.1642
732518 	 0.1586
732519 	 0.1557
732520 	 0.1529
732521 	 0.1869
732522 	 0.1926
732523 	 0.1586
732524 	 0.1557
732525 	 0.1529
732526 	 0.1501
732527 	 0.1501
732528 	 0.1472
732529 	 0.1444
732530 	 0.1444
732531 	 0.1416
732532 	 0.1444
732533 	 0.1416
732534 	 0.1444
732535 	 0.1444
732536 	 0.1416
732537 	 0.1416
732538 	 0.1416
732539 	 0.1444
732540 	 0.1416
732541 	 0.1416
732542 	 0.1388
732543 	 0.1388
732544 	 0.1388
732545 	 0.1388
732546 	 0.1359
732547 	 0.1331
732548 	 0.1331
732549 	 0.1388
732550 	 0.1331
732551 	 0.1331
732552 	 0.1331
732553 	 0.1416
732554 	 0.1388
732555 	 0.1331
732556 	 0.1416
732557 	 0.1331
732558 	 0.1331
732559 	 0.1784
732560 	 0.1501
732561 	 0.1416
732562 	 0.1359
732563 	 0.1359
732564 	 0.1388
732565 	 0.1444
732566 	 0.1444
732567 	 0.1444
732568 	 0.4814
732569 	 4.9271
732570 	 3.2564
732571 	 1.0477
732572 	 0.4531
732573 	 0.2633
732574 	 0.1982
732575 	 0.2124
732576 	 0.3115
732577 	 0.3681
732578 	 0.4248
732579 	 0.2747
732580 	 0.1926
732581 	 0.1756
732582 	 0.1586
732583 	 0.1557
732584 	 0.1501
732585 	 0.4814
