0.5097
0.5097
0.5947
1.0760
0.5097
0.5097
0.5097
0.5097
0.6796
0.5097
0.4531
1.1893
1.4158
0.5947
2.2087
0.9628
0.5947
0.5097
0.6796
0.5947
2.8883
2.0388
1.6990
1.6990
1.6990
1.3592
1.3592
3.3980
1.3592
1.5291
0.9628
0.6796
0.6796
0.8495
0.5947
0.5097
0.5947
2.4352
1.3026
0.8495
0.5947
5.0970
11.2135
3.3980
1.3592
0.8495
0.6796
0.5947
0.8495
0.5947
0.5097
0.5947
1.2743
0.5947
0.5097
0.5947
11.6665
12.2329
2.0388
1.0760
0.7646
11.4400
19.2838
5.3802
7.2208
5.6634
3.1432
3.3980
3.1432
2.8883
7.6172
6.7960
3.3980
2.0388
0.8495
0.6796
0.5947
0.7646
0.8495
0.9628
0.6796
0.6796
0.6796
1.0760
0.8495
1.5291
4.5307
2.4352
0.6796
0.8495
0.6796
0.6796
0.5947
0.5097
0.5097
0.4531
0.4531
0.3964
0.3964
0.5097
0.3964
0.3964
0.3964
0.3964
0.3964
0.3964
0.3964
0.3964
0.3964
0.3964
0.3964
0.3964
0.4531
1.6990
16.7919
29.1664
22.6818
5.0970
2.0388
2.4352
8.9764
3.6812
3.1432
2.0388
0.6796
0.6796
0.7646
0.7646
2.3503
14.3283
5.0970
12.3461
14.8947
30.5822
18.1794
6.2297
3.9644
3.3980
22.9083
5.6634
6.7960
3.9644
3.1432
3.1432
2.8883
14.4133
13.7903
5.3802
8.0986
31.9980
5.9465
4.5307
16.7353
24.5224
10.1657
5.6634
5.6634
4.2475
13.1957
6.7960
5.0970
6.6261
12.3461
6.7960
6.2297
4.2475
3.6812
3.1432
2.8883
2.8883
1.6990
0.9628
0.9628
1.3592
1.6990
2.0388
3.3980
2.4352
9.3729
3.1432
2.4352
2.4352
2.4352
2.2370
1.8689
1.6990
1.6990
2.0388
5.0970
3.1432
2.6618
2.4352
2.2370
1.5291
1.3592
1.3592
1.6990
1.8689
2.0388
2.4352
2.0388
1.8689
1.5291
1.6990
1.5291
6.9943
6.2297
3.6812
3.1432
2.8883
2.2370
1.8689
1.6990
1.6990
1.5291
1.3592
1.3592
1.3592
1.2176
1.2176
1.0760
1.0760
0.8495
1.0760
1.6990
1.3592
0.7646
0.6796
2.4352
2.0388
3.6812
3.6812
9.0614
4.5307
6.2297
4.2475
1.8689
1.2176
5.7483
3.3980
1.6990
1.0760
0.8495
0.6796
0.8495
0.7646
0.7646
0.5947
0.6796
0.6796
0.8495
0.5097
0.6796
0.6796
0.5097
0.5097
0.8495
1.5291
1.0760
0.7646
0.5947
0.6796
3.6529
1.9822
3.3980
0.9628
0.5947
0.5097
0.8495
4.5307
6.1731
4.6156
5.0970
2.8883
3.9927
4.2475
3.1432
1.6990
3.5962
5.7483
3.9644
1.6990
1.2176
1.3592
0.9628
5.6634
4.2475
2.6618
1.3592
1.3592
0.9628
0.9628
1.0760
5.6634
2.0388
2.9733
2.0388
3.9644
4.5307
2.8883
3.1432
3.9644
3.3980
1.8689
1.6990
1.6990
3.7378
1.6990
3.6246
1.3592
1.0760
0.9628
2.4069
1.5291
1.2176
0.9628
1.0760
0.7646
0.6796
0.9628
0.6796
0.9628
1.5291
1.8689
1.0760
0.8495
0.6796
0.5947
0.5097
7.1925
6.7960
2.4352
1.0760
0.7646
0.6796
0.5947
1.4442
0.5947
0.5097
0.5097
0.5947
0.6796
0.5097
1.0760
0.5097
3.9927
1.3592
2.0388
1.0760
0.8495
1.8406
2.0388
2.3786
3.1432
1.0760
0.6796
0.5947
0.5947
0.5097
0.7646
1.0760
0.5097
0.5097
0.8495
1.3592
0.6796
0.5097
0.5097
0.5097
0.8495
1.3592
0.8495
0.5097
1.3592
3.9644
5.6634
6.2297
1.3592
1.2176
4.5307
1.6990
6.7960
6.7960
2.0388
5.9465
19.7085
17.7547
8.0703
50.6872
6.7960
13.5921
6.2297
3.3980
2.0388
2.8883
2.8883
1.6990
3.1998
4.5307
2.0388
1.6990
1.6990
1.3592
0.9628
0.8495
0.6796
0.6796
0.6796
0.5947
0.5947
0.5947
0.5947
0.5097
0.5097
0.5097
0.5097
0.4531
0.5097
0.8495
0.3964
0.3964
0.3964
0.3964
0.3964
0.4531
0.4531
0.3964
0.3964
0.3964
0.3964
0.8495
0.5947
0.5947
0.8495
1.5857
1.3592
1.0760
0.5947
3.1715
3.9644
4.5307
2.0388
4.5307
5.2669
5.0970
2.2370
2.2370
1.5291
0.9628
0.8495
1.2459
0.8495
2.2370
0.5097
0.5097
0.5097
0.5097
0.5097
0.5097
0.5097
0.5097
3.1432
0.9628
1.3592
26.2780
3.3980
6.2297
3.9644
2.4352
2.2370
0.8495
6.2297
2.0388
2.4352
1.8689
1.3592
1.0760
0.9628
0.6796
0.6796
0.5947
0.5097
0.5097
0.5097
1.0760
1.0760
0.5097
0.5097
0.5380
0.6230
0.7646
1.9255
0.6796
0.6513
1.4158
1.2743
0.6796
0.5947
0.6513
1.3309
1.8123
0.6230
0.5947
0.5097
0.5097
0.4814
0.5663
0.4531
0.4531
1.3592
1.4158
0.8495
0.9628
0.9628
0.9061
0.5097
0.6230
0.6230
0.4531
0.4531
0.4531
0.4814
0.3681
0.3681
0.3681
0.3681
0.3681
0.3681
0.3681
0.3681
0.3681
0.3681
0.3681
0.3681
0.3681
0.3681
0.3681
0.3681
0.4814
0.8778
6.3713
2.8317
0.7646
0.5663
0.3964
0.3681
0.4531
0.4814
0.4814
0.6513
0.4814
0.3681
0.4531
0.5947
0.4531
2.9733
1.5857
11.2135
5.2669
9.2030
2.9166
1.3592
0.7929
0.7646
0.9628
0.5097
0.5097
0.5097
0.5097
0.4814
0.5380
1.5291
0.5663
0.4531
0.4531
0.4531
0.4531
0.4814
0.4531
0.3681
0.3681
0.6513
0.5097
1.3309
7.2491
2.2653
4.8139
1.2743
0.9628
0.5947
0.5380
0.6513
0.4814
0.6230
1.6707
0.8212
0.4531
1.1327
0.4531
0.6230
0.7929
0.5097
1.3592
0.8778
0.5947
0.5097
0.4531
0.4531
0.4531
0.4531
1.2459
1.8123
1.3592
0.5663
0.4814
0.9911
0.4814
0.4531
0.4814
0.4531
0.4814
1.2459
2.4636
0.6796
0.4814
0.4531
0.4814
0.4814
0.5663
0.9345
1.0194
1.5291
0.7362
0.6230
2.5202
7.9570
3.7661
1.4158
0.4814
0.5947
0.5097
0.5380
0.9911
1.0194
0.6796
0.5380
0.5663
0.6796
0.4814
0.4531
0.4531
1.8689
1.0194
0.8212
0.6513
0.4814
0.6230
0.9345
0.5380
1.5857
0.9061
0.7646
2.3786
0.7079
0.6230
0.6796
0.5380
0.5097
0.4531
0.4814
0.4531
0.4248
0.3964
0.6230
0.5380
0.9345
0.4248
0.5097
1.0194
3.0016
0.6796
21.9172
5.9749
3.6529
1.4158
5.7483
1.6141
0.9911
0.6513
1.0194
0.4248
0.4248
1.4725
0.6513
1.0477
0.5947
0.5380
0.6513
0.6230
0.6796
0.6513
0.4814
0.5097
0.7079
0.6796
0.6513
0.6796
1.3309
1.5291
0.5380
0.5097
0.4531
0.4248
4.3891
1.5291
0.6513
0.5097
0.4531
0.4814
0.4814
0.5663
1.0194
0.7362
1.8123
1.0194
1.5291
6.5412
1.6141
1.2743
6.0881
2.5202
2.5485
2.5202
2.0954
1.0760
0.8212
5.9749
1.6990
1.1327
0.9345
0.6230
0.7362
0.8495
0.6513
0.6230
0.5663
0.6513
0.6230
0.4248
0.5663
0.5380
0.5380
0.8212
0.5663
0.4814
0.4531
0.4248
0.4248
0.4814
0.5663
0.6513
0.7079
0.5380
1.0194
0.5097
0.6513
0.6513
0.6513
1.0194
0.6513
0.6513
0.5663
0.6230
0.5380
0.5663
0.5380
0.5380
1.1044
1.1327
3.3131
1.4158
4.5024
1.9539
1.5857
0.6796
1.6424
6.2580
2.2653
2.5202
1.5574
1.3026
1.4158
0.8212
0.6230
0.5947
0.5947
1.6990
0.7646
0.6513
3.1998
3.5396
0.8778
0.6230
0.5380
0.5097
0.5097
0.5097
0.5097
0.5097
0.8495
0.8212
0.5947
0.9911
1.3875
2.0105
0.7646
0.6230
0.5097
0.4814
0.5097
1.1044
1.1327
2.0954
30.5822
43.8911
5.4085
1.6990
1.0477
0.8212
3.6529
1.3592
0.8778
0.6796
0.5097
0.5380
0.5380
0.5097
0.8212
0.5097
0.5380
0.5947
2.6051
9.2030
11.2135
9.2030
22.7951
10.1657
2.8600
1.6990
1.1893
0.9628
0.8212
0.7929
0.6796
0.5663
0.5380
0.5097
0.5097
0.5380
0.5663
4.6723
1.4158
5.0970
4.0210
4.0210
19.2838
3.6529
7.4756
3.3980
1.6707
1.7840
2.1238
0.6796
0.8212
2.0388
1.2176
2.2653
0.9628
0.5663
0.5380
0.4814
0.4531
0.4531
0.5663
0.4531
0.4531
0.4531
0.4248
0.4814
1.4158
1.5574
1.0194
0.4814
0.9061
0.9345
0.4531
0.3964
0.3964
0.3964
0.5097
0.4248
0.7079
0.8495
0.8212
0.5380
0.4531
0.4531
1.3592
0.5097
0.3964
0.3681
0.3681
0.3681
0.3681
0.3681
0.3681
0.3681
0.3681
0.5947
0.4531
0.3681
0.3681
0.3681
0.3681
0.3681
0.3681
0.3681
0.3964
0.6513
0.4531
0.5663
0.6230
0.6230
1.0194
0.9911
0.7929
2.1521
1.8972
0.8495
0.6796
0.8212
0.5097
0.6230
2.2087
1.1327
1.1044
0.8212
0.5097
0.3964
0.3964
0.4531
1.5574
0.5663
0.5663
0.4248
6.8810
4.2192
4.0210
1.1610
3.1715
2.0388
2.4636
0.8495
0.6796
0.5663
1.0760
0.5097
6.2580
1.6141
0.9345
0.8212
2.3220
4.0210
1.5574
4.9271
2.6901
1.6424
0.7646
1.1327
1.5291
2.2653
0.9061
0.7079
4.0210
6.9659
7.5323
3.3131
1.8972
1.0194
1.0760
1.5857
0.6230
0.5097
0.4814
0.4814
0.4531
0.7362
0.4531
0.3681
0.3964
0.3964
0.3964
2.8600
0.6796
0.3964
0.7079
13.5921
3.0582
2.3786
1.0760
1.0194
0.5663
1.3026
1.0760
1.8123
0.6796
1.3592
1.1327
0.9628
1.2459
0.5380
0.6513
0.7079
0.5097
0.7362
0.5097
0.5663
0.4531
0.5663
1.6141
3.3980
2.6051
1.0194
2.2087
2.4636
7.8438
2.9733
3.3414
3.9077
1.4158
1.0194
0.6513
0.6230
0.5663
0.5097
0.4814
1.6990
0.6513
0.6230
0.6230
0.5097
0.5097
0.5663
1.0194
0.5097
0.4531
0.4248
0.4814
1.1610
1.9255
0.7079
0.4248
0.8212
0.3964
0.3964
1.8972
0.8495
0.3964
0.3681
0.3398
0.3681
0.5097
0.4814
0.3964
0.3681
0.3398
0.7362
0.7079
0.6513
0.4248
0.3681
0.3681
0.3398
0.3398
0.3398
0.9061
0.3681
0.3398
0.3681
0.6796
0.5097
0.4248
1.2176
4.0493
1.0760
3.4830
1.4442
2.0388
1.1327
0.4531
0.4248
1.2176
0.5663
0.3964
0.3964
0.3681
0.3681
0.3681
0.3681
0.3681
0.3964
0.3681
0.3398
0.3398
0.3681
0.3398
0.3398
0.3398
0.3398
0.3398
0.3398
0.3398
0.3398
0.7362
0.3398
0.3398
0.4248
0.3681
0.3398
0.3398
0.3398
1.5008
1.8972
17.7547
5.5501
1.5857
2.1521
1.5008
3.4263
1.7840
1.2176
0.9628
0.6230
0.8212
0.4248
0.3964
0.5380
1.2176
0.8212
1.6990
2.4919
2.0671
1.5008
0.9628
0.4248
0.4248
0.4248
0.3964
0.8212
0.5380
0.3681
0.3964
0.5663
0.3964
0.3681
2.6618
4.8705
19.2838
32.8475
19.2838
3.5396
2.4919
2.5768
1.6990
1.5008
16.1972
13.5921
3.5396
3.6812
4.7289
5.2103
13.5921
6.9659
3.7095
2.4636
13.5921
6.3430
3.5396
2.7467
2.4636
1.8972
0.8212
1.5008
1.6990
0.7079
0.6513
0.5663
0.4248
0.3964
0.3964
0.3964
0.3681
0.3398
0.3398
0.3681
0.3398
0.3398
0.3398
0.3398
0.3115
0.3115
0.3115
0.3115
0.3115
0.3115
0.3115
0.3115
0.3115
0.3398
0.3398
0.3398
0.3398
0.3964
0.3398
0.3964
1.3026
1.5008
0.3964
0.3398
0.3398
0.3964
0.3398
0.3398
0.8212
1.9822
0.5380
1.6141
0.6513
0.3964
0.3964
0.3964
0.3964
0.3398
0.3398
2.4069
0.6513
0.3964
0.3964
0.3964
0.3398
0.3398
0.3398
0.3398
0.3398
0.3398
0.3398
0.3398
0.3398
0.3398
0.3398
0.3964
0.3964
0.3964
0.6230
0.4248
0.3964
0.3964
0.3964
0.3964
0.3964
0.3964
0.3964
0.3964
0.3964
0.3964
0.3964
0.5380
0.3964
0.3964
0.3398
0.3398
0.5380
0.4248
0.3964
0.3964
0.3964
0.3398
0.3398
0.3964
0.3964
0.7362
0.3964
4.3325
0.8212
0.3964
0.3398
0.3398
0.3398
0.3398
0.3398
0.3398
0.3398
0.3398
0.3964
1.1893
0.4248
0.3964
0.3964
0.6230
0.4248
0.3964
0.3398
0.3964
0.3964
0.3398
0.3398
0.3398
0.3964
0.3398
0.3398
0.3398
0.3398
0.3398
0.3964
0.3964
0.4248
0.3398
0.4248
0.5380
0.7362
5.6917
2.4069
1.1893
0.6230
4.9838
1.1893
0.5380
0.4248
0.4248
0.5380
0.3964
0.3964
0.3964
0.3964
0.5380
14.8947
14.5549
1.5857
0.7079
0.5663
0.5380
0.5380
0.7929
0.7929
0.7079
0.5380
0.5380
4.7006
10.5905
4.7006
1.7556
1.7556
4.7006
1.7556
2.9733
4.3891
1.9822
1.2176
0.9061
6.3147
4.9838
1.2176
0.7929
2.4636
2.9733
2.7184
5.9465
3.2281
1.9822
1.9822
2.1804
0.9061
0.7929
0.6230
0.9061
0.6230
0.7079
4.0776
4.9838
3.2281
14.0168
3.7661
6.7111
2.7184
4.7006
3.2281
1.4158
1.0477
1.5857
1.4158
0.7929
1.0477
1.0477
2.7184
1.5857
1.5857
1.5857
2.1804
4.3891
1.5857
0.9061
0.6230
0.7079
0.6230
3.2281
1.4158
2.1804
0.6230
0.5380
0.5380
0.4814
0.7929
0.7929
8.7499
2.1804
1.5857
1.9822
11.5533
12.5160
4.9838
2.4636
1.7556
2.1804
1.7556
17.3016
5.6067
3.7661
2.7184
1.9822
1.4158
4.3891
1.7556
1.2176
0.9061
0.7079
0.6230
0.6230
1.2176
1.4158
1.4158
1.2176
6.3147
12.5160
4.7006
2.9733
2.7184
1.4158
1.5857
3.2281
8.7499
7.1075
2.1804
4.9838
2.4636
1.4158
3.2281
8.3252
3.2281
1.9822
2.9733
2.9733
2.4636
12.5160
12.0347
23.6446
10.1091
3.5113
3.2281
3.7661
2.9733
2.7184
2.7184
1.5857
2.4636
16.6503
26.2780
60.3149
21.0394
7.5040
8.7499
11.5533
8.7499
11.0719
6.7111
6.3147
4.0776
2.9733
4.0776
4.3891
2.7184
2.1804
1.7556
1.2176
1.0477
1.0477
0.9061
1.2176
1.7556
0.7929
1.0477
1.0477
1.0477
0.7079
0.6230
0.6230
0.5663
0.5663
0.5663
0.7079
4.7006
4.7006
2.1804
4.0776
5.2953
2.1804
0.9061
1.0477
4.7006
1.7556
0.9061
0.7079
0.7079
1.0477
0.9061
0.9061
0.6230
0.5663
0.5380
0.5380
0.5380
0.5380
0.4814
0.4814
0.4814
0.5380
0.7929
0.7929
3.5113
11.5533
12.9974
11.5533
26.2780
6.7111
16.1123
59.1822
19.2838
14.0168
9.2030
6.3147
4.3891
2.9733
2.4636
1.7556
1.5857
1.2176
1.0477
0.9061
0.7929
0.7079
0.7079
4.9838
4.0776
2.7184
1.9822
1.9822
1.9822
1.9822
1.9822
1.7556
2.9733
2.4636
1.5857
1.5857
1.4158
1.2176
0.7929
0.5380
0.4814
0.4814
0.4814
0.4248
0.4248
0.4248
0.4248
0.4248
0.4814
0.3964
0.3964
0.3964
0.3964
0.3964
0.3964
0.3964
0.5663
0.3964
0.3964
0.3964
0.3964
0.3964
0.3964
0.3964
0.3964
0.3964
0.3964
0.3964
0.3964
0.3964
0.3964
0.3964
0.4814
0.3964
0.3964
0.3964
0.5663
0.5380
0.5663
0.3964
0.4248
0.3964
0.3964
0.3964
0.3964
0.3964
0.6230
4.7006
3.2281
0.7079
0.6230
0.4248
0.4248
0.3964
0.3964
0.3964
0.3964
0.3964
0.9061
0.5380
0.4814
0.4248
0.7929
0.6230
0.4248
0.4248
0.3964
0.3964
0.3964
0.3964
0.3964
0.3964
0.3964
0.3964
0.3964
0.3964
0.4248
0.3964
0.5663
0.3964
0.3964
0.3964
0.3964
0.3964
0.3964
0.3964
0.3964
0.3964
0.3964
0.3964
0.4248
1.2176
0.4248
0.3964
0.3964
0.3964
0.3964
0.4248
0.5380
0.3964
3.2281
2.7184
0.7929
0.4248
0.4248
0.3964
0.3964
0.3964
0.3964
0.6230
4.9838
30.5822
20.1616
6.7111
9.6277
4.7006
2.1804
1.0477
0.7079
0.6230
0.4814
0.4248
0.4248
0.4248
0.4248
0.4248
3.5113
0.5663
0.4248
0.4248
0.3964
0.4248
0.4248
0.7929
0.6230
0.4248
0.4248
0.3964
0.3964
0.3964
0.3964
0.3964
0.3964
0.3964
0.3964
0.3964
0.3964
0.3964
0.3964
0.3964
0.5663
0.4248
0.3964
0.4814
1.4158
0.4814
0.4248
0.4248
0.4248
0.4248
0.4814
1.7556
5.6067
3.7661
6.3147
12.5160
3.7661
1.5857
1.0477
0.5663
0.5380
0.4814
0.4248
0.4248
0.5663
0.4814
0.9061
0.9061
0.7929
0.6230
0.6230
0.5380
1.2176
1.4158
0.7929
1.2176
4.3891
1.4158
2.1804
0.7929
0.5663
0.9061
3.2281
0.7929
0.7929
2.9733
0.7929
1.4158
0.6230
0.6230
0.9061
0.5380
6.3147
1.7556
2.1804
0.7929
0.6230
0.7929
0.6230
4.7006
1.4158
5.9465
3.5113
7.1075
2.1804
12.0347
3.2281
1.4158
1.2176
1.0477
2.1804
1.9822
0.9061
0.7079
0.7079
0.7079
0.5663
1.7556
3.5113
3.7661
1.0477
1.2176
0.7079
0.5380
0.5380
0.5380
0.4814
0.9061
1.0477
0.5663
0.5380
0.5663
0.5380
0.7079
0.7929
0.5380
0.5663
0.9061
0.5380
4.7006
5.6067
1.5857
0.6230
0.5380
0.5380
0.5380
2.7184
1.4158
0.6230
0.5380
0.5663
6.3147
1.9822
2.7184
4.9838
5.2953
3.7661
5.2953
4.3891
5.9465
7.1075
12.5160
4.7006
2.4636
1.9822
1.5857
0.9061
2.7184
1.5857
0.7929
0.6230
0.7079
0.5663
0.5380
0.5663
0.5380
2.9733
4.0776
15.6026
3.2281
4.3891
8.3252
4.7006
3.5113
4.7006
5.2953
2.1804
2.4636
1.7556
2.7184
1.9822
8.3252
30.5822
45.5901
11.2135
7.9287
4.0210
16.1972
11.7798
17.7547
10.1657
12.3461
10.1657
7.1358
3.7095
2.1804
1.9822
1.5008
2.1804
1.3026
1.3026
2.1804
3.7095
1.6141
1.0477
0.9628
0.7362
1.1893
7.1358
1.5008
1.3026
0.8212
1.0477
0.9628
0.8212
1.0477
0.5380
0.4248
0.3964
1.6141
0.6230
0.3964
0.3964
0.6230
10.1657
4.9838
3.4263
5.3519
2.6335
1.7840
3.4263
7.1358
2.8883
4.6440
9.2030
3.4263
19.2838
8.3252
5.3519
4.0210
3.4263
2.8883
4.6440
2.8883
2.8883
4.3325
2.8883
4.9838
11.2135
12.3461
9.6844
4.3325
2.6335
2.6335
5.6917
3.4263
2.8883
9.6844
7.9287
7.5323
3.7095
2.8883
2.6335
2.4069
3.7095
13.5921
19.2838
5.2953
3.5113
2.9733
3.5113
3.2281
5.2953
5.9465
3.5113
3.2281
3.2281
3.2281
7.1075
4.3891
3.5113
3.2281
2.7184
2.7184
2.7184
2.1804
1.9822
1.9822
1.7556
1.4158
1.2176
1.0477
3.2281
1.7556
1.4158
1.2176
1.0477
1.0477
1.7556
1.2176
1.4158
7.1075
5.6067
20.1616
19.2838
6.3147
8.7499
4.9838
3.2281
2.9733
2.7184
2.4636
1.9822
1.0477
1.2176
1.0477
0.9061
0.7929
0.7929
0.7929
0.7929
0.7929
0.7929
0.9061
1.0477
0.7929
0.5380
0.4814
0.4248
0.4248
0.4248
0.4248
0.4248
0.4814
0.5380
0.4248
0.4248
0.4248
0.4248
0.4248
0.4248
0.4248
0.4814
0.4814
0.4814
1.0477
0.4814
0.4248
0.7079
0.9061
0.5663
0.7079
0.4814
0.4814
0.4814
0.4814
2.7184
2.7184
8.7499
1.0477
0.5663
0.5663
7.1075
2.9733
2.9733
3.5113
10.5905
4.3891
4.0776
2.9733
5.9465
2.9733
2.1804
1.2176
0.9061
0.7929
1.4158
0.6230
0.5663
0.7929
2.7184
4.3891
1.7556
2.9733
2.1804
2.4636
1.2176
3.2281
1.7556
1.4158
1.7556
1.5857
1.0477
1.5857
1.4158
2.1804
1.4158
2.1804
2.4636
1.4158
4.3891
3.5113
1.4158
1.7556
1.5857
0.9061
1.4158
0.9061
5.6067
4.3891
2.1804
2.1804
2.9733
5.2953
3.5113
2.1804
1.4158
2.4636
1.9822
1.2176
1.4158
1.0477
2.4636
6.3147
2.1804
2.1804
5.6067
1.5857
1.0477
0.7929
0.6230
0.6230
0.7079
0.5663
1.5857
3.5113
4.7006
2.4636
5.6067
6.7111
4.3891
1.9822
3.2281
3.2281
1.7556
1.0477
0.7929
0.7079
0.7079
2.1804
0.9061
1.0477
1.4158
1.2176
1.0477
4.9838
3.5113
3.5113
1.7556
0.9061
1.7556
1.4158
1.4158
0.7929
0.7929
0.9061
0.7929
1.0477
4.3891
1.2176
1.7556
3.2281
2.1804
3.5113
1.9822
1.0477
0.7929
1.2176
0.7079
0.7079
0.7079
0.5663
0.6230
0.5663
0.5380
0.5380
0.6230
0.5380
0.4814
0.4814
0.5380
1.4158
0.5663
1.9822
0.7929
0.9061
0.5663
0.5380
0.5380
0.5380
0.5380
1.0477
1.4158
1.4158
0.7079
1.0477
4.3891
2.1804
1.4158
2.7184
6.3147
5.6067
5.9465
2.7184
1.4158
0.9061
0.6230
0.5663
0.5380
1.7556
3.2281
1.0477
0.6230
0.6230
0.5663
1.0477
1.4158
0.7929
0.9061
0.9061
1.2176
1.5857
2.4636
6.3147
4.7006
2.4636
2.7184
2.7184
7.5040
12.5160
3.2281
3.5113
26.2780
14.0168
7.1075
4.3891
2.4636
1.7556
1.5857
8.7499
7.5040
4.3891
14.5549
13.4788
10.5905
4.0776
6.3147
3.7661
2.4636
1.7556
1.5857
1.4158
2.4636
10.1091
2.7184
2.1804
6.3147
2.4636
1.5857
1.7556
4.0776
4.9838
2.7184
4.0776
4.0776
13.4788
1.3875
0.7079
1.4158
5.5501
4.0776
6.7394
6.8810
2.4636
2.2653
1.5574
1.6707
1.6141
1.1044
1.2743
1.4725
4.9838
18.0945
3.1149
1.8406
4.3325
4.8705
6.2297
3.3697
1.9822
3.6246
3.0299
1.6707
1.5008
2.7467
3.6246
1.5857
4.5590
31.7149
18.8024
6.0881
3.1432
3.1432
2.0105
1.7556
1.5857
1.3026
1.4725
1.5008
1.2176
2.0105
2.8034
17.9529
39.6436
4.5873
2.5768
1.9822
1.5857
1.3592
2.0105
1.4158
1.4158
1.6141
1.3309
1.6707
2.2370
1.3592
1.2176
1.0477
0.9345
1.1044
2.3786
1.1327
1.8972
1.8406
1.1327
0.9345
0.8778
0.8212
1.9822
0.9911
0.8495
0.7929
0.9061
0.9061
0.7079
0.7079
0.6796
0.6796
0.7929
1.2176
1.9822
2.5485
1.4158
0.9345
3.1998
1.5291
1.4442
1.4442
6.2580
1.7840
1.9822
1.1044
1.2176
1.1044
0.9061
0.9061
0.7646
0.7646
0.7362
0.7646
0.8212
8.0703
1.5857
1.4158
13.1390
1.9822
1.2176
1.0477
0.9061
0.8212
0.8212
0.8495
0.7646
0.7362
0.7362
12.9691
5.5218
4.2475
8.7216
4.8139
1.9822
3.8511
6.4279
6.1448
4.8988
3.9360
2.8034
3.7661
2.1804
1.5291
1.2176
1.1044
1.0194
0.8778
0.8212
0.7929
0.7362
0.7362
0.7362
0.7079
1.3026
6.0032
20.5863
3.5962
1.5008
0.9911
0.8495
0.7079
0.6796
0.6796
0.6796
0.7079
0.7079
0.7079
0.6796
0.6796
0.7646
0.6796
0.8212
5.6067
1.0760
0.6796
0.5947
0.5663
0.5663
0.5380
0.5380
1.5008
0.9061
0.6796
0.8212
1.1044
9.2030
23.8428
7.1925
2.5485
2.1804
1.9822
1.7556
1.5291
1.4158
1.1893
1.0194
0.9061
0.8778
0.8212
1.5857
1.1044
0.9061
0.8212
0.7362
0.7079
0.7079
0.6513
0.6230
0.6230
0.5663
0.5663
0.8212
0.6513
0.5663
1.1044
0.7929
0.7079
0.8778
4.8139
17.5281
21.9172
10.9586
6.0881
4.3891
24.0976
10.7321
13.1390
8.4951
4.2475
3.2848
2.8034
3.0582
2.4636
9.8259
17.9246
11.0719
3.8511
4.2192
3.1432
2.7184
2.4919
2.1521
1.7556
1.1327
1.0194
1.4725
1.0194
0.9061
0.8212
1.2459
0.8212
0.7929
0.6230
0.6230
0.5947
0.5663
0.6796
2.8600
10.1657
2.0954
0.8778
0.7646
3.7095
7.9854
7.8721
4.3891
1.9822
1.2176
4.2475
2.0954
2.6335
1.6141
1.0760
1.5857
0.9061
0.9061
13.2240
6.0881
1.9255
2.1804
1.9255
2.5485
6.1731
1.4725
3.4263
1.2459
0.9911
1.1610
0.7079
0.7079
3.1998
9.4578
7.9854
2.2653
3.0299
2.1804
1.7556
1.5291
1.3592
1.3026
2.1804
1.5291
1.3026
1.1893
1.1044
1.0194
0.9061
1.5291
1.1044
1.0194
0.9061
1.0477
2.3786
6.0881
5.6067
7.1358
1.7840
1.2176
1.2176
0.8778
0.9061
0.8212
0.6796
1.4725
3.9077
1.3026
1.1044
0.9628
0.8778
0.8212
0.7929
1.3026
4.3891
1.0477
0.9061
0.8212
1.8406
6.7960
0.9911
1.5857
1.7556
1.1893
3.0299
17.5281
14.9513
7.1925
1.7556
1.3026
1.1893
1.1044
1.0477
1.1893
12.2612
15.9990
6.0315
2.1804
1.7556
1.9822
1.5291
1.6707
1.4158
1.1893
1.2176
1.1044
0.9628
0.9911
0.8212
0.7929
0.7362
0.7362
0.8212
1.5291
1.1044
2.0954
6.5412
1.1327
0.9061
0.9061
3.2281
2.9450
1.5008
0.9061
0.8212
2.3220
2.3220
2.1804
2.1804
6.6545
1.7840
2.1521
1.2176
0.9061
0.7646
0.6230
1.3875
0.6796
0.5380
0.5663
0.7079
1.2459
0.5663
0.4814
5.4368
1.2176
0.9061
0.5663
0.5097
2.0954
1.1044
0.9061
0.5663
0.6796
1.5857
17.4715
8.4101
1.8406
3.0299
2.2370
6.4846
1.9822
1.5574
8.6366
7.4473
12.1762
4.0776
2.2653
1.5574
1.2176
1.6141
0.9628
0.7929
0.6796
0.6796
0.6230
0.5663
0.5097
0.5097
0.4814
3.9077
1.1610
1.2176
0.6796
4.0776
1.0194
1.5574
0.9628
0.6796
0.6796
0.6230
0.5947
0.6230
0.5380
0.5097
0.5097
0.5380
0.5947
0.4814
0.5097
0.5097
1.2459
0.5380
0.4814
0.4531
0.4248
0.4248
0.5097
0.5380
0.6230
0.7929
2.0954
5.4368
0.7929
0.6230
0.6230
0.4248
0.7929
0.6796
0.5097
0.4248
1.5574
3.8511
1.0477
0.5097
0.4814
0.4531
0.4248
0.4248
0.3964
0.4814
0.5097
0.4531
1.4158
1.3592
0.4814
0.4531
1.2176
0.9911
0.4531
0.4531
0.4248
0.9628
1.3592
0.9061
11.5533
9.4578
3.8228
12.2612
25.0038
19.1422
23.9561
16.9901
6.3430
3.3414
2.5768
1.9822
1.5291
1.2743
1.0760
0.9061
0.7646
0.6796
0.6230
0.5380
0.5097
0.5097
0.5097
0.9061
0.5947
0.5097
0.4531
0.4531
0.4248
0.4248
0.3964
0.3964
0.6796
0.5380
0.5663
0.8212
0.5947
0.4248
1.6990
1.3026
0.7646
1.2743
6.4846
7.3907
4.5024
1.5008
0.8778
0.6796
0.6230
0.5663
0.9911
3.1998
0.9061
1.0194
0.7079
0.5097
0.4248
0.4248
0.4248
0.3964
0.5097
3.2848
0.9061
0.7646
0.6796
0.5663
0.6796
0.4531
0.5663
1.0194
3.6812
10.4206
2.6618
2.0105
1.7273
0.9911
0.7362
0.5663
0.4531
0.4248
2.3786
4.0210
2.0954
0.8778
0.7362
0.9345
5.6917
1.9822
13.5921
16.5937
5.5218
14.9796
3.4263
2.8883
1.6707
2.2653
1.3026
1.1327
0.9061
1.1044
0.8212
0.6513
0.5947
0.5663
0.4814
1.2743
0.5663
0.4531
0.9061
3.1998
1.4158
3.1149
0.9628
26.9860
21.5491
20.3598
28.6000
11.4683
19.4537
7.1358
6.3147
4.6440
3.5962
5.7766
2.9450
2.1521
1.6990
1.4158
1.1610
1.3309
1.0194
5.4652
2.9733
1.3309
0.9628
0.7646
0.7079
0.6796
0.6513
0.5663
0.5663
0.6230
1.7840
1.1044
6.2580
3.0582
8.6650
1.7840
1.0194
0.7362
1.8972
1.5008
1.6990
1.9822
2.6335
2.0105
0.9061
0.8778
0.6513
2.5768
6.0032
5.1253
2.1521
1.5574
2.1804
1.0194
0.8778
0.8495
7.7022
6.8244
13.4505
11.2701
12.6293
4.1059
2.3786
1.6990
1.2743
1.1044
0.8778
0.8495
0.9061
0.8778
1.0194
7.2208
22.1721
21.3226
6.1731
3.5396
3.1149
2.1804
1.7556
3.1149
4.4741
4.1626
10.0808
7.6172
5.7483
2.5485
1.7840
1.3592
1.0760
0.9061
0.9061
1.0760
1.5857
0.7929
0.6796
1.5857
0.7929
0.9061
3.1432
1.7840
0.8778
0.6796
1.0194
0.8495
0.8778
3.9360
8.0137
13.3939
3.9077
4.5590
17.0751
6.3996
2.4919
1.7273
1.3592
7.2208
2.4069
1.3026
0.9911
2.0954
1.0477
0.9061
0.7362
