  1.0477
  0.9628
  1.1893
  1.0477
  0.9628
  0.9628
  0.9628
  0.8212
  0.8212
  0.8212
  0.8212
  0.8212
  0.8212
  2.6618
  1.3026
  0.8212
  0.9628
  1.0477
  0.9628
  0.9628
  0.8212
  0.9628
  0.9628
  0.7362
  0.7362
  0.9628
  8.0703
  2.0954
  1.3026
  4.3042
  5.9465
  3.2281
  5.4368
  5.6917
 14.5832
  7.7871
  5.4368
  3.0582
  2.4636
  2.2653
  2.8883
  1.5857
  1.4442
  1.1893
  1.0477
  0.9628
  0.9628
  1.0477
  1.9255
  1.9255
  1.7556
  1.9255
  1.7556
  1.4442
  1.4442
  1.3026
  1.0477
  1.0477
  0.8212
  0.7362
  0.7362
  1.0477
  1.0477
  1.5857
  2.0954
  1.5857
  1.7556
  0.9628
  1.3026
  1.3026
  0.8212
  0.7362
  0.7362
  0.7362
  1.0477
  1.1893
  0.8212
  1.3026
  0.9628
  0.9628
  2.2653
  3.6812
  1.4442
  0.9628
  0.7362
  0.7362
  1.0477
  0.9628
  1.9255
  1.0477
  2.4636
  4.4741
  2.1804
  2.5768
  3.3697
  1.4158
  1.0477
  0.9628
  0.8212
  0.8212
  0.8212
  1.0477
  0.9628
  0.9628
  1.4158
  1.4158
  3.3697
  2.3786
  2.0105
  1.1327
  0.9628
  0.9628
  0.9628
  0.7929
  0.7929
  0.7929
  0.7079
  0.7079
  0.7079
  0.7079
  0.7079
  0.7079
  0.7929
  1.2743
  2.3786
  1.4158
  1.2743
  0.8212
  0.8212
  1.0477
  0.7929
  0.7079
  0.7079
  0.9628
  1.4158
  0.9628
  1.7556
  1.1327
  0.9628
  2.5768
  1.1327
  2.9733
  2.1804
  1.4158
  0.9628
  0.7929
  0.7929
  0.7929
  0.7079
  0.7079
  0.7929
  0.7929
  0.7929
  0.7079
  0.6230
  0.6230
  0.6230
  0.6230
  0.6230
  0.8212
  0.8212
  0.7079
  0.6230
  0.9628
  0.9628
  0.7079
  0.6230
  0.7079
  0.7929
  0.7079
  0.6230
  2.3786
  1.8972
  2.0105
  1.0477
  1.2743
  1.0477
  1.0477
  0.8212
  0.9628
  0.7929
  0.7079
  0.6230
  2.0105
  3.2281
  7.9287
 12.4877
 12.0347
  4.3891
  3.4547
  3.4547
  7.9287
 31.4317
 27.6089
 14.2434
  7.1075
  5.5218
  4.4741
  4.0210
  3.7661
 24.8905
 18.8307
 14.6681
 11.6949
  9.2879
  7.1075
  5.8333
  5.2669
  4.9838
  5.8333
  4.2475
  3.7661
  3.3414
  3.3414
  2.9450
  2.9450
  3.5396
  2.9450
  2.0954
  1.9822
  3.1432
  2.0954
  2.2653
  2.9450
  6.1448
  3.5396
  2.5768
  2.2653
  2.2653
  2.2653
  2.4636
  2.2653
  2.0954
  1.9822
  1.9822
  2.4636
  2.0954
  2.5768
  1.9822
  1.9822
  2.0954
  2.4636
  2.5768
  1.8406
  1.5857
  1.4442
  1.4442
  1.3026
  1.2176
  1.2176
  1.2176
  1.1327
  1.1327
  1.4442
  1.8406
  1.6990
  1.9822
  1.4442
  1.3026
  1.6990
  1.9822
  1.4442
  1.9822
  3.5396
  3.7661
  2.9450
  3.1432
  1.9822
  1.8406
  1.6990
  1.9822
  1.9822
  1.8406
  1.8406
  0.4248
  0.4248
  0.4248
  0.4248
  0.4248
  0.4248
  0.4248
  0.4248
  0.4248
  0.4248
  0.4248
  0.4248
  0.4248
  0.4248
  0.4814
  0.5097
  0.4531
  0.4531
  0.5947
  0.5947
  0.4814
  0.4531
  0.4531
  0.4248
  0.4248
  0.4248
  0.4248
  0.4531
  0.4814
  0.5947
  1.1044
  0.5380
  0.4248
  0.3964
  0.3681
  0.3681
  0.3681
  0.3964
  0.3681
  0.3398
  0.3115
  0.3115
  0.3115
  0.7362
  1.3026
  0.5097
  0.3681
  0.3115
  0.3115
  0.3115
  0.3964
  0.4531
  0.3964
  0.3398
  0.3398
  2.2653
  1.8972
  0.7646
  0.8212
  0.5097
  0.4248
  0.3964
  0.3964
  0.3681
  0.5947
  3.2848
  0.7362
  0.4531
  0.3964
  0.3681
  0.3681
  0.3398
  0.3398
  0.3115
  0.3115
  0.3115
  0.3398
  0.3115
  0.3115
  0.3115
  0.3115
  0.3115
  0.3115
  0.3115
  0.3398
  0.3115
  0.6513
  2.3786
  1.0477
  0.5947
  0.7079
  0.4531
  0.3964
  0.3681
  0.3398
  0.3398
  0.3115
  0.3115
  0.3115
  0.3115
  0.3398
  0.3964
  0.3681
  0.3681
  0.9061
  1.3592
  0.6230
  0.4814
  0.4248
  0.3681
  0.3681
  0.3398
  0.3398
  0.3398
  0.3398
  0.3398
  0.3398
  0.3398
  0.3964
  0.3964
  0.3681
  0.3681
  0.3964
  0.7079
  0.5097
  0.4248
  0.4248
  0.4248
  0.5380
  0.4814
  0.4248
  0.4248
  3.6812
  1.5857
  0.5663
  0.4531
  0.4248
  0.3964
  0.3964
  0.3964
  0.3964
  0.3964
  0.3681
  0.3681
  0.3964
  0.4531
  0.4248
  0.3964
  0.3681
  0.3681
  0.3681
  0.3681
  0.3681
  0.3681
  0.3681
  0.3681
  0.3681
  0.3681
  0.3681
  0.3681
  0.3681
  0.3681
  0.3681
  0.3681
  0.3681
  0.3681
  0.3681
  0.3681
  0.3681
  0.3681
  0.3681
  0.3681
  0.4248
  2.1804
  0.6796
  0.4531
  0.3964
  0.3964
  0.3681
  0.3681
  0.3681
  0.3681
  0.3681
  0.3964
  0.3964
  0.3964
  0.3964
  0.3964
  0.9061
  0.5097
  7.4473
  2.8034
  0.8212
  0.5663
  0.7362
  0.6513
  0.5097
  0.5097
  1.8972
  1.2743
  0.7362
  0.5947
  0.5097
  0.4814
  0.4248
  0.4248
  0.4248
  0.4248
  0.3964
  0.3964
  0.3964
  0.4248
  0.3964
  0.3964
  0.3681
  0.3681
  0.3681
  0.3681
  0.3681
  0.3681
  0.3681
  0.3681
  0.3681
  0.3681
  0.3681
  0.3681
  0.3681
  0.4248
  0.8212
  1.3026
  1.9255
  1.2176
  0.7646
  0.5380
  3.2848
  2.2370
  0.7362
  0.5380
  0.5380
  0.4531
  0.4248
  0.3964
  0.3964
  0.3964
  0.3964
  0.3964
  0.4248
  0.4531
  0.4248
  0.3964
  0.3681
  0.3681
  0.3681
  0.3681
  0.3681
  0.3398
  0.3398
  0.3398
  0.3398
  0.3398
  0.3681
  0.3681
  0.3964
  0.3681
  0.3681
  0.4248
  0.4248
  0.3964
  0.3681
  0.3964
  0.3964
  0.4531
  0.4531
  1.1893
  0.7079
  0.4531
  0.3964
  0.3681
  0.3681
  0.3964
  0.3964
  0.3681
  0.3681
  0.4248
  0.5097
  0.3964
  0.3681
  0.3681
  0.3398
  0.4248
  0.4248
  0.3681
  0.3964
  0.4248
  0.4248
  0.3681
  0.3681
  0.3398
  0.3398
  2.0105
  0.8212
  1.6990
  1.0477
  0.5097
  0.4248
  1.0477
  0.8495
  0.7362
  0.6796
  0.6513
  0.6230
  0.5947
  0.5663
  0.5947
  0.6230
  0.5663
  6.7394
  6.2297
 15.7158
 18.1228
  2.8883
  1.5857
  1.6990
  1.5008
  1.0194
  0.8212
  0.7362
  2.0954
  2.2370
  0.8212
  0.7079
  0.6513
  0.6230
  0.5947
  0.5663
  0.5663
  0.5663
  0.5380
  0.5380
  0.5380
  0.5097
  0.5097
  0.5663
  0.7362
  0.6796
  0.5663
  0.5097
  0.6230
  4.8139
 15.7158
 25.0038
 15.7725
 15.7725
 15.7725
  1.5857
  1.5857
  1.5857
  1.5857
  1.5857
  1.5857
  1.5857
  1.5857
  1.5857
  1.5857
  1.5857
  1.5857
  0.8778
  0.8778
  0.8778
  0.8778
  0.8778
  0.8778
  0.8778
  0.8778
  0.8778
  0.8778
  0.8778
  0.8778
  0.8778
  0.8778
  0.8778
  0.8778
  0.8778
  0.8778
  0.8778
  0.8778
  0.8778
  0.8778
  0.8778
  0.8778
  0.8778
  0.8778
  0.8778
  0.8778
  0.8778
  0.8778
  0.3964
  0.3964
  0.3964
  0.3964
  0.3964
  0.3964
  0.3964
  3.7378
  3.7378
  3.7378
  3.7378
  3.7378
  3.7378
  0.3681
  0.3681
  0.3681
  0.3681
  0.3681
  0.3681
  0.3681
  0.3681
  0.3681
  0.5380
  0.5380
  0.5380
  0.5380
  0.5380
  0.5380
  0.5380
  0.5380
  0.5380
  0.4248
  0.4248
  0.4531
  0.4248
  0.4248
  0.4248
  0.5097
  0.8495
  0.7362
  0.5097
  0.4531
  0.5097
  0.5663
  0.4531
  0.4248
  0.3681
  0.3681
  0.3398
  0.3398
  0.3398
  0.2775
  0.7362
  0.4814
  0.5097
  0.3681
  0.2832
  0.2633
  0.2633
  0.2549
  0.3398
  0.2662
  0.2633
  0.2662
  0.2775
  0.3681
  0.2832
  0.2662
  0.6796
  4.8139
  0.5097
  0.3681
  0.3115
  0.3115
  0.2832
  0.2832
  0.2832
  0.2775
  0.2832
  0.2832
  0.2775
  0.2775
  0.2775
  0.2775
  0.2775
  0.2775
  0.2775
  0.2775
  0.2662
  0.2775
  0.2832
  0.2832
  0.6513
  0.6513
  0.6513
  0.6513
  0.6513
  0.6513
  0.6513
  0.6513
  0.5380
  0.5380
  0.5380
  0.5380
  0.5380
  0.5380
  0.5380
  0.7929
  0.7929
  0.5663
  0.5663
  0.4248
  0.3964
  5.3802
  1.5008
  1.0194
  4.2475
  0.5947
  0.5097
  1.1893
  4.3325
  3.4263
  1.2176
  0.5947
  0.5097
  1.8972
  6.3147
  0.9628
  1.4442
  0.6513
  0.5097
  0.5097
  8.3535
  0.9628
  0.5947
  0.5097
  0.5097
  0.5097
  0.5663
  0.5097
  0.5097
  0.4814
  0.4531
  0.4248
  0.4248
  0.4248
  0.4248
  1.0477
  0.6230
  0.4814
  0.4248
  0.4248
  0.4248
  0.4248
  0.4248
  0.4248
  0.4248
  0.4248
  0.4248
  0.4248
  0.4248
  0.4248
  0.4248
  0.4248
  0.4248
  0.4814
  0.4248
  0.4248
  0.4248
  0.4248
  0.4248
  0.4248
  0.4248
  0.4248
  0.4248
  0.4248
  0.4248
  0.4248
  1.2743
  0.7079
  0.4814
  0.4531
  0.4531
  0.5663
  0.6513
  0.5097
  0.4814
  0.4814
  0.4814
  0.6513
  9.1463
  0.7646
  0.5663
  2.3220
  0.7646
  0.5947
  1.2743
  0.5663
  3.0299
  8.7499
  1.1327
  0.5380
  0.4531
  0.4531
  0.4531
  0.5380
  0.4531
  0.4248
  0.4248
  4.7006
  2.2653
  0.5663
  0.4531
  0.4531
  0.5663
  0.5380
  0.4531
  0.4248
  0.4248
  0.4248
  0.4248
  0.4248
  0.3964
  0.3964
  0.3964
  0.3964
  0.3964
  0.4248
  0.4248
  0.4248
  0.3964
  0.4248
  0.7646
  0.4814
  0.4531
  0.4248
  0.3964
  0.3681
  0.3681
  0.3681
  0.3681
  0.3681
  0.3681
  0.3681
  0.3681
  0.3681
  0.3964
  0.4248
  1.5008
  0.8212
  0.4531
  0.3964
  0.4531
  0.4248
  0.3964
  0.5947
  0.5097
  0.4248
  0.3964
  0.3964
  0.3964
  0.3964
  0.3964
  0.4248
  0.4248
  0.4248
  0.4248
  0.3964
  0.3964
  0.3964
  0.3964
  0.3964
  0.3964
  0.4248
  0.4248
  0.4814
  0.4531
  0.4531
  0.4531
  0.4531
  0.4531
  0.4531
  0.4531
  0.4531
  2.8034
  0.9061
  3.7378
  0.7929
  2.8034
  1.7840
  0.8778
  0.5947
  0.5380
  0.9061
  0.6796
  0.5947
  0.5663
  0.5663
  0.5663
  0.5663
  0.5380
  0.5380
  0.5380
  0.5380
  0.5380
  0.5097
  0.4248
  0.4248
  0.4248
  0.4248
  0.4248
  0.4248
  0.4814
  0.5097
  0.4814
  0.4531
  0.4531
  0.4531
  0.4814
  0.4814
  0.4814
  0.5097
  0.5097
  0.5097
  0.5097
  0.5097
  0.5097
  0.5097
  0.5097
  0.4814
  0.4814
  0.4814
  0.5380
  1.1327
  1.1327
  1.6990
  1.6141
  0.5663
  0.4248
  0.3681
  0.4248
  0.4248
  0.3681
  0.3398
  0.3115
  0.3115
  0.3115
  0.3681
  0.3398
  0.3398
  0.3398
  0.3398
  0.3681
  0.3681
  0.3681
  0.3964
  0.3964
  0.4248
  0.4248
  0.4248
  0.4531
  0.4248
  0.3681
  0.3398
  0.3398
  0.3398
  0.3398
  0.3398
  0.3681
  0.3681
  0.3681
  0.3681
  0.3681
  0.3681
  0.3964
  0.4531
  0.4248
  0.4248
  0.4248
  0.4248
  0.4248
  0.4248
  0.5380
  0.4531
  0.4248
  0.4248
  0.3964
  0.5380
  0.4814
  0.4248
  0.3681
  4.3891
  0.8778
  0.5097
  0.3681
  0.3398
  0.3398
  0.3398
  0.3398
  0.3398
  0.3398
  0.3398
  0.5380
  0.7079
  0.4248
  0.3964
  0.3681
  0.3681
  0.4248
  0.3681
  0.3398
  0.3398
  0.3398
  0.3398
  0.3398
  0.3398
  0.3398
  0.5097
  0.4814
  0.5097
  0.3681
  0.3398
  0.3398
  0.5947
  0.3681
  0.3398
  0.3398
  0.3115
  0.3115
  0.3115
  0.3115
  0.3398
  0.3115
  0.3115
  0.3115
  0.3115
  0.3115
  0.3115
  0.3398
  0.3398
  0.3115
  0.3115
  0.3398
  0.3398
  0.3398
  0.3398
  0.3398
  0.3398
  0.3398
  0.3398
  0.3681
  0.4814
  0.3964
  0.3398
  0.3398
  0.3398
  0.3398
  0.3964
  1.6990
  1.8406
  0.7929
  0.6796
  1.8406
  2.8034
  4.8139
  3.2848
  2.4069
  0.9628
  8.9481
  3.7661
  1.0477
  0.7362
  0.6796
  0.6796
  0.6513
  0.6513
  0.6230
  0.6513
  0.7079
  0.7362
  0.7079
  0.7079
  0.7079
  0.7362
  0.7362
  0.7362
  0.7362
  0.7362
  0.9061
  1.1893
  1.6707
  2.0954
  4.9554
  0.9628
  0.6513
  0.5663
  0.5380
  0.5380
  0.5380
  0.5097
  0.4814
  0.4814
  0.4814
  0.4814
  0.4814
  0.4814
  0.4814
  0.4814
  0.5380
  0.6230
  0.7929
  0.6230
  0.5380
  0.5380
  0.5380
  0.5380
  0.5380
  0.5663
  0.5663
  0.5947
  0.6230
  0.6230
  0.6513
  0.7929
  0.7362
  0.7079
  0.6796
  0.6796
  0.6796
  0.6513
  0.6513
  0.7079
  0.6513
  0.6230
  1.3026
  0.6513
  0.5947
  0.5380
  0.5380
  0.5380
  0.5380
  0.5663
  1.0194
  1.0477
  1.1893
  1.9822
  1.5008
  0.7079
  0.5947
  7.4473
  5.3802
  0.9628
  0.7079
  0.7362
  0.6513
  0.7646
  0.8778
  0.6513
  0.6230
  0.8778
  0.8778
  1.1044
  0.7362
  0.6513
  0.6230
  0.6230
  0.6230
  0.6230
  0.6230
  0.6230
  0.6230
  0.6230
  0.6230
  0.6230
  0.5947
  0.5663
  0.5663
  0.5663
  0.5380
  0.6230
  3.6812
  0.8495
  0.6230
  0.5663
  0.5097
  0.4814
  0.5097
  0.4814
  0.4531
  2.4919
  2.5485
 11.5533
  0.8495
  0.5947
  0.5380
  0.5380
  0.5097
  0.5097
  0.5663
  0.5380
  0.5380
  0.4814
  0.4814
  0.4814
  0.4814
  0.5380
  0.6513
  0.5947
  0.4248
  0.3681
  0.6513
  1.3592
  2.3786
  4.7855
  1.6990
  0.7929
  0.6230
  0.5663
  0.5380
  0.5097
  0.4814
  0.4531
  0.4531
  0.4248
  0.4531
  0.4531
  0.4248
  0.4531
  0.4531
  0.4814
  0.8212
  0.7079
  0.5380
  0.5380
  0.5097
  0.4814
  0.4814
  0.4814
  0.4814
  0.4814
  0.5663
  0.6230
  1.5291
  0.7929
  0.5663
  0.5380
  0.4814
  0.4814
  0.5663
  0.4814
  0.4814
  0.4531
  0.4248
  0.4248
  0.4248
  0.4248
  0.4248
  0.4248
  0.4248
  5.2669
  5.2669
  0.5663
  0.5663
  0.5663
  0.5663
  0.5663
  0.9628
  0.9628
  0.9628
  0.5380
  0.5380
  0.5380
  0.5663
  0.5380
  0.5380
  0.5097
  0.5097
  0.5097
  0.5097
  0.5097
  0.6230
  0.7362
  0.5663
  0.5380
  0.5380
  0.5380
  0.5380
  0.5380
  0.5380
  1.0194
  0.8212
  0.6230
  0.5663
  0.5380
  0.5380
  0.5097
  0.5097
  0.5097
  0.4814
  0.4814
  0.4531
  0.4531
  0.4531
  0.4531
  0.4531
  0.4531
  0.4531
  0.4531
  0.4248
  0.4248
  0.4248
  0.4248
  0.4248
  0.4248
  0.4248
  0.4248
  0.4248
  0.4248
  0.5380
  0.5380
  0.4248
  0.4248
  0.4248
  0.4248
  0.4248
  0.3964
  0.4248
  0.4248
  0.4531
  0.4248
  0.4531
  0.4248
  0.4248
  0.4248
  0.4248
  0.4248
  0.4248
  0.4248
  0.4248
  0.4248
  0.4248
  0.4248
  0.4531
  0.5380
  1.3026
  0.7362
  0.5663
  0.5380
  0.5380
  0.5380
  0.5380
  0.5380
  0.7362
  2.8883
  0.7929
  0.6230
  0.5380
  0.5097
  0.4814
  0.4531
  0.4531
  0.4814
  0.5947
  0.5097
  0.5380
 10.0242
 18.4909
  0.7646
  0.6230
  0.6230
  0.5663
  0.5380
  0.5380
  0.6513
  0.7646
  0.7079
  0.8212
  0.7929
 11.2984
  1.0194
  0.5380
  0.5097
  0.5663
  1.6990
  0.9628
  0.5380
  0.5097
  0.5380
  0.4531
  0.5380
  0.4531
  0.4248
  0.4248
  0.4248
  0.4248
  0.4248
  2.2370
  6.8244
  0.7079
  0.5947
  0.7362
  1.7556
  0.5947
  0.4814
  0.4814
  0.4531
  0.4814
  0.4248
  0.4814
  0.6796
  0.7079
  0.6230
  0.4814
  0.4248
  0.3681
  0.3681
  0.3681
  0.3681
  0.4531
  0.4248
  0.3964
  0.3964
  0.3681
  0.3681
  2.0671
  1.2176
  1.0477
  1.0194
  1.5857
  1.1044
  1.0194
  1.0194
  1.2176
  3.7378
  1.9822
  8.3252
  1.5008
  1.1893
  1.1327
  1.0477
  1.0194
  0.9628
  0.8212
  0.7079
  0.6230
  0.5380
  5.5218
  2.7467
  0.9628
  3.1998
  0.5380
  3.6246
  0.8212
  0.5380
  0.6230
  0.7646
  0.6513
  0.6230
  0.5947
  0.5947
  0.6230
  0.6230
  0.6230
  0.6513
  0.5947
  0.7362
  0.6796
  0.5947
  0.5663
  0.7362
  0.6230
  0.5663
  0.5663
  0.5380
  0.5380
  0.5663
  0.5663
  0.5380
  0.5380
  0.5380
  0.5097
  0.5380
  0.5380
  0.5380
  0.5663
  0.5663
  0.5380
  0.5380
  0.5380
  0.5380
  0.5380
  0.5097
  0.5097
  0.5097
  0.5097
  0.4814
  0.5097
  0.5097
  0.5097
  0.5097
  0.5097
  0.5097
  0.5380
  0.5380
  0.5380
  0.5380
  0.5380
  0.5380
  0.5097
  0.5097
  0.5097
  0.5097
  0.5380
  0.5380
  0.5097
  0.5097
  0.5097
  0.7646
  0.7929
  0.8212
  0.9628
  0.6513
  0.5380
  0.5663
  0.5380
  0.5097
  0.5097
  1.0477
  0.9628
  0.5947
  0.5663
  0.5380
  0.5097
  0.7362
  1.1893
  1.3592
  0.6513
  0.5097
  0.4531
  0.4531
  0.4814
  0.4814
  0.4531
  0.4531
  0.4814
  0.4531
  0.4248
  0.4248
  0.4248
  0.5380
  0.5380
  0.3964
  0.3964
  0.3964
  0.5380
  0.4814
  0.6230
  0.6230
  0.4248
  0.3964
  0.3681
  0.3681
  0.3681
  0.4531
  0.4531
  0.3964
  0.3964
  0.4248
  0.3964
  0.3681
  0.3964
  0.3964
  0.3681
  0.4248
  0.4248
  0.3964
  0.3681
  0.3681
  0.3681
  0.3681
  0.3681
  0.3964
  0.3964
  0.3964
  0.3964
  0.3964
  0.8212
  0.6230
  0.5097
  0.4531
  0.5097
  0.4814
  0.4248
  0.4248
  0.4248
  0.3964
  0.3964
  0.4248
  0.3964
  0.3964
  0.3964
  0.3964
  0.3964
  0.3964
  0.3964
  0.3964
  0.3964
  0.6513
  4.1059
  1.6990
  0.8212
  0.7079
  0.6513
  0.6230
  0.5947
  0.6230
  0.6230
  0.5947
  0.5380
  0.5947
  1.1044
  0.6230
  0.5380
  0.5097
  0.5097
  0.5097
  0.5097
  0.4814
  0.4814
  0.4814
  0.4814
  0.4814
  0.4814
  0.4814
  0.4814
  0.4531
  0.4531
  0.4531
  0.4531
  0.4248
  0.4248
  0.4248
  0.3964
  0.3964
  0.3964
  0.3964
  0.3964
  0.6513
  1.1893
  0.4814
  0.4531
  2.1804
  0.8212
  0.4814
  0.4248
  0.3964
  0.8212
  0.5663
  0.4248
  0.3964
  0.3681
  0.3681
  0.3681
  0.3681
  0.3681
  0.3681
  0.3681
  0.3964
  0.3964
  0.3964
  0.4531
  0.4814
  0.4248
  0.4248
  0.4248
  0.5380
  0.5097
  0.4531
  0.4248
  0.4248
  0.4248
  0.4248
  0.4248
  0.4248
  0.4248
  0.4248
  0.4248
  0.4248
  0.3964
  0.3964
  0.4248
  0.4814
  0.4248
  0.4248
  0.7362
  0.7929
  0.5097
  1.0477
  1.0477
  1.1044
  0.8212
  1.0477
  0.6513
  0.5380
  0.4814
  0.4248
  0.4248
  0.4248
  0.5380
  0.4814
  0.4531
  0.4531
  0.4814
  0.4248
  0.4814
  0.5663
  0.5663
  0.4814
  0.4248
  0.4248
  0.4814
  0.4814
  0.4248
  0.6230
  0.5380
  0.4248
  0.3964
  0.3964
  0.3964
  0.3398
  0.3398
  0.3398
  0.3398
  0.3681
  0.3964
  0.4248
  0.3964
  0.3964
  0.3964
  0.3964
  0.3964
  0.3964
  0.3964
  0.3681
  0.3681
  0.3964
  0.4248
  0.4248
  0.4248
  0.4248
  0.3964
  0.3681
  0.3964
  0.3964
  0.3964
  0.3964
  0.3681
  0.3681
  0.3681
  0.3964
  0.3964
  0.3964
  0.4248
  0.4248
  0.4248
  0.5097
  0.5097
  0.4248
  0.3964
  0.3964
  0.3964
  0.3964
  0.3964
  0.4248
  0.3964
  0.4248
  0.4814
  0.4531
  0.5380
  0.4248
  0.3681
  0.3681
  0.3964
  0.3964
  0.3681
  0.3398
  0.3398
  0.3115
  0.3115
  0.3115
  0.4248
  1.1044
  3.4547
  1.3026
  0.8778
  0.6796
  3.0299
  2.7467
  1.5291
  3.7661
  8.8065
  1.3592
  0.6513
  1.1327
  1.0194
  0.6230
  0.5663
  0.5380
  0.5097
  0.5380
  0.5380
  0.5097
  0.4814
  4.7855
 12.1762
 10.0808
  2.6618
  0.6230
  0.5097
  0.4814
  0.4531
  0.4531
  0.4814
  0.5380
  1.4442
  5.6917
  4.6440
  0.9628
  0.5663
  0.5380
  0.5380
  0.5097
  0.4814
  0.4531
  0.4248
  0.4248
  0.4248
  0.4248
  0.4248
  0.4248
  0.4248
  0.4248
  0.4248
  0.4248
  0.4248
  0.4814
  0.4814
  0.4531
  0.4248
  0.4248
  0.4248
  0.4814
  0.9061
  5.1253
 17.8396
  2.0105
  1.1327
  0.8495
  0.5663
  0.5097
  0.5097
  0.5380
  0.4531
  0.4248
  0.4248
  0.4248
  0.4248
  0.4248
  0.5097
  0.6230
  0.6230
  0.5663
  0.4814
  1.5291
  2.4636
  2.0954
  0.7079
  0.5097
  0.4814
  0.4814
  0.5380
  0.4814
  0.4531
  0.4248
  0.4248
  0.4248
  0.4248
  0.4248
  0.8778
  0.4814
  0.4248
  0.4248
  0.5097
  0.4814
  0.6230
  0.5663
  0.4248
  0.4248
  0.4248
  0.4248
  0.4248
  0.4248
  0.5663
  0.6230
  0.4531
  0.4248
  0.4248
  0.5663
  0.4531
  0.4248
  0.3964
  0.3964
  0.4248
  0.4248
  0.4248
  0.4248
  0.4248
  0.4248
  0.4248
  0.3964
  0.3681
  0.3681
  0.3681
  0.3681
  0.3681
  0.3681
  0.3681
  0.3681
  0.3681
  0.3681
  0.3681
  0.3681
  0.5380
  0.4248
  0.3681
  0.3964
  0.3964
  0.3681
  0.3681
  0.3681
  0.3681
  0.3398
  0.3398
  0.3681
  0.4814
  0.4814
  0.4248
  0.3964
  0.6513
  0.5097
  0.4248
  0.3964
  0.3964
  0.7362
  0.7079
  0.4248
  0.4814
  0.4248
  0.4248
  0.3964
  0.3964
  0.3681
  0.3681
  0.3681
  0.3964
  0.4248
  0.3964
  0.3964
  0.3681
  0.3681
  0.3681
  0.3681
  0.3681
  0.5380
  0.5097
  0.5097
  0.5097
  0.5663
  0.5380
  0.5097
  0.7646
  3.5962
  1.2176
  0.5380
  0.4814
  0.4814
  0.4814
  3.9360
  1.5857
  2.2370
  2.8034
  0.7079
  0.5380
  0.4814
  0.5097
  0.7646
  0.5380
  0.4814
  0.4248
  0.4248
  0.4248
  0.4248
  0.4248
  0.4248
  0.4248
  0.4248
  4.2192
  1.8406
  0.6513
  0.4814
  0.4248
  0.4248
  0.4248
  0.4248
  0.4248
  0.4248
  0.4248
  0.3964
  0.3964
  0.3964
  0.3964
  0.3964
  0.3964
  0.3964
  0.3964
  0.3964
  0.3964
  0.3964
  0.3964
  0.3964
  0.3964
  0.3964
  0.3964
  0.3681
  0.3681
  0.3681
  0.3681
  0.5380
  0.6230
  0.4531
  0.4248
  0.3964
  0.3964
  0.4248
  0.4531
  0.4248
  0.3964
  0.3964
  0.3964
  0.3964
  0.3681
  0.3681
  0.3681
  0.3964
  0.4248
  0.3964
  0.3964
  0.3681
  0.3681
  0.4248
  0.6230
  1.1893
  0.4814
  0.4248
  0.3964
  0.3681
  0.3681
  0.3681
  0.3681
  0.3681
  0.3681
  0.4248
  0.4531
  0.4248
  0.5380
  0.5097
  0.4248
  0.3964
  0.3964
  0.4248
  0.4248
  0.3964
  0.3681
  0.3964
  0.3681
  0.3681
  0.3398
  0.3398
  0.3398
  0.3681
  0.3681
  0.3964
  0.3964
  0.3681
  0.3681
  0.4248
  0.4531
  0.4531
  0.4814
  0.4248
  0.3964
  0.3681
  0.3681
  0.3681
  0.3681
  0.3681
  0.3681
  0.3681
  0.3681
  0.3964
  0.3964
  0.3681
  0.3681
  0.3681
  2.7184
  1.1327
  0.4814
  0.4248
  0.3964
  0.3681
  0.3681
  0.3681
  0.3681
  0.3681
  0.3681
  0.3681
  0.3681
  0.3681
  0.3964
  0.3681
  0.3681
  1.1327
  0.9061
  0.4814
  0.4248
  0.3964
  0.3681
  0.3964
  0.3964
  0.3964
  0.4248
  0.4248
  0.4531
  0.4248
  0.4248
  0.4248
  0.3964
  0.3964
  0.3964
  0.3681
  0.3681
  0.3964
  2.2370
  8.5800
  1.5857
  0.6230
  0.6513
  0.5947
  0.5663
  0.5380
  0.5380
  0.5380
  0.5380
  0.5380
  0.5380
  0.5097
  0.5097
  0.5097
  2.4069
  0.7362
  0.6513
  1.0194
  1.3875
  0.6230
  0.6230
  0.5380
  0.5097
  0.4814
  0.4814
  0.4814
  0.4814
  0.5097
  0.5097
  0.5097
  0.5380
  0.5380
  0.6513
  0.7929
  0.5947
  0.5097
  0.4531
  1.7556
  5.6917
  4.8988
  8.7499
  4.8988
  1.0760
  0.7362
  0.5947
  0.5947
  0.5947
  0.5947
  1.2459
  1.2743
  1.3592
  0.6796
  0.6796
  0.6513
  0.7079
  1.4158
  2.7184
  1.3026
  0.5947
  0.5097
  0.4814
  0.4814
  0.4814
  0.4531
  0.4531
  0.4814
  0.4531
  0.4531
  0.4248
  0.4248
  0.4248
  0.4248
  0.4248
  0.4248
  0.4248
  0.4248
  0.4248
  0.4248
  0.4248
  0.3964
  0.3964
  0.3964
  0.3964
  0.3964
  0.3964
  0.3964
  0.3964
  0.3964
  1.1893
  1.3875
  0.5947
  0.4531
  0.4248
  0.4248
  0.3964
  0.3964
  0.3964
  0.5947
  0.6513
  0.8212
  2.8883
  0.8212
  0.6796
  0.6796
  0.6230
  0.5380
  0.4814
  0.4814
  0.5097
  0.5097
  0.4814
  0.5097
  0.4531
  0.4814
  0.6230
  0.5380
  0.5947
  7.0509
  7.1925
  0.7362
  0.5947
  0.4814
  0.4814
  0.4814
  0.4531
  0.4248
  0.4248
  1.7273
  0.9345
  0.5097
  0.4814
  0.5380
  0.5097
  0.5380
  0.4814
  1.4725
  1.3592
  0.5380
  0.4814
  0.8495
  0.8778
  0.5097
  0.4531
  0.4248
  0.4248
  0.4248
  0.3964
  0.4248
  8.8065
  2.3220
  0.6230
  0.4814
  0.5380
  0.5380
  0.5097
  0.5097
  0.4814
  0.4814
  0.4814
  0.5097
  0.5947
  0.5097
  0.4814
  0.5663
  0.4814
  0.4531
  0.4248
  0.4531
  0.4814
  0.5947
  6.7960
  0.8778
  0.6230
  0.5097
  0.4814
  0.4531
  0.4531
  0.4531
  0.4248
  0.4248
  0.4248
  0.4814
  0.4531
  0.4248
  0.4248
  0.8212
  0.7929
  0.7646
  0.7646
  0.7362
  0.7362
  0.7362
  0.7079
  0.7079
  0.7079
  0.6796
  0.6796
  0.6796
  0.6513
  0.6230
  0.6230
  0.6230
  0.6230
  0.6230
  0.9061
  0.9061
  0.6796
  0.6230
  0.5947
  0.5947
  0.5947
  0.5663
  0.6796
  1.3026
  0.9628
  0.8495
  0.9061
  1.0194
  0.8495
  9.9958
  2.3220
  0.9345
  0.6796
  0.9911
  0.7362
  0.6230
  0.5947
  0.5380
  0.5380
  0.5380
  0.5380
  0.5380
  0.5380
  0.5380
  0.5947
  2.4636
  1.3309
  0.7079
  0.5947
  0.5380
  0.5380
  0.5380
  0.5097
  0.5097
  0.5097
  0.5097
  0.5097
  0.5097
  0.5097
  0.5097
  0.5380
  0.5947
  0.6513
  0.7362
  0.6513
  0.6796
  0.5947
  0.5380
  0.5097
  0.5097
  0.5097
  0.5097
  0.5097
  0.5097
  0.5097
  0.5097
  0.5097
  0.5097
  0.5097
  0.5097
  0.5097
  0.5097
  0.5663
  0.5947
  0.5663
  0.5380
  0.5097
  0.4814
  0.8495
  6.8244
  8.5517
  3.5113
  3.5962
  0.7929
  0.5663
  0.5097
  0.4814
  0.4814
  0.4814
  0.4814
  0.4814
  0.5097
  7.1925
  0.8495
  0.5663
  1.7840
  0.7646
  0.8212
  0.5947
  0.6230
  1.0760
  5.3519
  1.2176
  0.6796
  0.5380
  0.5097
  0.5097
  8.5517
  5.2103
  1.0477
  0.7079
  0.6230
  0.5380
  0.5380
  0.5097
  0.5097
  0.5097
  0.5097
  0.5097
  0.5663
  0.5380
  2.4919
 12.4311
 18.9723
  2.1804
  0.7929
  0.6513
  0.6230
  0.5663
  0.5380
  0.5380
  0.5380
  0.5380
  0.6796
  0.8778
  0.9061
  0.8212
  0.6230
  0.5947
  0.5663
  0.5947
  1.1327
  0.7079
  0.6230
  0.6230
  0.7646
  0.6513
  0.5947
  0.5380
  0.5380
  0.5380
  0.5380
  0.5097
  0.5097
  0.5097
  0.5097
  0.5097
  0.5097
  0.5097
  0.5380
  0.5097
  0.5097
  0.5097
  0.5097
  0.5663
  0.5380
  0.5663
  0.5380
  6.2297
  1.5008
  1.3875
  1.0194
  1.2459
 11.2701
  2.3786
  1.3309
  1.2176
 13.6204
  9.7693
  3.8228
  1.5291
  0.9061
  0.9061
  0.8212
  0.7646
  0.7646
  0.7079
  0.6796
  0.6513
  0.6513
  0.6230
  0.6230
  0.6230
  3.7661
  1.0194
  0.7079
  0.6513
  0.6513
  0.8495
  2.3786
  1.1327
  0.8212
  0.6796
  0.6230
  0.6230
  0.5663
  1.2176
  1.0194
  0.7079
  1.1044
  0.7362
  0.7362
  0.6513
  0.6230
  0.5663
  0.5663
  0.5380
  0.5097
  2.6618
  0.7079
  0.5663
  0.5380
  0.5380
  1.5008
  0.7646
  0.6230
  0.6230
  0.8495
  0.7079
  2.0954
  1.3026
  0.8778
  0.6796
  0.6230
  0.5663
  0.5380
  0.5380
  0.6230
 10.7321
  6.5412
  1.6424
  0.7646
  2.8883
  3.3697
  0.8212
  0.9628
  1.4158
  0.9061
  0.7929
  0.6513
  0.6230
  0.5663
  0.5380
  0.5380
  0.5380
  0.5380
  0.5380
  0.5380
  0.5663
  0.5947
  0.7079
  0.6513
  0.5663
  0.5380
  1.1044
  1.9822
  1.5857
  0.6230
  0.5380
  0.5097
  0.5380
  0.5380
  0.5380
  1.2176
  0.6513
  0.5663
  0.5663
  0.5380
  0.5097
  0.5097
  0.5097
  0.5097
  0.4814
  0.4814
  0.4814
  0.4814
  0.4531
  0.4531
  1.5857
  0.7362
  0.5380
  0.5097
  0.4814
  0.5097
  0.5097
  0.5097
  0.4814
  0.4814
  4.5024
  5.9465
  0.9061
  0.6230
  0.5380
  0.5097
  0.4814
  0.4814
  0.4814
  0.5097
  2.7467
  0.8212
  0.6230
  0.5380
  0.5380
  0.5380
  0.5097
  0.4814
  0.4814
  0.4531
  0.4531
  0.4531
  0.4531
  0.4531
  0.4531
  0.4531
  0.4531
  0.4531
  0.4531
  0.4531
  0.4531
  0.4531
  0.4531
  0.4531
  0.4531
  0.4531
  0.4531
  0.4531
  0.4248
  0.4248
  0.4248
  0.4248
  0.4248
  0.4248
  0.4248
  0.4248
  0.4248
  0.4248
  0.4248
  0.4248
  0.4248
  0.4248
  0.4248
  0.4248
  0.5380
  5.7766
  1.2743
  0.7362
  0.5663
  3.5962
  0.9345
  0.7079
  0.5663
  0.5380
  0.5097
  0.4814
  0.4531
  0.4531
  3.6246
  5.3802
  4.6440
  2.3786
  3.1998
  6.0315
  0.9345
  0.6513
  1.1044
  0.6230
  0.8778
  0.7929
  0.6513
  0.7079
  0.6513
  0.5663
  0.5097
  0.4814
  0.4814
  0.4531
  0.4531
  0.4531
  0.4814
  0.5097
  2.6335
 28.6000
 15.6026
  4.8139
  1.8406
  1.2176
  0.9911
  0.8495
  0.7646
  2.6335
  1.9822
  2.5768
  1.4158
  0.7929
  0.7646
  0.6513
  0.6230
  0.6230
  0.5947
  0.5663
  0.5663
  0.5663
  0.5663
  0.5663
  0.5380
  0.5380
  0.5380
  0.5380
  0.5380
  0.5097
  0.5097
  0.4814
  0.4814
  0.4814
  0.4531
  0.5097
  0.4814
  0.4814
  0.4531
  0.4531
  0.4531
  0.4531
  0.4248
  0.4531
  3.2848
  1.3026
  0.5380
  0.4531
  0.4531
  0.4531
  0.4248
  0.4248
  0.4248
  0.7646
  2.0105
  1.2176
  0.6513
  0.6513
  0.9345
  0.5663
  0.4814
  0.4531
  0.4248
  0.4248
  0.4248
  0.4531
  0.5663
  0.4814
  0.4531
  0.4248
  0.4248
  0.4248
  0.4814
  0.4814
  0.4531
  0.4814
  0.4248
  0.4248
  0.4248
  0.4248
  0.4248
  0.3964
  0.3964
  0.3964
  0.3964
  0.4248
  0.4531
  0.4248
  0.4814
  0.4531
  0.4248
  0.3964
  0.3964
  0.4248
  0.4248
  0.4248
  0.5380
  0.6513
  0.4531
  0.4248
  0.3964
  0.3964
  0.3964
  0.3964
  0.3964
  0.3964
  0.3964
  0.3964
  0.3964
  0.3964
  0.3964
  0.3964
  0.4531
  0.4531
  0.3964
  0.3964
  0.3964
  4.1626
  0.8495
  0.4531
  0.4248
  0.3964
  0.3964
  0.3681
  0.3681
  0.3681
  0.3681
  0.3681
  0.3681
  0.3681
  0.3681
  0.3681
  0.3681
  0.3681
  0.3681
  0.3681
  0.3681
  0.3681
  0.3681
  0.3681
  0.3681
  0.3681
  0.3681
  0.3681
  0.3681
  0.3681
  0.3964
  0.3964
  0.3681
  0.3681
  0.3681
  0.3681
  0.3681
  0.3681
  0.3964
  0.3681
  0.3681
  0.3681
  0.3681
  3.9360
  2.6335
  5.2669
  8.7499
  4.3891
  3.0582
  1.3026
  0.6513
  0.4814
  0.4248
  0.4248
  0.3964
  0.3964
  0.3964
  0.3964
  4.9838
  8.1836
  1.1893
  0.5663
  0.4531
  0.4248
  1.0477
  2.0671
  1.8406
  2.6618
  6.9093
  1.7840
  1.4442
  1.2459
  0.5663
  0.4814
  0.4531
  0.4248
  0.4248
  0.4248
  0.4248
  0.4814
  4.7006
  0.9061
  0.6513
  0.6230
  1.3309
  0.8495
  2.9733
  0.6230
  0.4814
  0.4531
  0.4814
  0.4814
  0.4531
  0.4531
  0.4531
  0.4248
  0.4248
  0.4248
  0.4248
  0.4248
  0.4531
  0.4248
  0.4248
  0.4248
  0.4248
  0.4248
  0.4248
  0.4248
  0.3964
  0.3964
  0.3964
  0.4531
  0.4531
  0.4531
  0.4531
  0.4248
  0.3964
  0.3964
  0.3964
  0.3964
  0.3964
  0.3964
  1.1327
  0.7079
  0.5380
  0.5380
  0.5097
  0.5097
  0.4531
  0.4248
  0.4248
  0.5097
  1.1893
  0.7079
  0.5097
  0.4248
  0.4248
  0.4531
  0.9061
  0.6796
  0.4531
  0.4531
  0.4248
  0.4248
  0.4248
  0.4531
  0.4248
  0.4248
  1.4442
  6.9659
  1.8972
  0.7079
  0.5380
  0.5380
  0.7646
  0.4814
  0.4248
  0.4248
  0.6230
  0.5663
  0.4531
  3.0299
 11.4400
  0.8495
  0.5380
  0.7929
  0.7079
  0.6230
  0.5097
  0.5380
  0.4814
  0.4248
  0.4248
  0.4248
  0.5380
  0.6230
  0.4814
  0.4248
  0.4248
  0.4531
  0.8778
  0.5380
  0.7079
  0.5663
  0.5380
  0.6796
  0.5663
  0.4814
  0.6230
  0.4814
  0.4531
  0.4248
  0.4248
  0.4248
  0.4248
  0.4248
  0.4248
  0.4248
  0.4248
  0.4248
  0.4248
  0.4248
  0.3964
  0.3964
  0.3964
  0.3964
  0.4248
  0.4248
  0.3964
  0.3964
  0.3681
  0.3964
  0.3681
  0.3681
  0.3681
  0.3681
  0.3681
  0.3681
  0.3398
  0.3398
  0.3398
  0.3398
  0.3398
  0.3398
  0.3398
  0.3398
  0.3398
  0.3398
  2.0105
  0.4248
  0.3681
  0.3681
  0.3398
  0.3398
  0.3398
  0.3398
  0.3398
  0.3398
  0.3398
  0.3398
  0.3398
  0.3398
  0.3398
  0.3398
  0.3398
  0.3398
  0.3398
 14.7531
 10.4206
  1.2176
  0.4814
  0.4248
  0.4814
  0.4248
  0.6230
  2.4069
  1.3875
  0.6796
  0.6230
  0.4814
  0.4248
  0.3964
  0.4248
  0.4248
  0.4531
  0.3964
  0.3964
  3.0299
  3.4263
  0.6230
  0.4531
  0.3964
  0.3964
  0.3681
  0.3681
  0.3681
  0.3681
  0.3681
  0.3398
  0.3398
  0.3681
  0.3398
  0.3398
  0.3398
  0.3398
  0.3398
  0.3398
  0.3398
  0.3398
  0.3398
  0.3398
  0.3681
  0.3681
  0.3681
  0.3681
  0.3681
  0.3681
  0.3681
  0.3681
  0.3681
  0.3398
  0.3398
  0.3398
  0.5097
  1.3309
  2.3786
  0.5663
  0.3964
  0.3681
  0.3681
  0.3681
  0.3681
  0.3681
  0.3681
  0.3398
  0.3398
  0.3398
  0.3398
  0.3398
  0.4531
  0.4248
  0.3681
  0.3681
  0.3681
  0.3398
  0.3398
  0.3398
  0.3398
  0.3398
  0.3398
  0.3115
  0.3115
  0.3115
  0.3115
  0.3115
  0.3115
  0.3398
  0.3398
  0.3681
  0.4248
  0.3964
  1.6141
  0.9628
  0.4248
  0.3398
  0.3115
  0.2832
  0.2832
  0.2775
  0.2662
  0.2662
  0.2662
  0.5097
  0.7079
  0.4531
  0.3681
  0.3115
  0.3115
  0.3398
  0.3115
  0.3115
  0.2832
  0.2832
  0.3398
  0.5380
  1.3309
  0.5380
  0.3681
  0.3398
  0.6513
  0.7079
  0.4248
  0.3398
  0.3115
  0.4248
  0.3398
  0.3115
  0.2832
  0.2832
  0.2832
  0.2832
  0.2832
  0.2832
  0.2775
  0.2775
  0.2775
  0.2775
  0.2775
  0.2662
  0.2662
  0.2775
  0.2832
  0.2832
  0.2832
  0.4814
  0.4531
  0.4248
  0.4248
  0.4531
  0.5663
  0.4531
  0.4248
  0.4248
  2.7467
 22.4269
 13.5921
  6.0032
  2.0954
  3.1432
  1.2176
  0.5663
  0.4814
  0.4248
  0.4814
  0.5097
  0.4531
  0.4248
 10.6471
 18.8307
  9.6844
  2.7184
  1.6707
  1.0194
  0.7929
  0.6796
  0.6230
  0.5663
  0.5663
  0.5097
  0.4814
  0.4814
  0.4531
  0.4531
  0.4531
  0.4814
  0.4531
  0.4531
  0.4248
  0.4248
  0.4248
  0.4248
  0.4248
  0.4248
  0.6796
  0.5380
  0.4531
  0.4248
  0.4248
  0.4248
  0.3964
  0.4248
  0.4248
  0.3964
  0.3964
  0.3964
  0.4248
  0.5097
  0.4248
  0.3964
  0.3964
  0.3964
  0.3681
  0.3681
  0.3681
  0.3964
  0.3964
  0.3681
  0.3964
  0.3681
  5.1820
  6.6545
  0.8778
  0.5380
  0.5380
  0.4248
  0.3964
  0.3964
  0.3681
  0.3681
  0.3681
  0.3681
  0.5947
  0.5947
  0.5380
  0.4531
  0.3964
  1.1044
  1.2743
  0.7929
  0.4248
  0.3964
  0.4531
  0.4531
  0.3964
  0.3964
  0.5380
  0.5097
  0.4248
  0.3964
  0.3681
  0.3681
  0.3681
  0.3681
  0.3681
  0.3681
  0.3681
  0.3681
  0.3681
  3.1149
  1.4442
  0.5947
  0.4248
  0.3964
  0.3681
  0.3681
  0.3681
  0.3681
  0.3681
  0.5097
  0.5097
  0.4248
  0.3681
  0.3681
  0.3681
  0.3681
  0.3964
  0.3964
  0.3681
  0.3964
  0.3964
  0.3964
  0.3964
  0.3964
  0.3964
  0.6230
  0.5097
  0.3964
  0.3964
  0.3964
  0.3964
  0.3964
  0.3681
  0.3681
  0.3681
  0.3681
  0.3681
  0.3681
  0.3964
  0.3964
  0.3681
  0.3681
  0.3681
  0.3681
  0.3681
  0.3681
  0.3681
  0.3681
  0.3681
  0.3398
  0.3398
  0.4531
  1.0194
  0.8212
  0.5097
  0.3964
  0.3681
  0.3681
  0.3681
  0.3681
  0.3681
  0.3681
  0.3681
  0.3398
  0.3681
  0.3681
  0.3681
  0.3398
  0.5380
  0.5663
  0.5663
  0.8778
  0.7362
  0.5663
  0.5380
  0.5097
  0.5097
  1.1327
  1.3592
  2.3220
  0.9911
  1.1044
  0.9061
  0.7362
  0.5380
  0.5097
  0.4814
  0.4814
  3.4263
  3.6812
  0.7929
  0.5380
  0.5097
  0.4814
  0.4814
  0.4531
  0.4531
  0.4248
  0.4248
  0.4248
  0.4531
  0.4531
  0.4531
  0.4814
  0.4814
  0.7362
  1.2176
  0.9061
  4.0210
  6.1731
  1.7273
  0.9061
  1.0194
  0.8495
  0.6796
  0.5663
  0.5380
  0.5097
  0.5097
  0.4814
  0.4814
  0.9628
  0.5663
  2.1521
  3.2848
  1.1327
  0.5947
  0.5947
  0.5380
  1.0477
  0.7079
  0.6230
  0.5380
  0.5097
  0.5097
  0.5097
  0.5097
  0.4814
  0.4531
  0.4531
  0.4531
  0.4531
  0.4531
  0.4248
  0.4248
  0.4248
  0.4248
  0.4248
  0.6513
  0.7079
  0.4814
  0.4531
  0.4248
  0.4248
  0.4248
  0.4248
  0.4248
  0.4248
  0.4248
  1.6990
  1.4725
  0.7079
  0.5097
  0.4814
  0.5380
  1.2176
  3.3697
  0.6230
  0.4531
  0.4248
  0.3964
  0.3964
  0.4248
  0.8778
  0.7929
  0.4814
  0.4248
  0.4248
  0.3964
  0.3964
  0.3964
  0.3964
  0.3964
  0.3964
  0.3681
  0.3681
  0.3681
  0.3681
  0.3681
  0.3681
  0.3681
  0.5097
  0.5380
  0.4248
  0.3964
  0.3964
  0.3681
  0.4531
  0.4531
  0.4531
 10.6471
  1.2743
  0.5663
  0.4531
  0.4531
  0.4531
  0.4248
  0.4248
  0.3964
  0.3964
  0.3964
  4.0210
  1.3592
  0.6230
  0.4814
  0.4814
  1.6141
  1.0477
  0.5663
  0.6230
  0.7079
  0.5380
  0.4814
  0.9628
  0.6230
  0.5097
  0.4531
  0.4248
  0.4248
  0.4248
  0.4248
  0.4248
  0.4248
  0.4248
  0.4248
  0.3964
  0.3964
  0.3964
  0.3964
  0.5097
  0.5663
  0.5097
  0.4248
  0.3964
  0.3964
  0.3964
  0.3964
  0.3964
  0.3964
  0.3964
  0.3964
  2.1804
  7.5889
  3.0582
  1.3026
  1.0477
  0.8212
  0.7929
  0.7079
  0.6513
  0.6230
  0.5663
  0.5380
  0.5380
  0.5380
  0.5097
  0.5097
  0.4814
  0.5097
  0.5097
  0.4814
  0.5097
  0.5947
  0.5097
  0.4531
  0.4531
  0.4531
  0.4531
  0.4531
  0.4248
  0.4248
  0.4248
  0.4248
  2.2653
  2.0105
  0.6230
  0.4814
  0.4531
  0.4531
  0.4248
  0.4248
  0.4248
  0.4248
  0.3964
  0.4531
  0.4531
  0.4248
  0.4248
  0.4248
  0.3964
  0.4531
  0.8778
  0.5097
  0.4531
  0.4814
  0.5097
  0.4531
  0.4248
  0.3964
  0.3964
  0.3681
  0.3681
  0.3681
  0.3681
  0.3681
  0.3681
  0.3681
  0.3681
  0.3681
  0.3681
  0.4248
  0.7929
  1.8406
  1.1044
  0.9061
  1.0477
  0.5380
  0.4814
  0.4248
  0.4248
  0.3964
  0.3964
  0.3681
  0.3681
  0.3681
  0.3681
  0.3681
  0.3681
  0.3681
  0.3681
  0.3964
  1.5008
  0.7362
  0.4531
  0.5947
  0.9061
  0.5947
  0.4531
  0.4248
  0.3964
  0.3681
  0.3681
  0.3398
  0.3398
  0.3398
  0.3398
  0.3681
  0.3964
  0.3681
  0.3398
  0.3398
  0.3398
  0.3398
  0.4814
  0.5097
  0.4531
  0.6796
  0.5380
  0.4248
  0.3681
  0.3681
  0.3681
  0.3681
  0.3398
  0.3398
  0.3398
  0.3398
  0.3398
  0.3398
  0.3398
  0.3398
  0.3398
  0.3398
  0.3398
  0.3398
  0.3398
  0.3398
  0.3398
  0.3398
  0.3398
  0.3398
  0.3398
  0.3115
  0.3115
  0.3115
  0.3115
  0.3115
  0.3681
  0.4248
  0.3681
  0.3398
  0.3398
  0.3398
  0.3398
  0.3398
  0.3398
  0.3115
  0.3115
  0.3115
  0.3115
  0.3398
  0.3398
  0.3398
  0.3398
  0.3398
  0.3398
  0.3681
  0.3681
  0.3681
  0.3681
  0.3681
  0.3681
  0.3681
  0.3681
  0.3681
  0.3681
  0.3681
  0.3398
  0.3398
  0.3398
  0.3398
  0.3398
  0.3398
  0.3398
  0.4248
  0.3681
  0.3681
  0.4248
  0.5380
 20.9828
  6.8810
  0.9911
 20.8978
  2.1804
  0.9061
  0.7079
  0.7646
  0.5380
  0.4531
  1.3026
  1.0477
  0.5663
  0.4531
  0.4248
  0.3964
  1.5291
 23.3048
  2.7184
  1.9822
  1.5857
 13.7054
  5.2103
  1.5008
  1.0194
  0.8212
  0.7362
  0.6230
  0.4814
  0.4814
  1.1044
  1.5291
  1.1044
  1.0477
  0.7079
  0.6230
  0.5380
  0.4248
  0.4248
  0.3964
  0.3964
  0.3681
  0.3681
  0.3681
  0.3681
  0.3681
  0.3681
  0.3681
  0.3681
  0.3681
  0.3681
  0.3681
  0.3681
  0.3681
  0.3681
  0.3681
  0.3398
  0.3398
  0.3398
  0.3398
  0.3398
  0.3398
  0.3398
  0.3398
  0.3398
  0.3398
  0.3398
  0.3398
  0.3398
  0.3398
  0.3398
  0.3398
  0.3398
  0.3398
  0.3398
  0.3398
  0.3398
  0.3398
  0.3398
  0.3398
  0.3398
  0.3398
  0.3964
  0.4248
  0.3681
  0.3398
  0.3398
  0.3398
  0.3398
  0.3681
  0.3398
  0.3398
  0.3398
  0.3398
  0.3115
  0.3115
  0.3115
  0.3115
  0.3115
  0.3115
  0.3115
  0.3115
  0.3115
  0.3115
  0.3115
  0.3115
  0.3398
  0.4248
  0.5663
  0.3964
  0.4248
  0.5380
  0.3964
  0.3681
  0.3681
  0.3964
  0.5380
  0.7929
  1.3026
  0.5663
  0.4248
  1.5291
  3.5113
  0.7362
  0.4814
  0.3964
  0.3681
  0.3398
  0.3398
  0.3398
  0.3398
  0.3115
  0.3115
  0.5097
  0.4248
  0.3681
  0.4814
  0.8212
  0.4248
  0.3681
  0.3964
  0.3681
  0.3681
  0.3398
  0.3115
  0.3115
  0.3115
  0.3115
  0.3115
  0.2832
  0.2832
  0.2832
  0.3115
  0.3398
  0.6513
  0.4248
  0.3398
  0.3115
  0.3115
  0.3115
  0.3115
  0.3398
  0.3398
  0.3398
  0.3115
  0.3115
  0.3115
  0.3115
  0.3115
  0.3115
  0.3115
  0.3115
  0.3398
  0.3398
  0.3398
  0.3115
  0.3115
  0.3115
  0.6796
  1.0194
  4.9838
  1.6990
  1.1044
  0.8778
  0.5663
  0.5663
  0.6513
  0.5663
  0.5097
  0.4814
  0.4814
  0.4814
  0.4531
  8.8349
  8.5800
  1.1610
  5.6067
  7.3057
  4.2192
  1.3026
  0.7929
  7.6172
  1.6141
  0.8212
  0.7079
  0.7079
  0.6230
  1.8972
  1.4158
  0.8495
  0.7079
  0.6230
  0.5663
  0.5380
  0.5380
  0.5380
  0.5097
  0.4814
  0.4814
  0.4814
  0.4531
  0.4531
  0.4531
  0.4531
  0.4531
  0.4531
  0.4248
  0.4248
  0.4248
  0.4248
  0.4248
  0.4248
  0.4248
  0.4248
  0.4248
  0.4248
  0.4248
  0.4248
  0.3964
  0.3964
  0.3964
  0.4531
  2.7184
  3.5113
  0.5663
  0.4531
  0.4248
  2.1521
  0.6513
  0.4531
  0.4248
  0.4248
  0.3964
  0.4248
  0.4531
  0.4248
  0.3964
  0.3964
  0.3964
  0.7079
  1.2176
  0.5380
  0.4531
  0.4248
  0.4248
  0.4248
  0.4248
  0.4248
  0.3964
  0.4531
  0.5947
  0.5380
  0.5097
  0.4531
  0.5947
  0.5097
  3.1998
  3.2281
  0.6230
  0.4814
  1.3309
  0.9345
  0.6230
  0.4814
  0.4814
  0.6796
  0.5380
  0.4814
  0.4531
  0.4814
  1.8972
  0.9345
  0.5380
  0.4531
  0.9345
  0.6796
  5.1253
  0.8778
  0.5663
  0.4814
  0.4531
  0.4248
  0.4531
  0.4531
  0.4248
  0.4248
  0.4248
  0.4531
  0.4531
  0.4531
  0.4531
  0.4248
  0.3964
  0.3964
  0.3964
  0.4248
  0.4814
  0.4814
  0.4248
  0.3964
  0.3964
  0.3681
  0.3681
  0.3681
  0.3681
  0.3681
  0.3681
  0.3681
  0.3681
  0.3681
  0.3681
  0.3681
  0.3681
  0.3681
  0.3681
  0.3681
  0.3681
  0.3964
  0.3681
  0.3681
  0.3681
  0.3398
  0.3398
  0.3398
  0.3398
  0.3398
  0.3398
  0.3398
  0.3398
  0.3398
  0.3398
  0.3398
  0.3398
  0.3398
  0.3398
  0.3398
  0.3398
  0.3398
  0.3398
  0.3398
  0.3681
  0.8495
  0.5947
  0.4531
  0.4248
  0.4248
  0.4248
  1.7556
  0.8495
  0.5380
  0.4814
  3.2281
  1.2176
  0.7362
  0.5380
  0.4531
  0.4248
  0.4248
  0.3964
  0.3964
  0.3681
  0.3681
  0.3681
  0.3681
  0.3681
  0.6513
  0.4814
  0.4248
  0.4248
  0.3681
  0.3681
  2.4919
  6.0032
 12.7143
  2.7184
  0.7929
  0.5380
  0.4531
  0.4248
  0.4248
  0.3964
  0.3964
  0.3681
  0.3398
  0.7079
  0.5380
  0.4248
  0.4814
  0.8778
  0.5663
  1.1044
  0.7362
  0.6230
  0.5380
  0.6230
  0.7929
  0.4814
  0.5380
  0.6513
  0.5663
  0.5380
  0.4814
  0.4248
  0.4248
  0.3964
  0.3964
  0.3681
  0.3681
  0.3681
  0.3681
  0.3681
  0.3681
  0.3398
  0.3398
  0.3398
  0.3681
  0.3681
  0.3681
  0.3681
  0.3681
  0.3681
  0.3964
  0.6513
  0.4814
  0.3964
  0.5947
  0.4531
  1.1893
  0.5947
  0.6513
  1.0760
  3.1149
  0.9061
  5.6634
  1.3026
  0.5947
  0.4814
  0.4248
  0.5097
  0.4531
  0.3964
  0.6796
  1.0194
  0.5097
  0.5663
  0.5097
  0.4248
  0.4248
  0.3964
  0.3681
  0.3681
  0.3681
  0.3681
  0.3681
  0.3681
  0.3681
  0.3681
  0.3681
  0.3681
  0.3681
  0.3681
  0.3681
  0.3681
  0.3681
  0.3681
  0.3681
  0.3681
  0.3398
  0.3398
  0.3398
  0.3398
  0.3398
  0.3681
  0.3681
  1.1893
  0.5947
  0.4248
  2.2653
  0.5097
  0.3964
  0.3681
  0.3681
  0.3398
  0.3398
  0.3681
  1.8406
  1.1044
  0.6230
  0.4531
  0.3964
  0.4814
  0.4248
  2.0105
  0.4248
  0.3115
  0.7362
  5.6917
  3.5113
  1.5291
  0.5380
  0.8778
  0.8495
  0.4814
  0.4248
  0.6796
  0.5097
  0.6230
  0.5097
  0.4248
  0.3681
  0.3681
  0.3681
  0.3681
  0.3681
  0.3398
  0.3398
  0.3398
  0.3398
  0.3398
  0.3398
  0.3398
  0.3398
  0.3398
  0.3115
  7.7022
  9.2030
  5.6917
  2.5768
  2.2653
  1.9822
  3.5962
  3.1149
  2.1804
  2.4636
  2.5768
  3.1149
  1.9822
  1.4442
  1.5291
  1.1044
  0.8778
  0.7362
  0.7079
  0.6796
  0.6796
  0.6513
  0.6796
  3.0299
  4.1059
  1.5857
  0.9345
  0.7646
  0.7646
  0.7362
  0.7079
  0.6796
  0.6796
  0.6513
  0.6513
  0.6513
  0.5947
  0.5947
  0.5663
  0.5663
  0.5663
  0.8778
  1.4442
  0.8778
  0.6513
  0.6230
  0.5663
  0.5663
  0.5663
  0.6230
  0.7929
  1.7556
  2.1804
  1.7556
  1.3026
  1.1044
  0.6513
  1.1893
  0.8778
  0.5663
  0.7362
  1.1044
  1.7556
  1.1044
  0.6513
  0.6230
  0.6230
  0.6230
  0.5663
  0.5663
  0.5663
  0.8778
  1.6141
  1.1044
  0.6513
  0.5663
  0.5380
  0.5097
  0.5097
  0.5097
  0.5097
  0.5097
  0.5097
  0.5097
  0.5097
  0.5097
  0.4814
  0.5097
  0.7646
  1.3026
  0.9061
  0.5663
  0.5097
  0.5097
  0.5380
  0.6513
  1.5857
  1.1893
  0.7362
  0.6230
  0.5380
  0.5097
  0.6796
  0.7079
  0.5380
  1.7840
  1.2743
  1.8972
  1.6707
  0.7362
  1.0477
  0.6230
  0.5380
  0.5097
  0.5097
  0.5097
  0.5097
  0.5097
  0.5097
  0.4814
  0.4814
  0.5097
  0.5097
  0.5097
  0.5380
  0.5380
  0.5947
  0.6513
  0.5380
  0.5097
  0.5097
  0.4814
  0.4814
  0.4814
  1.5574
  0.6796
  0.5097
  1.2176
  1.0194
  0.5947
  0.5097
  0.4814
  0.4814
  0.4814
  0.4814
  0.4814
  0.4814
  0.5947
  0.5097
  1.3026
  1.3875
  0.5947
  0.5097
  0.4814
  0.4814
  0.4531
  0.5097
  0.4814
  0.4531
  0.4531
  0.4531
  0.4814
  0.4531
  0.4531
  0.4531
  0.4531
  0.4531
  0.4248
  0.4248
  0.4248
  0.4248
  0.4531
  0.4531
  0.4248
  0.4248
  0.4248
  0.4248
  0.4248
  0.4248
  1.7556
  4.7289
  0.9345
  0.6230
  3.5962
  1.1610
  0.7646
  0.6513
  0.6230
  0.5947
  0.6513
  0.7929
  0.6513
  0.5947
  0.5663
  0.5380
  0.5380
  1.5857
  1.4158
  8.8915
  4.3042
  1.1044
  0.9061
  0.6796
  0.8495
  1.0477
  3.7661
  1.1610
  1.3026
  0.8495
  9.7693
 19.9351
  4.0210
  1.9822
  1.2459
  1.0194
  1.0477
  1.0477
  0.9061
  0.7646
  0.6796
  0.9628
  0.9061
  0.6513
  0.6230
  0.5947
  0.5947
  0.5663
  0.5947
  1.0477
  0.9628
  0.9061
  0.7079
  0.6513
  0.6796
  0.6230
  0.5947
  0.5663
  0.5663
  0.8495
  5.3802
  0.9061
  0.7079
  0.6230
  0.5663
  0.5380
  0.5380
  0.4814
  0.4814
  0.4248
  0.4248
  0.4248
  0.4248
  0.4248
  0.4248
  0.4248
  0.3964
  0.3964
  0.3964
  0.3964
  0.3681
  0.3681
  0.3681
  0.3681
  0.3681
  0.3964
  0.4248
  0.5380
  0.7362
  2.0105
  1.7840
  0.9911
  0.7929
  0.5663
  0.5097
  0.4814
  0.4814
  0.4814
  0.4814
  0.4814
  0.4531
  0.4531
  0.4531
  0.4531
  0.4531
  0.4531
  0.5663
  0.5380
  0.4814
  0.4814
  0.4531
  0.5097
  0.6513
  0.7646
  0.6796
  0.5097
  0.4814
  0.6230
  0.6230
  0.6513
  0.5947
  0.5097
  0.5097
  0.5380
  0.4814
  0.4814
  5.4368
 22.7667
 18.8307
  9.4578
  6.8244
  4.5590
  3.6246
  3.1432
  2.6618
  2.3220
  2.2370
  5.4368
  2.3220
  2.6618
  2.1521
  1.4158
  1.0194
  0.9061
  0.9061
  1.3026
  1.0194
  0.9911
  0.9345
  0.9061
  0.7929
  0.7079
  0.6513
  0.6513
  0.6513
  0.6796
  0.6513
  0.6513
  0.7079
  0.7079
  0.7079
  0.7079
  0.7079
  0.7079
  0.7079
  0.6796
  0.6513
  0.6230
  0.6230
  0.5947
  0.5947
  0.5947
  0.5380
  0.5097
  0.5097
  0.5097
  0.5097
  0.5097
  0.5380
  0.5380
  0.5380
  0.5380
  0.5380
  0.5380
  0.5380
  0.5380
  0.5380
  0.5097
  0.5097
  0.5380
  0.5380
  0.5380
  0.5097
  0.5097
  0.4814
  0.5097
  0.5097
  0.5097
  0.5097
  0.5097
  0.5097
  0.4814
  0.4814
  0.5097
  0.5097
  0.4814
  0.4814
  0.4814
  0.4814
  0.4814
  0.5097
  0.5097
  0.5097
  0.4814
  0.4814
  0.4814
  0.4814
  0.4814
  0.5097
  0.4814
  0.4531
  0.4248
  0.4248
  0.4531
  0.4248
  0.4248
  0.4248
  0.4248
  0.4248
  0.4248
  0.4248
  0.5380
  0.5097
  0.4814
  0.4531
  0.4248
  0.4248
  0.4248
  0.4248
  0.4248
  0.4248
  0.4248
  0.4248
  0.4248
  0.4531
  0.5097
  0.4531
  0.4248
  0.4248
  0.4248
  0.5097
  0.9345
  1.1893
  3.9927
  7.7871
  1.3309
  1.1044
  1.1044
  0.6513
  0.5380
  0.4814
  1.5857
  0.9061
  0.7362
  0.7646
  0.5380
  0.4814
  0.4248
  0.4248
  0.3964
  0.3964
  0.4814
  0.5947
  0.4814
  0.4248
  0.4814
  0.7079
  0.3681
  0.3398
  0.4814
  1.6990
  0.7929
  0.4248
  0.3681
  0.3964
  0.3681
  0.5380
  0.5947
  0.4248
  0.3398
  0.3115
  0.3115
  0.2832
  0.2832
  0.2803
  0.2803
  0.2803
  0.2803
  0.3115
  1.3026
 24.7206
  2.2653
  0.9061
  0.6513
  0.5380
  0.4531
  0.4248
  0.4248
  0.4814
  0.7362
  0.7079
  0.6513
  0.6230
  0.6230
  0.6230
  0.6230
  0.7079
  0.6230
  0.5947
  0.5947
  0.7929
  1.2176
  0.8495
  0.6230
  0.5947
  0.5663
  0.6513
  0.6230
  0.5663
  3.3697
  4.9838
  1.5857
  0.7079
  0.6230
  5.1253
  4.2475
  1.3026
  0.7362
  1.1327
  0.7929
  0.6230
  5.6917
  1.3309
  1.0477
  1.2176
  1.3026
  0.7079
  0.6230
  0.6230
  0.6513
  0.6513
  0.5947
  0.5663
  0.5663
  0.5663
  0.5663
  0.6230
  1.0477
  2.2653
  5.2953
  1.3875
  1.5008
  1.3309
  0.6230
  0.5663
  0.6230
  0.5663
  0.5380
  0.5380
  0.5663
  0.5380
  0.5097
  0.5097
  0.5097
  0.5097
  0.5097
  0.5097
  0.5097
  0.5097
  0.5380
  0.5380
  0.5097
  0.5663
  0.7362
  0.5947
  0.5380
  0.5663
  0.5663
  0.6513
  0.7079
  0.6796
  0.8212
  0.6230
  0.5663
  0.5380
  0.5097
  0.5097
  0.6796
  0.5663
  0.5380
  0.5097
  0.4814
  0.4814
  0.5380
  0.5097
  0.4814
  0.4814
  0.4814
  0.4814
  0.4814
  0.4814
  0.4814
  0.4531
  0.4531
  3.5113
  1.7840
  0.6230
  0.5663
  0.5380
  0.5097
  0.4814
  0.4814
  0.4814
  0.4531
  0.4248
  0.4531
  0.5947
  0.5663
  0.4814
  0.4814
  0.4531
  0.4531
  0.4248
  0.4248
  0.4248
  0.4248
  0.4248
  0.4248
  0.4248
  0.4248
  0.4248
  0.4248
  0.4248
  0.4248
  0.4248
  0.4248
  0.4248
  0.4248
  0.4248
  0.4248
  0.4248
  0.4248
  0.4248
  0.4248
  0.4248
  0.4248
  0.9061
  0.4814
  0.4531
  0.4248
  0.4248
  0.4248
  0.4248
  0.4248
  0.4248
  0.4248
  0.4248
  0.4248
  0.4248
  0.4814
  0.4814
  0.5097
  0.5663
  0.5097
  0.4531
  0.4248
  0.4248
  0.4248
  0.3964
  0.3964
  0.3964
  0.3964
  0.3964
  0.3964
  0.3964
  0.3964
  0.3964
  0.3964
  0.3964
  0.3964
  0.3964
  0.3964
  0.4248
  0.4248
  0.4248
  0.4248
  0.4248
  0.4248
  0.4248
  0.4248
  0.4248
  0.4531
  0.4248
  0.4248
  0.4248
  0.4248
  3.0299
  1.5008
  1.3026
  2.1521
  0.8212
  0.5663
  0.4814
  0.4248
  0.4248
  0.4248
  0.4248
  0.3964
  0.3964
  0.3964
  0.3964
  0.3964
  0.3964
  0.3964
  3.8511
  0.8495
  0.5097
  1.1893
  0.6230
  0.5097
  0.4531
  0.4248
  0.4248
  0.4248
  0.3964
  0.3964
  0.3964
  0.3964
  0.3964
  0.3964
  0.3964
  0.3964
  0.3964
  0.3964
  0.3964
  0.3964
  0.3964
  0.3964
  0.3964
  0.3964
  0.4248
  0.4248
  0.4248
  0.4248
  0.4248
  0.4248
  0.3964
  0.3964
  0.3964
  0.3964
  0.3964
  0.3964
  0.3964
  0.3964
  0.3964
  0.3964
  0.4248
  0.4248
  0.4248
  0.4248
  0.3964
  0.4814
  0.4248
  0.4248
  0.3964
  0.3964
  0.3964
  0.3964
  0.3964
  0.3964
  0.3964
  0.3964
  0.3964
  0.3964
  0.3964
  0.3964
  0.3964
  0.4248
  0.3964
  0.3964
  0.3964
  0.3964
  0.3964
  0.3964
  0.3964
  0.3964
  0.3964
  0.4531
  0.4248
  0.3964
  0.3964
  0.3964
  0.3964
  0.3681
  0.3681
  0.3681
  0.3681
  0.3681
  0.3681
  0.3964
  0.3964
  0.3964
  0.3964
  0.3964
  0.3964
  0.3681
  0.3681
  0.3964
  0.3964
  0.3964
  0.3964
  0.3964
  0.3964
  0.3964
  0.3964
  0.3964
  0.3964
  0.3964
  0.3964
  0.3964
  0.3964
  0.3681
  0.3681
  0.3681
  0.3681
  0.3681
  0.3681
  0.3681
  0.3681
  0.3681
  0.3964
  0.3964
  0.3964
  0.3964
  0.3964
  0.3964
  0.3964
  0.3964
  0.3964
  0.3964
  0.3681
  0.3681
  0.3681
  0.3681
  0.3681
  0.3681
  0.3964
  0.3964
  0.3964
  0.3964
  0.3681
  0.3681
  0.3681
  0.3681
  0.3681
  0.3964
  0.3964
  0.3964
  0.3964
  0.3964
  0.3964
  0.3964
  0.3964
  0.3964
  0.4248
  3.4547
  0.8495
  0.5663
  0.5380
  0.9345
  1.1327
  0.7646
  0.6513
  0.5947
  0.5663
  0.5663
  0.5380
  0.5097
  0.5097
  0.5097
  1.5008
 11.1285
  1.4158
  0.6513
  0.5663
  0.5380
  0.5380
  0.5380
  0.5097
  0.4814
  0.4814
  0.4814
 15.0646
 22.1721
  3.0582
  1.5857
  1.1327
  0.9628
  3.5113
  2.6335
  1.5857
  0.9628
  0.8495
  1.0194
  0.7079
  0.6513
  0.6230
  0.5947
  0.5947
  0.5947
  0.5663
  0.5663
  0.6796
  0.5663
  0.5380
  0.5097
  0.5097
  1.5008
  1.8972
  0.9628
  1.0760
  2.0954
  1.5857
  0.9061
  7.2774
  1.2459
  0.8778
  0.6513
  0.7079
  0.6230
  0.5663
  0.5663
  1.0194
  1.5008
  0.6796
  1.1044
  0.6230
  0.5663
  0.5380
  0.5663
  0.8495
  0.7079
  0.5663
  0.5380
  0.5663
  0.5380
  0.5663
  0.5380
  0.5097
  0.5097
  0.5097
  0.5663
  0.6230
  1.2176
  0.6796
  0.7929
  1.0477
  1.5008
  3.8228
  5.3519
  1.2743
  0.6230
  0.5380
  0.5097
  0.4814
  3.3697
 14.1867
  5.5218
  8.5517
  1.5574
  0.7079
  0.5380
  0.4814
  7.3624
  1.0194
  0.5947
  0.5380
  1.3026
  0.7362
  0.4814
  0.4531
  0.4248
  0.4248
  0.4248
  0.4531
  0.7079
  0.7362
  0.4531
  0.4248
  0.3964
  0.3964
  0.6796
  0.8212
  0.4814
  0.4531
  0.5663
  0.4531
  0.5097
  0.4814
  0.4248
  0.3964
  0.3964
  0.3964
  0.3964
  0.3964
  0.3964
  0.3964
  0.7079
  0.5663
  0.4248
  0.4248
  0.4531
  0.3964
  0.3964
  0.3964
  0.4814
  0.4248
  0.3964
  0.3964
  0.3681
  0.3681
  0.3681
  0.3681
  0.3681
  0.3964
  0.4248
  0.4531
  0.4531
  0.3964
  0.3964
  0.3681
  0.3681
  0.3681
  0.3681
  0.3681
  0.4814
  0.5380
  0.4531
  0.3964
  0.3681
  0.3681
  0.3681
  0.3681
  0.3964
  0.4248
  0.3964
  0.3964
  0.3681
  1.2459
  0.8778
  0.7362
  0.6796
  0.6513
  0.6513
  0.6513
  0.5947
  0.5663
  0.5663
  0.5663
  0.5663
  0.5663
  0.5947
  1.6990
  2.9733
  3.6246
  0.9061
  1.9822
  0.7929
  0.7362
  1.3592
  0.9061
  1.3875
  1.5857
  0.7079
  0.6513
  1.5857
  0.8495
  0.7929
  0.5947
  0.5663
  2.4636
  0.7646
  0.5663
  0.5380
  0.5380
  0.5097
  0.4814
  0.4814
  0.4814
  0.5380
  0.5380
  0.5380
  0.5097
  0.4814
  0.4814
  0.4814
  0.4814
  0.4814
  0.5097
  0.4814
  0.4814
  0.4814
  0.4814
  1.1327
  0.6796
  0.6230
  0.5380
  0.4814
  0.4814
  0.4814
  0.4814
  0.4814
  0.4531
  0.4531
  0.4531
  0.4531
  0.4531
  0.4531
  0.4531
  0.4531
  0.4531
  0.4531
  0.4531
  0.4531
  0.4531
  0.4531
  0.5663
  1.5857
  2.4069
  0.7079
  0.5380
  0.4814
  0.5380
  0.5380
  0.4814
  0.4814
  0.4814
  0.4531
  0.4531
  0.4814
  0.4531
  0.4531
  0.4531
  0.4531
  0.6513
  0.5097
  0.4814
  0.4531
  0.4531
  0.4248
  0.4248
  0.4814
  1.1044
  3.2848
  1.4158
  0.7929
  1.4725
  0.5947
  0.4814
  0.4531
  0.4531
  0.4248
  0.4248
  0.4248
  0.4248
  0.4248
  0.5097
  0.5380
  0.5380
  0.4531
  0.4248
  0.4248
  0.7079
  0.6513
  0.4531
  0.4248
  0.4531
  0.4248
  0.5947
  0.5947
  0.7079
  0.4814
  0.4248
  0.4814
  0.6230
  0.7929
  0.4814
  1.4442
  1.3309
  0.5947
  0.5663
  0.4814
  0.4531
  0.4248
  3.5396
  1.0194
  0.5663
  0.7362
  1.0194
  0.5380
  0.5380
  0.5380
  0.5380
  0.5380
  0.4531
  0.4248
  0.4248
  0.3964
  0.3964
  0.4248
  0.4248
  0.4531
  0.3964
  0.3964
  0.3964
  0.3964
  0.3964
  0.3964
  0.3964
  0.3964
  0.4248
  1.6141
  0.9628
  0.7079
  1.3026
  0.7646
  0.5097
  0.4531
  0.4248
  0.4248
  0.4248
  3.8511
  0.9061
  0.7646
  0.7362
  0.7079
  0.6796
  0.7362
  0.7646
  0.8778
  0.8495
  0.7079
  0.6796
  0.7079
  0.7079
  0.6796
  0.6796
  0.6513
  0.6230
  5.0687
  2.1521
  0.9061
  0.7079
  0.6513
  0.5947
  0.5663
  0.5663
  0.8212
  1.0760
  0.7079
  0.6513
  0.6230
  0.5947
  0.5663
  0.5663
  0.5663
  0.7929
  0.6513
  0.8212
  0.7362
  0.6230
  0.6230
  0.6230
  0.5663
  0.5663
  0.5663
  0.5663
  0.5663
  0.5380
  0.5380
  0.5380
  0.5947
  1.2459
  0.7362
  0.5947
  0.5663
  0.5380
  0.5380
  0.5663
  0.7079
  0.6513
  1.0194
  0.6513
  0.5663
  0.5663
  0.6513
  0.6796
  0.6513
  0.6513
  0.6230
  0.5663
  0.6796
  0.8495
  1.3875
  0.6796
  0.7362
  0.9345
  0.6513
  0.6513
  0.5663
  0.5380
  0.5380
  0.5380
  0.5663
  0.6513
  0.7079
  0.6230
  0.5663
  0.5380
  0.5380
  0.5380
  0.5097
  0.5380
  0.5380
  0.5380
  0.6230
  0.5380
  0.5380
  0.5380
  0.5380
  0.5663
  0.5663
  0.5663
  0.5663
  0.9061
  0.6513
  0.6230
  0.8212
  0.7646
  0.6230
  0.5663
  0.5663
  0.5380
  0.5380
  0.5380
  0.5380
  0.5380
  0.5380
  0.5380
  0.5380
  0.5380
  0.5380
  0.5380
  0.5380
  0.5380
  0.5380
  0.5380
  0.5663
  0.5380
  0.5380
  2.1521
  1.0760
  0.6230
  0.5663
  0.5380
  0.5097
  0.4814
  0.4814
  0.4814
  0.4814
  0.6230
  0.6230
  0.5380
  0.5097
  0.4814
  0.4814
  0.4814
  0.4814
  0.4814
  0.4814
  0.4814
  0.4814
  0.4814
  0.5097
  0.4814
  0.4814
  0.5097
  0.5097
  0.5097
  0.5097
  0.5380
  0.5380
  0.5097
  0.4814
  0.4814
  0.4814
  0.4814
  0.4814
  0.6796
  0.7646
  0.5663
  0.5380
  0.5097
  0.4814
  0.4814
  0.4531
  0.4531
  0.4531
  0.4531
  0.4531
  0.4531
  0.4531
  0.4531
  0.4531
  0.5663
  0.5663
  0.7362
  4.3325
  0.7362
  0.5947
  2.3220
  2.1804
  0.7929
  0.6230
  0.5663
  0.5663
  0.5380
  0.5663
  1.4158
  6.1448
  5.1253
  2.2370
  0.6796
  0.9061
  0.6513
  0.5947
  0.5663
  0.8212
  0.6796
  0.9061
  2.0105
  2.5485
  2.6335
  2.6335
  1.3875
  0.8495
  0.6796
  0.6230
  0.6230
  0.6513
  0.6230
  0.5947
  0.5663
  0.5663
  0.5663
  0.6230
  0.6230
  0.5947
  0.6230
  0.5947
  0.5663
  0.5380
  0.5380
  0.5380
  0.5380
  0.5380
  0.5380
  0.5380
  0.5380
  0.5380
  0.5380
  0.5097
  0.5097
  0.5097
  0.5097
  0.5097
  0.5380
  0.5380
  0.5380
  0.5380
  0.5380
  0.5380
  0.5380
  0.5097
  0.5097
  0.5097
  0.5097
  0.5097
  0.5097
  0.5097
  0.5097
  0.5097
  0.5380
  0.5380
  0.7929
  0.5663
  0.5380
  0.5097
  0.5097
  0.5097
  0.5097
  0.5097
  0.5097
  0.5097
  0.5097
  0.5097
  1.1044
  0.7362
  0.5380
  0.5097
  0.4814
  0.4814
  0.4531
  0.4531
  1.0760
  4.1059
  0.7362
  0.5663
  0.6796
  0.6230
  0.5380
  0.5097
  0.5097
  0.4814
  0.4814
  0.4814
  0.4814
  0.5097
  0.5097
  0.5097
  0.5097
  0.5097
  0.5663
  0.6230
  0.5663
  0.6230
  0.6513
  0.5663
  1.0477
  5.8333
  0.9345
  7.9287
  9.9392
  2.1804
  0.9345
  0.5947
  0.5380
  0.4814
  0.4814
  0.5380
  0.5097
  0.4814
  0.4814
  0.4814
  0.5097
  0.5097
  0.5097
  0.4814
  0.4814
  0.4814
  0.7646
  0.8495
  0.5663
  0.5097
  0.5380
  0.7362
  0.6796
  1.0760
  0.6230
  0.5663
  0.6796
  0.5380
  0.4814
  0.4531
  0.4531
  0.4531
  0.4531
  0.4531
  0.4531
  0.4531
  0.4531
  0.4531
  0.4531
  0.4248
  0.4248
  0.4814
  0.4531
  0.4248
  0.4248
  0.3964
  0.3964
  2.8600
  0.8495
  0.5380
  0.4814
  0.4248
  0.4248
  0.5947
  0.5663
  0.5380
  0.5380
  0.5380
  0.5380
  0.5097
  0.5097
  0.5097
  0.4814
  0.4814
  0.5097
  1.0194
  0.9061
  0.8495
  0.5947
  0.5380
  0.5097
  0.4814
  1.6990
  0.9628
  0.5947
  0.5380
  0.5097
  0.4814
  0.4814
  0.4814
  0.4814
  0.4814
  0.4814
  0.5947
  0.6513
  0.6230
  0.5663
  0.5097
  0.4814
  0.5097
  0.5380
  1.5574
  1.6990
  0.7929
  1.3026
  1.5574
  0.6513
  1.0477
  3.6246
  1.0477
  0.6230
  0.5663
  0.5097
  0.4814
  0.4814
  0.4814
  0.4814
  0.4531
  0.4531
  0.4531
  0.4531
  0.4531
  0.4248
  0.4248
  0.4248
  0.4248
  0.4248
  0.4248
  0.4248
  0.4248
  0.4248
  0.4248
  0.4248
  0.4531
  0.4248
  0.4248
  0.4531
  0.4531
  0.4248
  0.4248
  0.4248
  0.4248
  0.4248
  0.4248
  0.4248
  0.4248
  0.4531
  0.4814
  0.4814
  0.4814
  0.7362
  3.1432
  5.8333
  0.6513
  0.4814
  0.4531
  0.5663
  0.7929
  0.5947
  0.4814
  1.1327
  3.0299
  0.7646
  0.7362
  0.7646
  1.0194
  0.5947
  0.5663
  0.8495
  1.2459
  0.5663
  9.6277
  2.9733
 14.3566
  1.8406
  1.3875
  1.2176
  1.1044
  1.0194
  0.6796
  0.5663
  0.5097
  0.4814
  0.4814
  0.4814
  0.4531
  4.8988
  2.4636
  1.1610
  2.3786
  1.1610
  0.7646
 31.4317
  5.1820
  1.3026
  0.8495
  0.7079
  0.6230
  0.5947
  0.5663
  0.5663
  0.5380
  0.5097
  0.4814
  0.4814
  2.7467
  0.9061
  0.6230
  0.5380
  0.5097
  0.9911
  0.6513
  0.5380
  0.4814
  0.4814
  0.4814
  0.4814
  0.7929
  0.8495
  0.5380
  0.5380
  1.1044
  3.2848
  1.6707
  0.6230
  0.5097
  0.4531
  0.4531
  0.4248
  0.4248
  0.8212
  1.1893
  0.7079
  0.5663
  0.9061
  1.5574
  3.7661
  0.8495
  0.5947
  0.5097
  0.4814
  0.4531
  0.4531
  0.4531
  0.4248
  0.4248
  3.5962
  1.6990
  1.0194
  0.7362
  0.6513
  3.4263
  1.1044
  1.3026
  4.8139
  2.6335
  1.0760
  0.7646
  0.5947
  0.5380
  0.5380
  0.5097
  0.4814
  0.4814
  0.4814
  0.4531
  0.4531
  0.4531
  0.4531
  0.4531
  0.4531
  0.4531
  0.4531
  0.4531
  0.4531
  0.4531
  0.4248
  0.4248
  0.4248
  0.4248
  0.4248
  0.4814
  2.1804
  2.6335
  3.5113
  1.1327
  1.9255
  1.2176
  1.0477
  0.6513
  1.0477
  1.3026
  0.9628
  0.8778
  0.5663
  0.5380
  1.4158
  0.6513
  0.5097
  0.5097
  0.4814
  0.4814
  0.4531
  0.4531
  0.4531
  0.4531
  0.4248
  0.4248
  0.4248
  0.4248
  0.4248
  0.4248
  0.4248
  0.4814
  0.4248
  0.4248
  0.5380
  0.5097
  0.4814
  0.4531
  0.4248
  0.4248
  0.4248
  0.4248
  0.4248
  0.4248
  0.4248
  0.4248
  0.4248
  0.4248
  0.4248
  0.4248
  0.4248
  0.4248
  0.4248
  0.4248
  0.4531
  0.4531
  0.5947
  0.6513
  0.6513
  3.9077
  1.8972
  1.4158
  1.3309
  1.3592
  0.6230
  0.5097
  0.4531
  0.4248
  0.4248
  0.4248
  0.4248
  0.4248
  0.4248
  0.4248
  0.4248
  0.4248
  0.4248
  0.4248
  0.4248
  0.4248
  0.4248
  0.4248
  0.4248
  0.4248
  0.4531
  0.4814
  0.4814
  0.4248
  0.4814
  0.7929
  3.9077
 57.4832
 27.6089
  6.7111
  2.8034
 10.1091
  1.9539
  1.4158
  0.8778
  0.6513
  0.5380
  0.4814
  1.7556
  1.9822
  1.2459
  0.5380
  0.4814
  0.4248
  0.4248
  0.4248
  0.4248
  0.4248
  0.4248
  0.4814
  0.4814
  0.6230
  0.7079
  0.4248
  0.4248
  0.4814
  0.8778
 10.7321
  3.0016
  1.0477
  0.7362
  0.6230
  0.5663
  0.5380
  0.5097
  0.4814
  0.4814
  0.4814
  0.4814
  0.4814
  0.4814
  0.4814
  0.4531
  0.4531
  0.4248
  0.4248
  0.4248
  0.4248
  0.4248
  0.4248
  0.4248
  0.4248
  0.4248
  0.5663
  0.5380
  0.5380
  1.7273
  0.6796
  0.7362
  2.1521
  5.1253
  7.5040
  4.3608
  1.0760
  0.6796
  0.7362
  1.3026
  1.0760
  0.7929
  3.5679
  1.5574
  1.1044
  0.6230
  0.5663
  0.5380
  0.5380
  0.6796
  0.5947
  0.5380
  0.5097
  0.5097
  0.5097
  0.5097
  0.4814
  0.4814
  0.5097
  0.5097
  0.5097
  0.4814
  0.4814
  0.4814
  0.4814
  0.5663
  0.5380
  0.5097
  0.5097
  1.1327
  0.9345
  0.5947
  0.5380
  0.5097
  1.1893
  1.8689
  0.7646
  0.7929
  0.6513
  0.5097
  0.4531
  0.4531
  0.4248
  0.4248
  0.4248
  0.4248
  0.3964
  0.3964
  0.3964
  0.3964
  0.4248
  0.4248
  0.3964
  0.3964
  0.3964
  0.3964
  0.3964
  0.3964
  0.3964
  0.3964
  0.4248
  0.4248
  0.4814
  0.4531
  0.4531
  0.4248
  0.4248
  0.4248
  0.6796
  0.5947
  0.5380
  0.4814
  0.4814
  1.5008
  3.8511
  0.7929
  0.4814
  0.4531
  0.5097
  0.8778
  0.8212
  0.5097
  0.4814
  0.4248
  0.4248
  0.3964
  0.3964
  0.3964
  0.5380
  0.4814
  0.4248
  0.4248
  0.4248
  0.3964
  0.3964
  0.3964
  0.3964
  0.3964
  0.3964
  0.3681
  0.3681
  0.3681
  0.4248
  0.4814
  0.4248
  0.4248
  0.4248
  0.6230
  0.4248
  0.4248
  0.4248
  0.4248
  0.4814
  0.4248
  0.4248
  0.4248
  0.3964
  0.3964
  0.3964
  0.3964
  0.3964
  0.3964
  0.3681
  0.3681
  0.3681
  0.3964
  0.3964
  0.3964
  0.4248
  0.4248
  0.3964
  0.3964
  0.3964
  0.3964
  0.6513
  0.9628
  0.5663
  0.4814
  0.4531
  0.4531
  0.4531
  0.4531
  0.4248
  0.4248
  0.4248
  0.4248
  0.4248
  0.4531
  0.4531
  0.4531
  0.4531
  0.4531
  0.4814
  0.4531
  0.4531
  0.4248
  0.4248
  0.4248
  0.4531
  0.4531
  0.5947
  1.1327
  0.9061
  0.5380
  0.4814
  0.4531
  2.2937
  0.7646
  1.3592
  5.5501
  3.9077
  1.3026
  0.5663
  0.4814
  0.4248
  0.4248
  0.4814
  0.4814
  6.5412
  7.8721
  1.9822
  0.8495
  0.6230
  0.7646
  0.7079
  0.5663
  0.5097
  0.4814
  0.4531
  0.4248
  0.4248
  0.4248
  0.4248
  0.4248
  1.3026
  3.3414
  3.7378
  0.6513
  0.4814
  3.1432
  0.8495
  0.5947
  0.4814
  0.4531
  0.4531
  0.4248
  0.4248
  0.4248
  0.4248
  0.4248
  0.4248
  0.4248
  0.6230
  0.4531
  0.4248
  0.4248
  0.4814
  0.4814
  0.8495
  5.2103
  6.8244
  1.0477
  0.5380
  0.4531
  0.6230
  0.5663
  0.4531
  0.4248
  0.4248
  0.4248
  0.4248
  0.4248
  0.4248
  0.4248
  0.4814
  0.4531
  2.4069
  5.5218
  1.3592
  0.7079
  0.5097
  0.5663
  0.4531
  0.4531
  0.4248
  0.4248
  0.4248
  0.4248
  0.4248
  3.7378
  1.0760
  0.5097
  0.4814
  0.4531
  0.4248
  0.4248
  0.5380
  0.7362
  1.1610
  2.1521
  1.4442
  0.6230
  0.4814
  0.4814
  0.4531
  0.4531
  0.4531
  0.4248
  0.4248
  0.4248
  0.4248
  0.4248
  0.4531
  0.4531
  0.4531
  0.5663
  5.0404
  0.7362
  0.4814
  0.4248
  0.3964
  0.3964
  0.3964
  0.3964
  0.3964
  0.3964
  0.3964
  0.3964
  0.3964
  0.3964
  0.3964
  0.6230
  0.8778
  0.4814
  0.4531
  0.6230
  0.7362
  1.7273
  0.8212
  0.4814
  0.4248
  0.4248
  0.3964
  0.3964
  0.3964
  0.3964
  0.3964
  0.3964
  0.3964
  0.3964
  0.5663
  0.5380
  0.4248
  0.4248
  0.4248
  0.3964
  0.3964
  0.4248
  0.4814
  0.4814
  0.4248
  0.4248
  0.4248
  0.4248
  0.4248
  0.4248
  0.5097
  0.5097
  0.4531
  0.4248
  0.4248
  0.5097
  0.5663
  0.5663
  0.4814
  0.4531
  0.4248
  0.4248
  0.4248
  0.4248
  0.4248
  2.4919
  0.5663
  0.4531
  0.4248
  0.4814
  0.3964
  0.3964
  0.3964
  0.3964
  0.3964
  0.3964
  1.1044
  0.9628
  0.8778
  0.7929
  0.7646
  0.7362
  0.7079
  0.7362
  0.8495
  0.7362
  0.7079
  0.6796
  4.8988
 17.6131
  7.1075
  1.9255
  3.5679
  2.7467
  1.4158
  1.4158
  1.1893
  0.9345
  0.8778
  1.3875
 29.1664
 47.0060
 19.9634
  7.2208
  4.5590
  3.5679
  3.1149
  2.4636
  1.9822
  1.7556
  1.5291
  1.3592
  1.2176
  1.1044
  0.9628
  0.9911
  0.9345
  0.8778
  0.8778
  0.8212
  0.8495
  1.3026
  1.2459
  1.2459
  1.2459
  0.7929
  0.7079
  0.6796
  0.7362
  0.7362
  0.6230
  0.5663
  0.5663
  0.5380
  0.5380
  0.5380
  0.5380
 10.1657
 10.7321
  2.2937
  1.2743
  0.9628
  0.8212
  0.7362
  0.7079
  0.6513
  0.6513
  0.6513
  0.7079
  0.6513
  0.6230
  0.5947
  0.6796
  0.7079
  0.6230
  0.6230
  0.8212
  1.0760
  0.6796
  0.6230
  0.5947
  0.5663
  0.5663
  0.5663
  0.6230
  0.6796
  0.5947
  0.5663
  0.5663
  0.5380
  0.5380
  0.5663
  0.6513
  0.5947
  0.5947
  0.6230
  0.5947
  0.9628
  0.6796
  0.7079
  0.6513
  0.5947
  0.5663
  0.5663
  0.5663
  0.5663
  0.5663
  0.5663
  0.5947
  0.5947
  0.5947
  0.5947
  0.5947
  0.5947
  0.5947
  0.5947
  0.5947
  0.5947
  3.0582
  4.2475
  0.8495
  0.6796
  0.6513
  0.6513
  1.2743
  0.7079
  0.5947
  0.5663
  0.5380
  0.5380
  0.5380
  0.5947
  0.6796
  0.6513
  0.5663
  0.5380
  0.5380
  0.5380
  0.5380
  0.5380
  0.5380
  0.5380
  0.5380
  0.5380
  0.5380
  0.5380
  0.5380
  0.5380
  0.5380
  0.5380
  0.5380
  0.5380
  0.5380
  0.5380
  0.5380
  0.5380
  0.5663
  0.6230
  0.6230
  0.5947
  0.5663
  0.5663
  0.5663
  0.5663
  0.5663
  0.5663
  0.5663
  0.5663
  0.5663
  0.5663
  0.5663
  0.5947
  0.5947
  0.5947
  0.5947
  0.5947
  0.5947
  0.5947
  0.6230
  4.2192
  3.3697
  5.6917
  5.0404
  2.4352
  1.9255
  1.6990
  1.4158
  1.3026
  1.3026
  1.7556
  2.0954
  4.3325
  3.2848
 10.9586
  7.0226
  3.6246
  2.6901
  9.2030
  2.6901
  2.2087
  1.9822
  6.1448
  4.3042
  1.7273
  2.0671
  5.0687
  5.3802
  2.0671
  1.1044
  1.0194
  0.9345
  1.5857
  1.6990
  0.9628
  2.1521
  5.6067
  1.0194
  2.4352
  1.8689
  1.3309
  1.8406
  0.9061
  1.2459
  0.8778
  0.9061
  1.1893
  0.7929
  0.7079
  0.6513
  0.6230
  0.6230
  0.6230
  0.6230
  0.6230
  0.6230
  0.6796
  2.9166
  3.3697
  3.4830
  0.7929
  0.6513
  0.6230
  0.6230
  0.6230
  0.6230
  0.6230
  0.6230
  0.6230
  0.6230
  0.6230
  0.6230
  0.7646
  0.6513
  0.6230
  1.1044
  0.7362
  0.6230
  0.6230
  0.9628
  1.5008
  1.8406
  2.6901
  0.8778
  0.7079
  0.6796
  0.7079
  0.7079
  0.6513
  0.6513
  0.6513
  1.8123
  0.7929
  0.7079
  0.6796
  0.6513
  0.6513
  0.6513
  0.6513
  0.6230
  0.6230
  0.6230
  0.6230
  0.6230
  0.6230
  0.6230
  0.6230
  0.6230
  4.8705
  2.4919
  0.7646
  0.6230
  0.7646
  0.7079
  0.6230
  0.5663
  0.5663
  0.5663
  0.6230
  0.5947
  0.5947
  0.5947
  0.6230
  0.6513
  0.6230
  0.6230
  0.5947
  0.5947
  0.5947
  0.5947
  0.5947
  0.6230
  0.6230
  0.6230
  0.6230
  0.6230
  0.6513
  0.6513
  0.5947
  0.5663
  0.5380
  0.5380
  0.5380
  0.5380
  0.5380
  0.5380
  0.5947
  0.5663
  0.5380
  0.5663
  0.5663
  0.5380
  0.5380
  0.5380
  0.5380
  0.5380
  0.5380
  0.5380
  0.5380
  0.5380
  0.5380
  0.5380
  0.5380
  0.5380
  0.5380
  0.5380
  0.5380
  0.5380
  1.6424
 13.6770
  3.3697
  0.7929
  0.5380
  0.4814
  0.4531
  0.4531
  0.4531
  0.4531
  0.4531
  0.4531
  0.4814
  0.4814
  0.4814
  1.0194
  0.9911
  1.1893
  1.0194
  0.9628
  0.8212
  0.7646
  0.7929
  0.7646
  0.6796
  0.6513
  0.6513
  0.6796
  0.6513
  0.6513
  0.6230
  0.5947
  0.5947
  0.5947
  1.0760
  0.9061
  0.7646
  0.7362
  5.2669
  1.9255
  0.8212
  0.8495
  0.5663
  0.8495
  0.7362
  0.5380
  0.5097
  0.4814
  0.4814
  0.4248
  0.4248
  0.4248
  0.4248
  0.4248
  0.4248
  0.4248
  0.4248
  0.4248
  0.4248
  0.4248
  0.4248
  0.4248
  0.4248
  0.4248
  0.4248
  0.4248
  1.9539
  1.1327
  0.7079
  0.4814
  0.6230
  0.6513
  0.5380
  0.4531
  0.4248
  0.3964
  0.3964
  0.3964
  0.3964
  0.3964
  0.3964
  0.3964
  0.3964
  0.3964
  0.4248
  0.4248
  0.4248
  0.4248
  0.4248
  0.4248
  0.4248
  0.4248
  0.4248
  0.4248
  0.4248
  0.4248
  0.4248
  0.4248
  0.4248
  0.4248
  0.4814
  0.4814
  0.5663
  1.6707
  0.4814
  0.3681
  0.4531
  0.4531
  0.6796
  0.4814
  0.4248
  0.4248
  0.5097
  3.8228
  0.5380
  0.4531
  0.3681
  0.4531
  0.5097
  0.3681
  0.3681
  2.4919
  0.6513
  0.4531
  0.3681
  0.3681
  0.3398
  0.3681
 15.5176
  2.6618
  6.9093
  2.8883
  0.8778
  0.6513
  0.5663
  0.5380
  0.5097
  0.5097
  0.5663
  0.5947
  0.5380
  0.5097
  0.4814
  0.4814
  0.4814
  0.5097
  0.5097
  0.4814
  0.4531
  0.4814
  0.5380
  0.7929
  0.5947
  0.9911
  0.7079
  0.7362
  0.5663
  0.4814
  0.4531
  0.4531
  0.5380
  0.4814
  0.4531
  0.4531
  0.4248
  0.4248
  0.4248
  0.4248
  0.4248
  0.4248
  0.4248
  0.4531
  0.4531
  0.4248
  0.4248
  0.4248
  0.4248
  0.4248
  0.4248
  0.4531
  0.4814
  0.4531
  0.5380
  1.6424
  1.0477
  0.6796
  0.6230
  0.5097
  0.5097
  0.4531
  0.4531
  0.4531
  0.4531
  0.4248
  0.4248
  0.4248
  0.4248
 11.6099
  0.5947
  0.7646
  0.9628
  1.2176
  4.2475
  4.6440
  1.6707
  0.9628
  0.7929
  2.1238
  1.8406
  1.0477
 10.1657
  1.7840
  1.1893
  1.0194
  0.9345
  0.8495
  0.7646
  0.7362
  0.7079
  0.6796
  0.6796
  0.6513
  0.9911
  8.3252
  4.3325
  3.6812
  4.7855
  1.3309
  0.9345
  5.8333
  8.8349
  2.4352
  3.0299
  1.9255
  1.6424
  1.3026
  1.0760
  1.1893
  1.7840
  1.3875
  2.2653
 31.4317
  7.3624
  5.6067
  4.8988
  2.4919
  2.2937
  1.9539
  1.5857
  1.3309
  1.2176
  1.1044
  1.0194
  1.1044
  1.0760
  0.9628
  1.0760
  1.0477
  1.1044
  1.0477
  1.1044
  1.0194
  1.0194
  0.8212
  0.7362
  0.7079
  0.6796
  0.6513
  0.6513
  0.6513
  0.6796
  0.9628
  0.8495
  0.7929
  0.7079
  0.6513
  0.5947
  0.5947
  0.6230
  0.6230
  0.6230
  0.6230
  0.6230
  0.6230
  0.5947
  0.5663
  0.5663
  0.6230
  0.5947
  0.5663
  0.5663
  0.8778
  0.6513
  0.5663
  0.5663
  0.5663
  0.7079
  3.9927
  0.9061
  4.8705
  1.1044
  0.7079
  0.6230
  0.5663
  0.5380
  0.6230
  0.6513
  0.5663
  0.5663
  0.5663
  1.1893
  1.1893
  0.6513
  0.5663
  0.5663
  0.5380
  0.5380
  0.5380
  0.5380
  0.5380
  0.5380
  0.5380
  0.5380
  0.5380
  0.5380
  0.5380
  0.5663
  0.5663
  0.7362
  0.7362
  0.6230
  0.5663
  0.6230
  0.6513
  0.5663
  0.9061
  0.9628
  0.6513
  0.6230
  0.5663
  0.5380
  2.1804
  1.5008
  0.8778
  0.6230
  0.5663
  0.5663
  0.5380
  0.5380
  0.5380
  0.5380
  0.5380
  0.5380
  0.5380
  0.5380
  0.5380
  0.5380
  0.5380
  0.5663
  0.6230
  0.6230
  0.5663
  0.5663
  0.5380
  0.5380
  0.5380
  0.5380
  0.6230
  0.7929
  0.7079
  0.7079
  1.9822
  1.5008
  0.9628
  0.7079
  0.5663
  0.5380
  0.4814
  0.4814
  0.4814
  0.4814
  0.5380
  0.5380
  0.5380
  0.5380
  0.5663
  0.5663
  0.5380
  0.5380
  0.5380
  0.5380
  0.5380
  0.5380
  0.5380
  0.5380
  0.5380
  0.5380
  0.5380
  0.5380
  0.7362
  0.6230
  0.5380
  0.5380
  0.5380
  0.5380
  0.5380
  0.5663
  0.6513
  0.5663
  0.5380
  0.4814
  0.4814
  0.4814
  0.4814
  0.4814
  0.4814
  0.4814
  0.4814
  0.4814
  0.4814
  0.4814
  0.4814
  0.4814
  0.4814
  0.4814
  0.4814
  0.4814
  0.5380
  0.5380
  0.5380
  0.5663
  0.5380
  0.5380
  0.5380
  0.5380
  0.5380
  0.5380
  0.5380
  0.5380
  0.5380
  0.5380
  0.5380
  0.4814
  0.4814
  0.5380
  0.5380
  0.5380
  0.5380
  0.5380
  0.5380
  0.5380
  0.5380
  0.5380
  0.5380
  0.5380
  0.5380
  0.4814
  0.4814
  0.4814
  0.4814
  0.4814
  0.4814
  0.4814
  0.4814
  0.4814
  0.4814
  0.5380
  0.5663
  0.6513
  0.5380
  0.4814
  0.5380
  0.5380
  0.5663
  0.5663
  0.4814
  0.4814
  0.4248
  0.4248
  0.4248
  0.4248
  0.4248
  0.4248
  0.4248
  0.4248
  0.4248
  0.4248
  0.4248
  0.4248
  0.4814
  0.5380
  0.4814
  0.4814
  0.4814
  0.4248
  0.4248
  8.4951
  3.1149
  0.7362
  0.4248
  0.3681
  0.3681
  0.3681
  0.6230
  0.8212
  0.3964
  0.3681
  0.3681
  0.3964
  0.4814
  0.4814
  0.4248
  0.4248
  0.4248
  0.4248
  0.4248
  0.4248
  0.4248
  0.4248
  0.4248
  0.4248
  0.4248
  0.4248
  0.3964
  0.4248
  0.6230
  1.6707
  0.8778
  1.5008
  0.6513
  0.5663
  0.4814
  0.4248
  0.6230
  0.5380
  0.4248
  0.4248
  0.4248
  0.4248
  0.4248
  0.4248
  0.4248
  0.4248
  0.4248
  0.4248
  0.4248
  0.4248
  0.4248
  0.4248
  0.4248
  0.4248
  0.4248
  0.4248
  0.4248
  0.4814
  0.5380
  0.4814
  0.4814
  0.4814
  0.4248
  0.4248
  0.4814
  0.5380
  0.4814
  0.7079
  0.6796
  0.6513
  0.5947
  0.6796
  0.6796
  0.5663
  1.1893
  3.0299
  7.3907
 16.7919
  8.3535
  2.6618
  3.1149
  4.0776
  1.1327
  0.8495
  0.7646
  0.7079
  0.6513
  0.6230
  0.5947
  0.5663
  0.5380
  0.5097
  0.5097
  0.5097
  0.5380
  0.5097
  0.5380
  0.5380
  0.5380
  0.5380
  0.5663
  0.5663
  0.5663
  0.5663
  0.5663
  0.5663
  0.5663
  0.5663
  0.5663
  0.5663
  0.5663
  0.5663
  0.5663
  0.5663
  0.6513
  0.5947
  1.4442
  9.0614
 24.2675
  4.2192
  1.1044
  1.1327
  0.7079
  0.5663
  0.5380
  0.4814
  0.4814
  0.4814
  0.4814
  0.4814
  0.4814
  0.4814
  0.4814
  0.4814
  0.4814
  0.4814
  0.4248
  0.4248
  0.4248
  0.4531
  0.4531
  0.4531
  0.4248
  0.4248
  0.4248
  0.3964
  0.3964
  0.3964
  0.3964
  0.3964
  0.3681
  0.3681
  0.3681
  0.3681
  0.3681
  0.3681
  0.3681
  0.3681
  0.3681
  0.3681
  0.3681
  0.3681
  0.3964
  0.3964
  0.3964
  0.5380
  0.4531
  0.4248
  0.4248
  0.3964
  0.4248
  0.4531
  0.4248
  0.4248
  0.4248
  0.4814
  0.4531
  0.4531
  0.5380
  0.5097
  0.4814
  0.4814
  0.4531
  0.4531
  0.4531
  0.4531
  0.4531
  0.4531
  0.4531
  0.4531
  0.4531
  0.4814
  0.4531
  0.4531
  0.4531
  0.4531
  0.4531
  0.5947
  0.8495
  0.6513
  0.4814
  0.5097
  0.5097
  0.4531
  0.4248
  0.4248
  0.5380
  0.5097
  0.4531
  0.4248
  0.4248
  0.4248
  0.4248
  0.3964
  0.3964
  0.3964
  0.3964
  0.3964
  0.3964
  0.3964
  0.3964
  0.3964
  0.3964
  0.4531
  0.4248
  0.4248
  0.4248
  0.5097
  0.6230
  0.4531
  0.4248
  0.3964
  0.4248
  0.5663
  0.4531
  0.3964
  0.3964
  0.3964
  0.3964
  0.3681
  0.3964
  0.3964
  0.3964
  0.3964
  0.3964
  0.3964
  0.3964
  0.3964
  0.3964
  0.3964
  1.0194
  0.9061
  0.8495
  0.8212
  0.8212
  0.8212
  0.8212
  1.5574
  9.6277
 10.8170
  2.3220
  1.4442
  1.2176
  1.2176
  1.0477
  1.0194
  1.1893
  0.9628
  2.8034
  4.2475
  1.5857
  1.0760
  0.9345
  1.0194
  1.2743
  0.9911
  0.8778
  0.9061
  0.9345
  0.8495
  0.8495
  0.8778
  0.7929
  0.7929
  1.6990
  0.8212
  0.7079
  0.6796
  0.6796
  0.6796
  0.6513
  0.6513
  0.6230
  0.6230
  0.6230
  0.6230
  0.6230
  0.5947
  0.5947
  0.5947
  0.5947
  0.5947
  0.6230
  0.5947
  0.5947
  0.5947
  0.5947
  0.5947
  0.5947
  0.5947
  0.5947
  0.5947
  0.5947
  0.5947
  0.6513
  0.6230
  0.6513
  0.6513
  0.6513
  0.6513
  0.6513
  0.6513
  0.6513
  0.6796
  0.6796
  0.7079
  0.6796
  0.7079
  0.6796
  0.6513
  0.6513
  0.6796
  0.7362
  0.7646
  0.6230
  0.6230
  0.6230
  0.6230
  0.6230
  0.5947
  0.8212
  0.7646
  0.6230
  0.6230
  0.6230
  0.5947
  0.6230
  0.5380
  0.5097
  0.5097
  0.5097
  0.5097
  0.6230
  1.3592
  0.5663
  0.5097
  0.4814
  0.4814
  0.4814
  0.4814
  0.4814
  0.4531
  0.4531
  0.4531
  2.7467
  0.7079
  0.4814
  0.4531
  0.4531
  0.4531
  0.4248
  0.4248
  0.4531
  0.5097
  0.4814
  0.4814
  0.4814
  0.4814
  0.4814
  0.4814
  0.4814
  0.4814
  0.4814
  0.4814
  0.4814
  0.5663
  0.5380
  0.5097
  0.5097
  0.5097
  0.5097
  0.5097
  0.5380
  0.5097
  0.5097
  0.5097
  0.5097
  0.5097
  0.5097
  0.5097
  0.5097
  0.5097
  0.5097
  0.5097
  0.5097
  0.5380
  0.7079
  0.5663
  0.5097
  0.4814
  0.4814
  0.4531
  0.4814
  0.4531
  0.4531
  0.4531
  0.4531
  0.4531
  0.4531
  0.4531
  0.4531
  0.4248
  0.4248
  0.4248
  0.4248
  0.4248
  0.4248
  0.4531
  0.4531
  0.7079
  0.5663
  0.4531
  0.4248
