  1.6141
  1.0477
  1.5574
  1.7840
  1.8406
 77.8713
 21.3792
  4.8988
 84.3842
 12.1479
  5.5218
  3.7661
  2.7751
  2.3220
  1.9255
  2.8883
  7.1642
  3.6246
  2.0954
  1.3309
  1.1044
  3.7378
 67.9604
 12.0063
  8.2685
  8.7216
 31.1485
 15.0646
  8.7499
  6.5695
  4.8139
  4.8139
  3.2848
  2.6618
  3.9077
  6.2297
 11.3267
  6.5978
  6.4562
  4.0776
  3.0865
  2.4069
  1.9539
  1.6990
  1.5574
  1.3309
  1.5574
  0.9911
  0.8778
  0.8495
  0.8212
  0.7929
  0.7929
  0.7646
  0.6796
  0.6796
  0.6796
  0.6796
  0.6230
  0.6230
  0.5947
  0.5947
  0.5663
  0.5097
  1.0194
  0.8212
  0.4814
  0.4814
  0.4814
  0.9061
  0.7646
  0.5663
  0.4814
  0.4248
  0.8495
  0.6513
  0.5097
  0.5097
  0.5097
  0.5097
  0.5663
  0.5097
  0.5663
  0.5380
  0.5097
  0.6796
  1.2459
  1.5574
  0.9061
  0.3964
  0.3398
  0.3398
  0.3115
  0.9061
  0.7646
  0.8212
  0.5097
  0.4814
  0.3964
  0.3681
  0.3398
  0.3681
  0.3964
  0.3398
  0.3115
  0.3398
  2.0954
  0.8212
  0.3964
  0.3964
  0.3398
  0.4248
  0.8212
  1.4442
  6.9943
 10.6471
  6.4562
  1.6424
  0.6513
  0.5380
  0.6230
  0.5663
  2.5485
  3.1149
  1.2743
  0.5380
  4.3325
 12.5727
  2.4352
  1.9255
  4.2475
  1.3875
  0.7362
  0.7079
  0.6230
  1.8123
  1.1044
  1.0477
  1.6707
  1.0194
  0.8212
  1.3026
  2.1804
  0.8212
  0.5380
  1.1044
  3.5962
  0.7646
  0.5097
  0.4531
  0.6796
  0.7646
  0.4814
  0.3964
  0.3964
  0.3964
  0.3964
  1.0760
  0.8495
  1.3026
  0.6513
  0.5097
  0.3964
  0.3964
  0.3681
  0.4248
  0.3681
  1.9539
  0.8212
  0.3681
  0.3115
  0.2832
  0.2662
  0.2520
  0.2520
  0.2577
  1.0477
  0.4814
  0.7646
  0.4531
  0.3964
  0.3681
  0.3398
  3.3414
  5.5218
 22.3420
  5.9465
  7.5323
  4.7289
  3.1998
  4.4174
  2.5768
  1.6424
  1.1044
  0.9628
  2.5202
  2.2937
  1.1044
 11.4683
 13.9319
  8.9198
  9.7976
 12.3178
  9.5428
  3.1715
  3.6812
 30.5822
  5.8616
  2.9450
  2.3503
  2.2370
  1.8972
  5.1820
  4.3608
  2.4919
  3.3980
  1.9255
  1.1610
  0.9345
  0.8495
  0.8212
  0.7646
  0.8778
  0.7362
  0.7079
  0.6796
  0.6513
  0.6230
  0.6230
  0.6230
  0.6230
  0.5947
  0.5947
  0.6230
  0.5380
  0.5097
  0.5097
  0.5380
  0.5380
  0.5380
  0.5663
  0.5380
  0.5380
  0.5380
  0.5663
  0.5947
  0.6513
  2.2087
  8.3535
  1.2743
  0.5663
  0.5380
  4.5307
  1.5574
  0.6796
  0.5380
  0.6796
  0.5947
  4.9838
  1.0760
  0.5380
  0.5097
  0.5380
  0.8778
  3.4547
  5.4652
  1.9539
  0.8212
  1.1610
  0.7929
  0.6513
  0.5380
  0.5380
  0.6513
  0.9061
  0.8495
  1.2743
  0.6796
  2.3220
  2.7467
  2.7751
  7.6172
  9.4295
  1.4158
  0.6230
  1.1893
  2.2087
  1.2743
  0.6230
  5.0404
  2.4352
  1.3592
  0.9061
  0.6513
  1.8123
  6.8527
  2.1238
  0.7079
  0.5663
  0.5663
  0.7646
  8.8349
  3.9927
  1.3026
  0.6230
  0.5663
  3.0865
  1.9539
  2.5202
  0.6513
  0.9911
  1.3026
  0.6796
  0.5947
  0.9061
  1.5574
  0.5663
  0.7079
  2.1521
  0.9628
  0.7646
  1.1610
  1.9539
  0.9061
  0.5663
  0.5380
  0.4531
  0.4248
  0.4248
  0.5097
  0.5663
  1.1893
  0.7646
  0.6796
  0.5947
  2.3786
  0.6513
  0.4814
  1.1893
  0.6230
  0.4531
  0.4814
  0.4531
  0.6230
  0.5097
  0.3964
  0.3398
  0.3398
  0.3398
  0.3115
  0.3681
  0.4814
  0.5947
  0.4814
  0.3964
  0.3681
  0.4248
  0.3964
  0.4531
  0.3681
  0.3115
  0.3115
  0.2832
  0.3115
  0.5380
  0.3964
  1.0477
  0.9061
  3.3697
  1.7556
  0.7079
  0.5663
  3.3980
  4.4174
  2.9450
  1.4725
  2.3503
  2.8317
  1.9539
  1.1044
  0.5380
  0.4531
  0.4248
  0.4531
  0.4248
  0.4531
  0.3964
  0.3964
  0.3681
  0.3964
  1.1044
  0.4531
  0.3398
  0.3398
  0.3398
  0.3398
  2.6335
 12.8842
 24.9188
  6.7394
  1.7840
  0.6796
  0.3964
  0.3398
  0.4248
  0.3115
  0.3115
  0.2832
  1.0760
  0.5663
  0.4531
  2.2370
  4.3891
  4.6440
  1.3592
  8.8065
  2.0671
  0.5947
  0.4248
  0.3964
  0.3681
  0.3681
  0.3681
  0.3398
  0.3398
  0.3115
  0.2832
  0.2803
  0.2775
  0.2775
  0.2803
  0.2718
  0.2803
  0.2832
  0.3115
  0.2803
  0.2832
  0.2775
  0.4531
  0.5097
  1.6424
  2.9733
  0.5380
  0.4248
  0.3681
  0.3681
  1.9822
  2.9166
  1.3875
  0.3964
  1.1893
  1.9255
  6.5978
  2.4352
  4.8705
  4.8705
 12.2612
  3.5962
 11.2135
  2.9166
  3.2848
  2.9450
  1.4725
  2.2370
  1.0194
  0.5663
  1.7840
  5.0404
  3.3697
  1.5574
  0.8212
  0.5380
  0.5663
  0.4531
  0.3681
  0.3681
  0.3398
  0.3681
  0.3398
  0.3115
  0.3115
  0.3115
  0.2832
  3.4830
  1.3026
  0.3115
  0.2690
  0.2435
  0.2492
  0.2520
  0.2832
  0.4248
  0.3398
  0.4814
  0.3964
  0.3115
  0.4814
  0.6513
  1.0760
  1.1044
  1.3592
 13.4505
  3.6246
  0.7079
 12.7992
  2.2370
  2.6618
  0.6513
  0.4814
  0.7362
  0.4814
  1.9539
 19.3970
 28.1469
  7.3907
  2.2370
  0.7929
  1.2176
  1.2459
  0.7362
  2.8034
  9.4295
 16.1406
  2.5768
  0.7929
  2.8600
  3.0865
  1.7840
  1.2176
  2.4636
  3.4263
  4.9554
  2.5202
  1.1044
  0.7646
  0.6513
  0.6230
  0.5663
  0.4531
  0.3964
  0.3964
  0.3681
  0.3681
  0.3681
  0.3681
  0.3398
  0.3681
  0.3964
  0.4248
 16.6503
 25.7966
 15.8008
 11.6665
  5.5218
  6.4279
 16.3671
 10.2790
  6.8527
  6.4562
  6.2014
  7.0509
  4.9838
  3.7378
  4.0210
  2.7751
  2.0105
  1.4725
  1.0477
  1.3026
  0.9061
  0.7929
  0.7646
 14.7531
 22.0022
  6.7394
  3.4830
  1.9822
  2.5202
  3.0582
  3.6529
  2.4352
  1.8972
  2.4919
  1.4725
  1.0760
  0.8495
  0.7646
  0.7362
  0.7929
  0.8778
  2.0105
  6.8810
  1.7273
  0.9345
  0.7079
  0.9061
  1.9822
  2.9733
  3.9360
  1.8406
  0.8495
  1.9822
  3.8228
  9.8826
  3.7661
  2.7467
  6.3147
  2.2087
  1.3309
  4.4457
  2.3786
  3.2848
  2.0388
  0.9345
  0.5663
  0.7646
  0.5663
  0.5097
  0.4814
  0.4814
  0.5947
  1.2459
  1.6990
  0.7646
  0.5380
  0.4531
  1.5291
  1.5574
  0.6796
  0.4531
  0.8212
  0.4248
  0.4248
  0.3964
  0.3398
  0.3964
  0.4248
  1.2743
 10.4206
  4.5024
  0.6513
  1.2176
  4.2475
  3.0299
  2.8883
  3.1998
  2.8034
  1.8406
  1.8123
  0.8778
  0.4531
  0.4531
  1.4442
  0.4531
  5.1537
  5.8333
  5.5501
  5.3519
  1.6424
  1.4442
  0.8778
  0.5663
  0.5663
  0.3681
  0.3115
  0.2832
  0.2832
  0.3115
  0.3115
  0.3681
  0.4814
  0.4248
  0.3398
  0.3115
  1.6424
  4.9554
  1.1893
  0.6796
  0.3115
  0.2803
  0.6796
  1.5291
  1.7840
 11.6099
  1.5008
  0.6230
  8.7499
  2.5768
  2.5485
  0.8212
  2.8600
  1.0760
  0.4248
  0.3115
  0.7079
  1.1610
  0.7362
  0.5380
 17.1317
  7.3624
  1.5574
  0.5380
  0.3681
  0.3398
  2.2937
  0.7646
  0.3398
  2.3503
  6.7677
  2.2937
  0.4531
  0.3681
  0.2832
  0.3115
  0.3398
  0.2803
  0.2605
  0.2492
  0.2464
  0.2577
  0.2577
  0.3398
  0.2832
  0.3681
  0.6513
  1.8123
  0.7929
  0.3681
  1.7556
 11.9780
  1.8689
  0.4531
  1.8689
  2.0954
  1.9822
  1.8123
  1.7556
  1.7556
  1.7273
  1.7273
  1.7273
  1.7273
  2.1238
  2.6051
  1.7556
  1.6990
  1.7273
  1.6707
  1.6424
  1.5857
  1.5291
  1.5291
  1.5857
  1.5574
  4.0493
  9.3446
  2.0671
  1.5291
  1.8689
  1.5008
  1.4442
  1.4442
  1.6707
  1.3309
  1.0477
  1.0194
  0.9911
  0.9628
  0.9628
  0.9628
  0.9628
  0.9628
  0.9628
  0.9628
  0.9628
  5.2103
  5.2386
  5.2953
 60.8812
 12.4877
  4.2475
  2.8883
  2.3503
  2.2937
  1.9255
  1.5291
  1.3309
  1.2459
  1.1893
  1.3026
  2.2937
  1.5008
  1.2459
  0.9061
  0.8495
  0.8495
  0.8212
  0.8212
  0.7646
  0.7079
  0.7079
  0.7079
  0.7079
  0.7079
  0.7079
  0.7079
  0.7362
  0.7929
  0.7362
  0.7362
  0.7362
  0.7079
  0.7079
  1.8972
  2.5202
  2.3220
  2.0954
  1.8406
  1.8689
  1.8972
  1.8123
  1.8123
  2.4069
  3.3697
  2.1238
  1.7840
  2.4919
  9.5145
  2.9166
  1.2176
  0.8212
  0.6796
  0.5947
  0.5380
  0.8495
  2.5202
  1.4158
  2.5202
  2.0388
  0.6796
  0.5380
  0.5097
  0.4814
  0.4531
  0.4531
  0.6230
  0.7929
  1.0760
  3.3697
  1.6141
  0.6513
  0.7079
  9.0048
  2.5485
  0.8212
  0.5097
  0.8495
  0.7362
  0.5663
  1.0760
  0.7646
  0.6513
  0.9345
  1.0194
  1.8123
  0.7079
  0.6230
  0.6796
  0.5380
  0.5380
  1.7840
  2.1238
  2.1238
  1.6141
  3.7661
  9.2030
 10.1941
  2.3220
  0.8778
  0.7079
  0.7929
  0.6513
  0.4814
  0.3964
  0.3681
  0.3681
  0.3681
  0.3681
  0.3681
  0.3964
  0.3681
  0.3681
  0.3681
  0.3398
  0.3115
  0.3398
  0.3398
  0.3115
  0.3115
  0.3398
  0.3681
  0.3681
  0.3681
  0.3398
  0.6230
  0.3681
  0.3115
  0.2832
  0.3115
  0.3681
  0.3115
  0.3115
  0.3115
  0.3115
  0.2832
  8.0703
  3.0299
  1.3309
  1.7840
  0.8495
  0.7646
  1.5291
  6.2580
  1.8689
  0.8212
  0.6513
  0.5663
  2.5485
  7.0792
  6.3430
 13.5071
 11.5250
  3.2281
  1.8123
  0.9628
  0.8212
 12.4311
 27.1275
  8.4951
 12.7143
  7.6172
 15.6026
 56.3505
 14.5265
  6.0032
  4.8705
  4.9554
  7.0509
  7.0509
  4.3608
  2.6335
  1.8123
 11.7232
  3.2564
  1.5008
  1.0477
  0.9061
  1.6424
  1.0194
  4.1059
  2.9166
 15.8008
  7.5323
  4.0493
  3.9927
  3.5962
  1.3875
  0.8778
  0.7079
  0.9628
  0.8212
 10.7887
  1.6990
  0.7646
  0.6513
  0.6230
  0.5947
  0.5663
  0.5663
  0.6230
  0.5663
  0.5380
  0.5097
  0.5097
  0.9628
  0.9061
  1.0760
  0.8212
  0.7929
  0.5663
  0.5380
  0.5380
  0.5380
  0.5097
  0.5097
  0.4814
  0.6230
  0.7079
  0.9628
  1.6707
 10.0808
  5.2953
  3.2848
  1.4442
  0.7079
  0.5380
  0.4814
  0.9628
  0.6230
  0.4814
  0.4531
  0.4814
  0.4531
  0.4814
  0.4531
  0.5663
  0.6230
  0.6513
  0.5663
  0.4814
  0.4814
  0.5097
  2.2370
  1.3875
  0.8212
  0.7079
  0.4814
  1.0760
  1.6707
  2.8034
  1.9822
  0.7362
  0.5380
  1.5574
  0.7362
  0.5380
  0.4531
  0.5947
  1.3875
  1.1610
  5.5501
  1.1610
  0.5097
  1.3309
  0.7929
  0.5097
  0.9345
  0.4531
  0.3964
  0.3964
  0.3964
155.4595
 57.7664
 56.0674
 95.9941
 45.5901
 28.1186
 18.6608
 12.7426
  8.8915
  7.7305
  6.7394
  5.7483
  5.2669
  5.8050
  4.9838
  4.4457
  4.2475
  3.9927
  4.3042
  3.5396
  3.5396
  3.2281
  3.0016
  3.2564
  4.4457
  3.3980
  3.3980
 12.3745
 11.2984
  4.1343
  3.3414
  2.9733
  2.8034
  3.0582
  2.6051
  2.1804
  1.6707
  1.3026
  1.0760
  0.8778
  0.7646
  0.7646
  0.7362
  0.7079
  0.6796
  0.6513
  0.6230
  9.4012
 16.3105
 40.2099
 22.8517
 15.8574
  9.0614
  7.1358
  6.0315
  5.2386
  5.4085
  5.6351
 12.0063
  5.7200
  5.0687
  4.8705
  3.5396
  2.3503
  1.9255
  1.8123
  2.4636
  1.8689
  2.8034
  1.6990
  1.3309
  1.1893
  1.0760
  0.9911
  1.0760
  4.8139
  3.3697
  1.4725
  1.1893
  1.0194
  0.9061
  0.8495
  0.8495
  0.8212
  0.8212
  0.8495
  0.8212
  0.9061
  0.7929
  0.7362
  0.7646
  0.7362
  0.7646
  0.7646
  0.9345
  0.9061
  0.8212
  0.7079
  0.6513
  0.6513
  0.6230
  0.7079
  0.6230
  0.6230
  0.6513
  0.5663
  0.8778
  0.7929
  0.5947
  0.5097
  0.4814
  0.4531
  0.4248
  0.5097
  0.9628
  0.4814
  0.3964
  0.3681
  0.3398
  0.3964
  0.4531
  0.4531
  0.3681
  0.8778
  0.5663
  0.4248
  0.3398
  0.3115
  0.3115
  0.2832
  0.3115
  0.3681
  0.4248
  0.3398
  0.3115
  0.3115
  0.3115
  0.3681
  0.5097
  0.7929
  0.6230
  0.3964
  0.3115
  0.3115
  0.2832
  0.3115
  0.3115
  0.2464
  0.4531
  0.2464
  0.3681
  0.8495
  0.6796
  0.5663
  0.3398
  0.2322
  0.1784
  0.1756
  0.2124
  0.1812
  0.4814
  2.4352
  1.6141
  1.8972
  1.3592
  1.6990
  1.6424
  2.6618
  0.7929
  0.3681
  0.5663
  0.3964
  1.5857
  0.9911
  6.2014
 29.1664
  3.9077
  2.5768
  3.1715
  1.3592
  0.7929
  0.3964
  1.7840
  1.8123
  1.0194
  1.6141
  1.3875
  0.7646
  0.5663
  1.8972
  0.6230
  0.6796
  2.4636
  2.4919
  1.0477
  0.5663
  0.6230
  2.0671
  0.9628
  1.0194
  2.2370
  5.3236
  3.0865
  0.9911
  1.7273
  1.6990
  0.7079
  1.1044
  4.5590
  1.8972
  0.6230
  0.4814
  0.3964
  0.3681
  0.3681
  0.3681
  0.3964
  0.5947
  1.9822
  2.9450
 15.2061
 78.7208
 11.2984
  4.1626
  2.4919
  1.8689
  1.5008
  1.2743
  2.3220
  2.7467
  3.1149
  2.4352
  2.0105
  1.7273
  2.0105
  2.3220
  2.2370
  2.6901
  1.9255
  1.5574
  1.5574
  1.8972
  4.1909
  2.4352
  1.2176
  1.0194
  0.9345
  1.0477
  1.1327
  1.2459
  2.9733
  9.5428
  4.9271
  1.3309
  1.0194
  2.8034
 12.9125
  4.5024
  3.1715
  5.4368
  2.3220
  1.3309
 10.9303
  3.7378
  2.3786
  1.8972
  2.6335
  1.3592
  0.9628
  0.9061
  1.3592
  1.0760
  0.8495
  0.7646
  0.7079
  0.7079
  0.6796
  0.7929
  0.9061
  3.3697
  7.0509
  2.8034
  8.4951
  3.8228
  1.6424
  0.9061
  0.8778
  0.9345
  1.8689
  1.3026
  0.8495
  0.7362
  0.6796
  0.5663
  0.5380
  0.5663
  1.1327
  0.9628
  1.7840
  4.1626
  2.2937
  1.5008
  3.0865
  4.1343
  5.2386
  5.2669
  5.9182
  2.6335
  1.7556
  5.2953
  3.8794
  6.5695
  5.7766
  3.1715
  1.6990
  0.8778
  0.7646
  1.8689
  3.8511
  1.4158
  0.6513
  0.5380
  0.5097
  1.6424
  1.4158
  0.9345
  0.6230
  0.5097
  0.5380
  0.7362
  0.7079
  0.5380
  0.5380
  0.5097
  0.5663
 15.0646
 22.9366
  5.4652
  3.3131
  2.2653
  2.6901
  0.8495
  0.6796
  0.5947
  0.7646
  0.6230
  3.1715
  5.4935
  2.4069
  2.0105
  1.1044
  0.6230
  0.6513
  0.6513
  0.5947
  0.5663
  0.5663
  0.5663
  0.6796
  0.7079
  0.5947
  0.6513
  0.6513
  0.5380
  0.5097
  0.5097
  0.5097
  0.4814
  0.5097
  0.5097
  0.4814
  0.4814
  0.4814
  0.9061
  0.5380
  1.0194
  0.5663
  2.2937
  4.0776
  1.0194
  0.4814
  0.4248
  0.4531
  2.0954
  1.2743
  1.1044
  0.7362
  0.4814
  1.5574
  3.3980
  1.1893
  1.3592
  4.7006
  2.0388
  0.8212
  0.5380
  0.5097
  1.1610
  0.5097
  0.4814
  0.4531
  0.4248
  0.3964
  0.3964
  0.5380
  0.4248
  0.3964
  0.3964
  0.3964
  0.3964
  0.3964
  0.3964
  0.3964
  0.6796
  0.5663
  0.5097
  0.5380
  0.6230
  0.6513
  0.5380
  0.6230
  0.6513
  0.5380
  0.5097
  0.4531
  0.4248
  0.4248
  4.1626
  3.9644
  1.2459
  3.5113
  1.7273
  0.9628
  0.5663
  0.5097
  0.4531
  0.4248
  0.3964
  0.3964
  0.3681
  0.3681
  0.3681
  0.3681
  0.3681
  0.3681
  3.7095
  1.6990
  0.5097
  1.1893
  0.7646
  0.4814
  1.8689
  0.4531
  0.3964
  0.3681
  0.3681
  0.3681
  0.9911
  0.7362
  0.5097
  0.4248
  0.4531
  0.3681
  0.8212
  0.4248
  0.3964
  0.3681
  0.3398
  0.7929
  0.4248
  6.8244
  2.2937
  0.7362
  0.4814
  0.5947
  0.5097
  0.4248
  0.3681
  0.3398
  0.3115
  0.3398
  0.3681
  0.4248
  0.4248
  0.8212
  0.7646
  2.0954
  1.3875
  1.0194
  0.6230
  0.7929
  4.6440
  0.9628
  0.5097
  0.4531
  0.3964
  0.3681
  0.3398
  0.3681
  0.3681
  0.3964
  0.3964
  0.3964
  0.3964
  0.3964
  0.6513
  0.5097
  0.8778
  0.5380
  0.4531
  0.3964
  0.3964
  0.4248
  0.3964
  0.5947
  0.4814
  0.4531
  0.9628
  0.7079
  0.5380
  0.4248
  0.4248
  0.4248
  0.3681
  0.3398
  0.6796
  0.3398
  0.2832
  0.2775
  0.2832
  0.2832
  0.2832
  0.8495
  0.3398
  0.2832
  0.2718
  1.3026
  0.8212
  0.3398
  0.2718
  0.2577
  0.2747
  0.7079
  0.7079
  0.3115
  0.2832
  0.2832
  2.6901
  0.4531
  0.3398
  0.2832
  0.2832
  0.2832
  0.2832
  0.3115
  0.3398
  0.3398
  0.3398
  0.6513
  0.4531
  0.3681
  0.4248
  0.3964
  0.4248
  0.3964
  0.3681
  0.3681
  0.3681
  0.3398
  0.3681
  0.3681
  0.3964
  0.3964
  0.3964
  0.4248
  1.8406
  1.0194
  0.3398
  0.2775
  0.2633
  0.2633
  0.2690
  0.2690
  0.2832
  0.2832
  0.2832
  0.2832
  0.2832
  0.3115
  0.3115
  0.4531
  0.3964
  0.3681
  0.3681
  0.4814
  0.4814
  2.2653
  1.3875
  0.5947
  0.5947
  5.0687
  5.2953
  1.8123
  1.0760
  0.8778
  0.8212
  0.8212
  0.7362
  0.6796
  0.6796
  0.6796
  2.2370
 32.5644
  5.0121
  1.3875
  0.8495
  0.7362
  1.2459
  2.0105
  1.0760
  0.9061
  0.7929
  0.7646
 46.4396
 56.3505
 11.3834
  4.5590
  2.9166
  2.1804
  5.7483
  4.5873
  3.3980
  1.9255
  1.5857
  1.6990
  1.2176
  0.9911
  0.8495
  0.8212
  0.7646
  0.7646
  0.7646
  0.7079
  0.7362
  0.7362
  0.6513
  0.6230
  0.6513
  3.6812
 10.1374
  4.4174
  1.5008
  4.0776
  5.0121
  2.5202
 14.6398
  5.0404
  3.9927
  1.7840
  3.1432
  1.7840
  1.9539
  1.8972
  7.2208
  8.4384
  1.9822
  1.9539
  1.3309
  0.9628
  0.7362
  2.3786
  4.8988
  2.3786
  0.9911
  0.9911
  1.8689
  1.2176
  0.8778
  0.7079
  0.5947
  1.4158
  4.4741
  1.5574
  2.2370
  3.4830
  0.9628
  1.0760
  4.9271
  2.8600
  6.9093
  9.3729
  3.7378
  1.0194
  0.6230
  0.5947
  0.6513
  6.3713
 41.3426
 17.8679
 39.6436
  6.7677
  3.0865
  1.8406
  1.5291
 15.0646
  3.6812
  2.4069
  1.7556
  2.4636
  2.1521
  1.3026
  1.1327
  1.1893
  0.9345
  0.8778
  1.2743
  2.0388
  2.6618
  1.6141
  1.1893
  0.9061
  0.8212
 11.9214
  6.1448
  1.3592
  2.0388
  1.5008
  0.8495
  1.4158
  1.9539
  1.1327
  0.7646
  1.0760
  0.9061
  0.7646
  5.3519
  2.3503
  1.1327
 11.8081
  5.3236
  1.3309
  1.4158
  0.8495
  0.4531
  0.5097
  1.1044
  0.7362
  0.4814
  0.3964
  0.3681
  0.3398
  0.7646
  0.7079
  0.6230
  0.5663
  0.5947
  0.5380
  4.1343
  0.9911
  0.4531
  0.3964
  0.5663
  0.6230
  0.4814
  0.4531
  0.4531
  1.1327
  0.9061
  0.5947
  0.3964
  0.3398
  0.3398
  0.3398
  1.8123
  0.5947
  0.4248
  0.5097
  0.4531
  0.3964
  7.4473
  5.0687
  3.2281
  1.2459
  0.7079
  0.6513
  0.6513
  0.8212
  0.7929
  0.6796
  0.5947
  0.5097
  0.5097
  1.7840
  4.0210
 12.5727
 22.1155
  3.8794
  3.4547
  1.5574
  0.9628
  3.8228
  3.4547
  6.0881
  6.9093
  2.2087
  2.0105
  4.4174
 17.3865
  4.0776
  1.4725
  0.8212
  6.4279
  2.0388
  0.9061
  0.8212
  0.7079
  0.6230
  0.5947
  0.5947
  0.5380
  0.5380
  0.5380
  0.5380
  0.5380
  0.4814
  0.4531
  1.4725
  2.1804
  6.9659
  3.3414
  0.7929
  0.6796
  0.5947
  2.2370
 10.1374
  4.2192
  2.1521
  0.9911
  0.6513
  0.7362
  1.2459
  0.6796
  0.7362
  0.7929
  0.5663
  0.4814
  0.4531
  0.4248
  0.4248
  0.4248
  0.4248
  0.4248
  0.4814
  0.7079
  0.5663
  2.2370
  0.6513
  2.0954
  8.4951
 11.5816
  1.9822
  0.6796
  1.7556
  4.4741
  0.9061
  0.5380
  0.5097
  0.3681
  0.6796
  0.5947
  0.5097
  0.9911
  0.8212
  0.7362
  0.5663
  1.8123
  0.5380
  0.5097
  0.3398
  0.3115
  0.2832
  0.6796
  0.9345
  2.4919
 16.0273
  9.6277
  4.1626
  7.7871
  1.8972
  1.0194
  0.7362
  0.5947
  0.6513
  0.7362
  0.6796
  2.4069
  3.2564
  9.4578
  7.2774
  3.4263
  3.1715
  1.7840
  0.7929
 14.8947
  3.0016
  0.9911
  4.8705
  1.3875
  1.1610
  2.2370
  2.4919
  2.9166
  1.1327
  0.8212
  4.0776
  6.2014
  4.4174
  1.1610
  3.4263
  5.7483
  4.3325
  1.9539
  0.9061
  0.6796
  1.3026
 18.0378
  5.5501
  1.9539
  2.6618
  3.7661
  1.9539
  1.3592
  1.2176
  2.4636
  1.5857
  0.9061
  0.9345
  0.7079
  0.4814
  0.4814
  0.4531
  0.5380
  0.5663
  0.5380
  0.4531
  0.4531
  0.4248
  1.1610
  0.5097
  0.4531
  0.4248
  0.7646
  6.8810
  3.7945
  2.1521
  4.9554
  2.7467
  0.9061
  0.8212
  0.6230
  0.5380
  0.7079
  7.1358
  2.4919
  1.7273
  1.4442
  1.1893
  0.9911
  1.2459
  1.3026
  4.2192
  3.1715
  2.0671
  2.0954
  1.9539
  1.9539
  2.3503
  2.1238
  1.2743
  1.2743
  4.0776
  5.1820
  2.8883
  2.0388
  1.1044
  0.8495
  0.7929
  0.7362
  3.3697
  6.6545
  2.0954
  1.3026
  1.0194
  0.8778
  0.7929
  0.7362
  0.6796
  1.1327
  7.3907
  4.7855
  2.2087
  1.3875
 10.2224
  2.7184
  1.6424
  4.4174
  4.1343
  1.7840
  1.0194
  0.8495
  0.7362
  1.0760
  0.7079
  1.0194
  2.2087
  0.9061
  0.7079
  0.6230
  0.8212
  2.9450
 11.6099
  2.1238
  3.3131
  1.5291
  1.3592
  2.0105
  4.6440
  4.0776
  3.2281
  2.9166
  2.5768
  1.6141
  3.2281
  3.9360
  6.5695
  2.8034
  3.5679
  5.3802
  6.2014
  3.6812
  1.8689
  1.3875
  1.1893
  1.4158
  2.0105
  3.5396
  4.1626
  1.7840
  1.2459
  1.5574
  1.1327
  1.0194
  0.9345
  0.7646
  0.7362
  0.7079
  0.6796
  0.6796
  0.7079
  0.7079
  0.8495
  2.1238
  2.0105
  1.5574
  0.9628
  3.9927
  2.9733
  1.9822
  1.8123
  2.0105
  1.7556
  1.4442
  0.9345
  0.8212
  0.9345
  0.7079
  0.7362
  0.6796
  0.6230
  1.2743
  0.7362
  0.5947
  0.5663
  0.5663
  0.6796
  0.5663
  0.7079
  3.7378
  1.6707
  0.8778
  0.6230
  1.1610
  2.2087
  1.6707
  1.1610
  0.7079
  0.5380
  0.9911
  1.6707
  0.5947
  0.5947
  3.1149
  1.5857
  0.6230
  0.5097
  0.4248
  0.4248
  0.4248
  0.4531
  0.4531
  0.4248
  0.4248
  0.4248
  0.4531
  4.1059
  1.3026
  0.7646
  0.6513
  0.9061
  0.6513
  1.0760
  0.6230
  0.5663
  0.5380
  0.5097
  0.5097
  0.4814
  0.4814
  0.4814
  0.8778
  1.3875
  0.9628
  0.6230
  0.5097
  0.4531
  0.4248
  0.4248
  0.4248
  0.4248
  0.4531
  0.4814
  0.4531
  0.4531
  0.5097
  0.5663
  0.5663
  0.6796
  0.7646
  4.1059
  1.6707
  0.8212
  1.3875
  3.9360
  1.6990
  0.7646
  0.6230
  0.6796
  1.0760
  1.5291
  0.8778
  5.8899
  7.9570
  3.7095
 13.6487
 13.3656
  2.2370
  1.0760
  6.2863
 10.1091
  7.6739
  4.6156
  3.3414
  6.0598
  4.7572
  6.3713
  3.7945
  2.0954
  1.1893
  1.2459
  0.9061
  0.7646
  0.6796
  0.5947
  0.5097
  0.5380
  0.5380
  1.3592
  1.3026
  1.2459
  2.2087
  1.0477
  0.6513
  0.5097
  0.5380
  0.5380
  0.5380
  0.6513
  0.5380
  0.5380
  0.5663
  0.5380
  0.5097
  0.5097
  0.5097
  0.5380
  0.5380
  0.5380
  0.5380
  0.5663
  0.5663
  0.4814
  0.4814
  0.4814
  0.4814
  0.4814
  0.4814
  0.4814
  0.4814
  0.4814
  0.4531
  0.5097
  0.8778
  0.5663
  0.5380
  1.6141
  2.5202
  1.1610
  1.1610
  0.6513
  0.5097
  0.4531
  0.4531
  0.4531
  0.4531
  0.5097
  0.4814
  0.9061
  4.8422
  2.2653
  0.5947
  0.4248
  0.7646
  0.5663
  0.4814
  0.4531
  0.5947
  8.8915
  2.0954
  0.7362
  0.8495
  0.8212
  0.5097
  0.4531
  0.6513
  0.5947
  0.8495
  0.7929
  0.6230
  0.7929
  0.6230
  0.4814
  0.4531
  2.9733
  2.4636
  1.8123
  1.3875
  3.3414
  1.7273
  0.7079
 10.9586
 12.8275
  2.7467
 13.9036
 39.0772
  9.2879
  3.3697
  1.5291
  0.9911
  0.7079
  3.6812
  3.7378
  3.0016
  1.8123
  1.0477
  1.9539
  1.5291
  0.9628
  0.5380
  0.4814
  0.4248
  0.6513
  2.9450
  5.4085
  1.4442
  0.6796
  0.7079
  1.5291
  2.6335
  7.9854
  1.6141
  7.5323
  3.3697
  0.9061
  0.5663
  0.5380
  0.5097
  0.4531
  0.4248
  0.3964
  0.3964
  0.3964
  0.4248
  0.4248
  0.3964
  0.4248
  0.7929
  0.4531
  0.4531
  0.4531
  0.4248
  0.4248
  0.4531
  3.9360
  2.3220
  0.7929
  0.9628
  0.8212
  0.7646
  0.8778
  1.2176
  2.4919
  1.6990
  1.8123
  1.1893
  1.1044
  0.8495
  0.7646
  0.7362
  0.7362
  0.6796
  0.9911
  2.2370
  2.4069
  1.2743
  1.0477
  1.1893
  1.5291
  1.9539
  2.6901
  1.6424
  1.3309
  1.1044
  0.7929
  0.6796
  0.6230
  0.6230
  0.5380
  0.5947
  0.6796
  0.9911
  1.6141
  1.0194
  0.7646
  0.5663
  0.5097
  0.8778
  3.5396
  4.2475
  2.2653
  1.6424
  3.3980
  1.2459
  0.7079
  5.4935
  3.3414
  1.2176
  0.7362
  0.5663
  0.5097
  0.4814
  0.4814
  0.4814
  0.4814
  0.5097
  0.4248
  0.4248
  0.4248
  0.3964
  0.3964
  0.3964
  0.3964
  0.3964
  0.3681
  0.3681
  0.3681
  0.3681
  0.6230
  0.8495
  0.4814
  0.9628
  1.8123
  0.9061
  0.4814
  0.3964
  0.3964
  0.4531
  0.4814
  0.3681
  0.3681
  0.3681
  0.3681
  0.9061
  0.4531
  0.5097
  0.5380
  0.7646
  3.7095
 11.1285
  1.4158
  1.9255
  0.6796
  0.5947
  5.2669
  1.7273
  0.7929
  1.3875
  9.5994
  1.7273
  1.3875
  1.9255
  2.1804
  1.3875
  0.9345
  0.8495
  2.0954
  0.9345
 25.6551
  8.4101
 43.0416
  7.0509
  3.5113
  5.3802
  4.3608
  4.6156
  2.1521
  1.1893
  0.6796
  0.5663
  0.5097
  0.4531
  0.6230
 16.5937
 32.2812
  3.9927
  6.8527
 12.8842
  3.1432
 80.9862
 25.5418
  6.4846
  2.4636
  1.4725
  1.1327
  0.9911
  1.0760
  1.7840
  1.2743
  0.7079
  0.5380
  0.4814
  5.6634
  2.7184
  1.3875
  0.7646
  1.3026
  4.7006
  2.0388
  0.8495
  0.5380
  0.5380
  1.4725
  0.8212
  0.8778
  1.6141
  0.7646
  0.5097
  0.4531
 19.7935
 11.6099
  1.4442
  0.6513
  0.4814
  0.4531
  0.4814
  0.4814
  1.7273
  4.1626
  1.6990
  2.1238
  3.0582
  8.2119
 16.8485
  3.3131
  1.3592
  0.8212
  0.6230
  1.7556
  1.7273
  0.8778
  0.5663
  0.5663
 14.7531
  5.2953
  2.4919
  1.4158
  1.4442
  4.5024
  2.8883
  1.4158
 29.7327
 25.6834
  3.6246
  1.5857
  1.0760
  0.6230
  0.4531
  0.3964
  0.3115
  0.3115
  0.3115
  0.3115
  0.3115
  0.3115
  0.3115
  0.3115
  0.3115
  0.3115
  0.3115
  0.3115
  0.3115
  0.2718
  0.2690
  0.2690
  0.3115
  0.3115
  0.3115
  1.6424
  1.9539
  4.5590
  4.7572
  4.4741
  1.8689
  1.1893
  0.7362
  0.8778
  0.9061
  6.9659
  7.2491
 13.8753
  1.9539
  0.7929
  1.3026
  2.2087
  0.7646
  0.5663
  0.4248
  0.3964
  0.4814
  0.5663
  0.3964
  0.3115
  0.2832
  0.2832
  0.2832
  0.2832
  0.2832
  0.2690
  0.2832
  0.3681
  0.2832
  2.3786
  1.8972
  0.5947
  1.2743
  0.8212
  0.6513
  0.5663
  0.3115
  0.3115
  0.2832
  0.2832
  0.2775
  0.2775
  0.2775
  0.2775
  0.2803
  0.2775
  0.7929
  0.3398
  0.3115
  0.3115
  0.4814
  1.1044
  6.1448
 12.3461
  4.1626
 13.2806
 14.1867
  5.0404
  1.8689
  3.1432
  1.3026
  0.5947
  0.4814
  0.4248
  0.3964
  0.4248
  1.2743
  0.7079
  0.5663
  0.3964
  1.4442
  0.5947
  0.4248
  0.3681
  0.3398
  0.3115
  0.3398
  0.3398
  0.3398
  0.3398
  0.3964
  0.3398
  0.3398
  0.3398
  0.6513
  3.7378
  4.3325
161.6892
107.6040
 26.1648
 12.4877
 25.3436
  6.2297
  4.1343
  2.3503
  1.5008
  1.1327
  0.9628
  0.9061
  3.6246
  3.1432
  1.1893
  0.8212
  0.7362
  0.6230
  0.5097
  0.8778
  0.5947
  0.5097
  0.4814
  0.4531
  0.4531
  0.4531
  0.4814
  0.4531
  0.4248
  1.3309
 15.9990
  6.6545
  1.1610
  0.5380
  0.4248
  0.3681
  0.3964
  0.4248
  0.5380
  0.5097
  0.4814
  1.0760
  0.6230
  0.4531
  0.4248
  0.3681
  0.3964
  0.3681
  0.5663
  2.3220
  2.4352
  0.6230
  1.2743
  0.4531
  0.3964
  2.1238
  0.4814
  0.4248
  0.4248
  0.9628
  0.7646
  0.5380
  1.7273
  6.1731
 10.3356
 10.3073
  2.3503
  1.2459
  0.9628
 20.3598
  6.0315
  4.0210
 23.3897
 13.6204
  4.5024
  1.3592
  1.9822
  1.0477
  1.0760
  1.4725
  0.9628
  0.5663
  0.4814
  0.4814
  0.4814
  0.4814
  0.4814
  0.4531
  1.4442
  2.0388
  0.7362
  0.5380
  0.4814
  0.4531
  0.4814
  0.5380
  0.5097
  0.5663
  3.0299
 25.7400
  9.9392
  4.8422
  1.8689
  0.9061
  7.5889
 16.0840
 12.5444
  7.5323
  3.4263
  1.4725
  1.0477
  1.2459
  0.7646
  0.5663
  0.6230
  0.4531
  0.4248
  0.4248
  0.3964
  0.3681
  0.3681
  0.3681
  0.3115
  0.2832
  0.2662
  0.2662
  0.2832
  0.3115
  0.3398
  0.3398
  0.7646
  1.4725
  0.8495
  0.3964
  0.2832
  0.2832
  0.2832
  4.3608
 13.6487
  1.6707
  0.6513
  0.6230
  0.4814
  3.0016
 21.2093
  3.2564
  1.0760
  0.7362
  4.2192
  3.7945
  1.9255
  1.0760
  0.6796
  0.5947
  0.5380
  0.4531
  0.3681
  0.3398
  0.9628
  2.6051
  1.8972
  0.6230
  0.3964
  0.3398
  0.3115
  0.2832
  0.3115
  0.3115
  0.2832
  0.2492
  0.2379
  0.2379
  0.2379
  5.3236
 12.8842
  3.9077
  1.6990
  5.0404
  0.9345
  0.6513
  0.4248
  4.7289
  5.0970
  1.3309
  0.5097
  0.8212
  1.3309
  0.7929
  0.3964
  0.2832
  0.3115
  0.2832
  0.3398
  0.2549
  0.8212
  0.5097
  0.2832
  0.4248
  0.3964
  0.3115
  1.0477
  0.5663
  0.4814
  0.5097
  0.9911
  2.3786
  1.6990
  3.6529
  3.0299
  1.1327
  0.7079
  0.4248
  0.3115
  0.2718
  1.6141
  0.5947
  0.8212
  0.4248
  0.3681
  0.4531
  1.5857
  4.9838
  0.9628
  0.4531
  2.2653
  0.6796
  0.4248
  0.4248
  0.3115
  0.9628
  3.3131
  4.4457
  3.3697
  0.8212
  0.4814
  0.3398
  3.7378
  1.4158
  7.5606
  4.6156
  5.0404
  2.5768
  0.7079
  0.4248
  0.3398
  0.3115
  0.3115
  0.2832
 27.6939
 39.0772
  8.6650
  3.3980
  2.0671
  3.6812
  3.5396
  1.8406
  1.2743
  1.1893
  1.1327
  0.7079
  0.6513
  1.2459
  0.9628
  0.8778
 11.7798
  9.7693
 12.9691
  2.8600
  1.3592
 25.4285
  5.9749
  3.2564
  3.1149
  1.9822
  0.9628
  0.8212
  0.7646
  0.6513
  0.5663
  0.5380
  0.5097
  0.4814
  4.5307
  1.2743
  0.4814
  1.5857
  1.1327
  0.7646
  0.4248
  7.6172
 17.6414
  5.5501
  1.1044
  0.5097
  1.4442
  1.1044
  0.4248
  0.4814
  0.3398
  0.3115
  0.3115
  0.3115
  0.2832
  0.2803
  0.3115
  0.2832
  1.2743
 11.1568
  5.4085
  2.3786
  1.1327
  1.0760
  0.4814
  0.3398
  0.3115
  0.3398
  0.5380
  0.3398
  0.2832
  3.4547
  2.8034
  0.5380
  0.4814
  0.3681
  0.2832
  0.3115
  1.4158
  0.9628
  2.4919
  2.8600
  6.2580
  1.7273
  1.0194
  2.5485
  1.1327
  0.8778
  0.3681
  0.3115
  0.2832
  0.5663
  0.3398
  0.2832
  0.2832
  0.2832
  0.8212
  1.0194
 14.0452
  2.6335
  0.5947
  0.3964
  0.3681
  0.3398
  0.3115
  1.5574
  0.5380
  0.3115
  0.3115
  0.4814
  0.3681
  0.6230
  0.3681
 14.5549
  4.6156
  0.8495
  0.4814
  2.1804
  2.5768
  5.6351
  3.4830
  1.0194
  0.5663
  0.3964
  0.3115
  0.3115
  1.2743
  0.4814
  0.3115
  0.2832
  0.3681
  0.2747
  1.4725
  0.5380
  0.3398
  0.6796
  0.5097
  0.3115
  0.3398
  0.6796
  2.4636
  2.0671
  0.6796
  0.6796
  3.4547
  1.3309
  0.7362
  0.6230
  0.5380
  0.5947
  0.4531
  0.4248
  0.4248
  4.1909
  4.2192
  1.0760
  0.5380
  0.4248
  0.3964
  0.4248
  0.3681
  0.3681
  0.7646
 10.0808
  2.2937
  1.1044
  0.5663
  0.5663
  0.6513
  0.3681
  0.7362
  0.8212
  0.7929
  0.4814
  3.0582
  2.7184
  2.4352
  2.6901
  2.6051
  2.4636
  1.9255
  1.8689
  2.8600
  3.2564
  3.0582
  2.9166
  5.2386
 40.2099
 15.9424
  4.7289
  6.5129
  8.5517
  5.5784
  5.9465
  3.3131
  2.2370
  1.4442
  3.9644
132.5228
146.3981
 82.4020
 40.2099
 22.6535
 15.4044
 10.4772
  8.5517
  7.1075
  5.9465
  4.8422
  4.0776
  3.5396
  3.0865
  3.0016
  3.0016
  2.9450
  6.2580
  2.6618
  2.0388
  5.2669
  8.4101
  5.6917
  6.9376
  6.5412
  3.6246
  2.1804
  1.7273
  4.8422
  2.4352
  1.3026
  1.8123
  2.1521
  1.0194
  0.9911
  0.8212
  0.7362
 18.8873
 37.3782
  5.5501
  2.5768
  1.6990
  1.2459
  1.2176
  0.8778
  1.0194
  0.9911
  0.8778
  0.8778
  0.9345
  0.6796
  0.5663
  0.6230
  0.9345
  1.8406
  1.0194
  0.6513
  1.3026
  0.7079
  0.7362
  0.7362
  0.5947
  0.4814
  0.9911
  3.0865
  3.0865
  4.6440
  1.4725
  0.7929
  0.7646
  0.8495
  5.7766
  1.3309
  0.9911
  1.1044
  0.8212
  1.3592
  3.1998
  3.3980
  5.2386
  1.5008
  0.7929
  0.5947
  0.5097
  1.4158
  1.5291
  1.5857
  1.9822
  1.5857
  1.6990
  1.5008
  1.3309
  0.4814
  0.4248
  0.3964
  0.3964
  0.3681
  0.3681
  9.0048
  9.4295
  1.9539
  1.0760
  1.3309
  0.6796
  1.4725
  0.7646
  0.4531
  0.3964
  0.3964
  0.3964
  0.4248
  0.5097
  2.0954
  1.3309
  0.5097
  0.3964
  0.4248
  0.4248
  0.4248
  0.4531
  0.4531
  0.4531
  0.4248
  0.3398
  0.3681
  0.3964
  0.4814
  0.3964
  0.3964
  0.4248
  0.3964
  0.3964
  0.4248
  0.3115
  0.2832
  0.2832
  0.3115
  0.3115
  0.3681
  0.4248
  0.3115
  0.3115
  0.3115
  0.2832
  0.2832
  0.3115
  0.6513
  0.2832
  0.2718
  0.2832
  0.2549
  0.2577
  0.2379
  0.2237
  0.2549
  0.2690
  0.2322
  0.2379
  0.2407
 16.5087
 16.0840
 25.0604
 24.0410
 10.8737
  9.0614
  8.2968
  6.9659
  6.7960
  6.8527
  9.4295
  9.9675
 11.6949
 10.7604
131.6733
 87.7822
 55.7842
 44.7406
 71.3585
 19.8784
 17.6131
 13.9602
 18.8024
 17.7547
 11.7798
 17.6131
 17.9246
 15.4610
 10.7604
  7.0792
 11.7515
  5.3802
 13.9319
 11.6665
  6.0598
  6.8244
 17.5281
  4.9838
  8.7499
  8.8632
  7.0226
 15.0646
  4.8988
 15.0646
  5.2386
  3.5962
  4.9554
  4.6156
  3.5962
  2.5485
  2.3220
  1.9822
  1.6707
  1.5857
  1.8972
  1.8123
  1.9255
  2.7751
  4.4457
  7.0509
  4.2758
  3.2564
  3.0865
  3.1715
  4.9271
  3.9927
  2.2937
  2.6335
  3.2564
  2.1238
  4.3042
  2.5485
  2.4919
  1.6141
  1.3026
  2.7467
  2.7184
  1.5857
  1.2743
  2.9450
  4.0493
  9.7410
 22.0588
  6.1164
  2.8034
  2.5485
 10.9869
  3.0299
  1.6141
  1.4725
  1.3309
  7.1075
  2.7467
  9.0897
  2.5768
  1.4442
  1.3592
  1.3875
  1.0194
  1.0760
  0.6230
  0.7079
  0.7079
  0.7079
  1.2459
  1.5291
  1.5857
  1.5008
 11.4400
  7.7305
  3.7661
  2.8883
 14.2434
  4.8139
  3.1432
  1.6707
  0.7646
  2.5202
  3.6529
  1.0477
  0.8212
  0.7362
  0.8778
  1.3875
  0.9061
  0.7079
  0.6796
  1.1610
  0.6230
  0.6796
  0.6230
  0.6230
  0.5947
  0.5947
  0.5947
  0.5947
  2.4919
  1.1327
  6.2863
  0.9911
  0.7362
  0.6230
  0.5663
  0.5663
  0.7929
  5.0970
  1.5291
  0.9345
  1.0760
  1.3875
  1.0477
  0.8212
  0.7929
  0.7362
  0.6230
  0.6230
  0.6513
  0.9061
  0.7362
  0.6513
  0.6513
  0.6513
  0.6513
  0.6230
  0.6513
  0.7079
  0.6796
  0.6796
  0.6796
 80.9862
 31.4317
  4.7855
  1.5857
  1.0760
  0.7646
  0.7079
  0.6230
  0.6230
  0.5663
  0.5663
  1.9822
  0.7079
  0.6796
  3.8794
  2.8883
  5.0687
  4.5590
  7.7305
  7.7588
  3.6246
  2.1521
  1.6707
  1.7556
  2.2937
  3.7945
  2.5202
  1.3026
  1.1610
  1.0477
  0.9628
  1.0477
  1.0760
  3.1149
  2.8600
  2.6618
  2.1804
  9.9958
  6.1164
  4.7289
  4.6156
  2.6335
 17.0184
  5.2669
  3.8794
  2.7467
  1.6424
  1.0194
  1.1327
  1.1893
  2.4069
  1.4442
  4.1343
  2.1238
  1.5574
  2.1804
  1.3875
  0.8212
  1.6141
  0.8212
  0.7646
  0.6796
  0.6230
  0.6513
  9.8826
 18.9723
 27.8638
 13.7620
 11.4966
  5.6917
  4.8139
  1.9255
  0.9061
  0.8778
  0.7646
  0.7079
  0.6513
  0.6230
  0.5947
  0.5947
  0.5947
  0.5947
  0.5947
  0.5947
  0.5663
  0.5663
  0.5663
  0.5663
  0.5663
  0.5663
  1.3026
  0.5947
  0.9345
  0.6513
  0.5097
  0.5097
  0.6230
  0.7362
  0.6230
  1.4442
  4.4457
  9.4578
 11.0719
  1.6990
  2.0671
  1.6141
  1.5291
  1.6424
  2.0954
  1.4158
  5.2386
  1.5574
 10.2790
  2.0105
  1.2176
  0.9345
  1.6424
  2.1804
  0.7362
  2.6335
  7.5606
  2.8883
  1.9539
  1.3309
  0.7079
  0.5380
  0.5663
 31.9980
 16.4238
 31.1485
 14.4416
  3.2848
  1.3026
  0.8778
  0.7646
  0.7362
  0.7362
  7.5040
  1.5857
  0.6230
  0.5663
  0.9628
  0.5663
  1.9255
  3.2564
  0.7929
  0.5380
  1.1610
  0.8212
  0.9345
  2.4352
  2.4352
 15.9990
  3.6812
  2.4919
  1.9255
  0.9628
  0.7362
  1.2176
  0.8495
  0.6796
  0.6513
  0.5947
  0.5947
  0.5663
  0.5663
  0.5380
  0.7362
  0.5663
  1.3026
  0.9628
  0.7362
  0.6230
  0.5947
  0.5380
  0.9061
  0.7646
  0.7079
  0.7362
  1.2176
  1.1893
  1.0760
 16.3671
  5.4368
  3.7661
  3.1715
  3.0582
  2.0954
  0.9911
  1.1327
  1.2743
  0.8495
  0.7079
  0.6796
  0.5947
  0.5663
 42.1921
  1.5857
  1.4725
  5.0970
  5.6067
 30.5822
 47.5723
 18.7458
  6.1448
  5.1253
 25.6267
 11.3834
  5.0121
 91.4634
 10.9869
  5.5218
  4.0493
  3.3697
  2.7751
  2.2937
  1.9255
  1.7840
  1.6990
  1.5857
  1.4442
  1.5574
 10.7321
 11.3551
  7.3057
 14.6681
 10.2224
  5.1820
 88.9149
105.6218
 19.3121
 21.1244
 12.4311
  8.4384
  7.6739
  5.2386
  4.5024
  6.0315
  5.5784
  8.1836
134.7882
 26.3913
 16.3671
 12.1762
  8.8349
 12.0063
  9.7976
  6.3713
  5.3519
  6.9943
  4.1626
  2.6335
  6.0881
  3.5113
  3.7095
  8.5800
  6.8527
  6.0598
  3.3697
  4.3608
  2.8317
  4.3608
  5.4652
  3.4830
  1.5291
  1.4442
  1.4442
  1.8406
  2.6051
  3.5962
  4.6723
  8.3818
  8.9198
  4.3042
  2.6901
  1.8406
  2.2937
  2.4069
  1.6424
  1.1327
  1.0194
  1.1327
  1.1044
  1.0760
  1.1327
  3.9644
  2.8600
  1.1893
  0.9911
  2.4069
  4.8139
  2.5485
  1.7556
  1.2459
  1.2743
  2.2370
 14.5832
  4.9838
 46.4396
  7.9287
  3.2564
  1.8972
  1.3026
  0.9911
  1.9539
  2.6618
  1.2176
  0.9061
  1.4442
 33.9802
  7.9004
  2.3786
  1.3875
  1.0760
  0.9345
  0.8778
  0.8212
  0.7362
  0.7362
  0.7929
  0.7362
  0.7079
  0.7079
  0.6513
  0.7079
  0.6513
  0.7646
  0.7362
  1.6141
  1.5574
  0.7646
  0.9061
  0.9628
  0.8212
  0.8495
  1.7556
  0.8778
  0.7079
  0.6230
  0.6796
  2.0954
  4.6440
  2.4069
  0.8778
  0.7079
  1.0194
  0.9061
  0.8495
  0.6230
  0.5947
  0.5947
  0.5947
  0.5947
  0.5947
  0.5947
  0.5947
  0.5947
  0.5947
  0.8495
  1.3026
  0.9345
  0.7646
  0.5947
  0.5097
  0.5097
  0.7646
  0.6230
  0.6513
  0.6513
  0.6230
 18.4060
  8.8349
  4.6440
  2.6901
  1.7273
  1.3592
  1.0760
  0.9911
  0.8778
  0.8495
  0.5380
  0.5663
  0.5947
  0.5380
  0.5663
  0.5380
  0.5380
  0.4814
  0.5097
  0.5097
  0.4814
  0.4814
  0.4814
  0.4531
  0.5097
  0.5097
  0.5097
  0.5380
  0.5380
  0.5380
  0.5097
  0.4531
  0.4531
  0.5097
  0.4531
  0.4814
  0.4814
  0.4531
  0.5097
  0.4531
  0.4531
  0.5097
  0.8212
  0.5663
  0.5097
  0.4531
  0.4531
  0.4531
  0.4531
  0.4531
  0.4531
  0.4531
  0.5097
  0.4531
  0.4531
  0.4248
  0.4248
  0.4248
  0.4531
  0.4531
  0.4248
  0.4531
  0.5097
  0.4531
  0.4531
  0.4531
  0.4248
  0.4248
  0.4248
  0.4248
  0.4248
  0.4248
  0.8495
  1.0477
  0.5947
  0.5097
  0.5097
  0.4531
  0.4531
  0.4531
  0.6513
  4.6440
  0.9911
  0.5663
  0.5097
  0.4531
  0.4248
  0.4248
  0.3964
  0.5097
  0.4531
  0.5663
  0.5663
  0.8495
  1.6990
  1.9822
  6.5412
  2.5768
  0.6230
  1.0477
  0.7929
  1.9255
  3.4547
  1.4442
  0.6796
  0.6230
  0.8495
  0.6513
  0.5663
  0.5097
  0.4531
  0.4531
  0.4248
  0.5097
  1.2459
  0.6513
  0.5097
  1.6141
  4.3608
  0.6796
  1.5008
  0.7646
  0.7646
  0.6513
  0.5097
 38.5109
 35.1129
  4.7855
  1.2459
  0.6796
  0.6513
  0.5947
  0.5663
  0.7079
  0.6513
  0.5947
  0.5097
  0.4531
  0.5097
  1.6707
  0.6513
  0.5097
  0.6513
  0.5663
  0.4531
  0.5663
  0.5380
  0.4814
  0.4531
  0.4531
  0.5097
  0.4531
  0.4248
  0.4248
  0.9628
  3.7095
 12.9974
 15.0079
 11.4683
  2.4069
  0.7646
  0.5663
  0.5097
  0.5663
  0.4531
  0.4531
  0.4248
  0.3964
  0.3964
  0.3964
  0.3681
  0.3681
  0.3681
  1.1610
  1.9255
  0.6796
  0.5380
  0.5663
  0.4531
  0.4814
  0.4531
  0.5380
  0.7079
  0.5097
  0.4814
  0.4814
  0.4248
  0.4248
  0.4531
  0.3964
  0.4531
  0.4814
  0.4814
  6.8527
  4.7006
  7.5323
  8.7499
 39.3604
 10.2507
  4.1343
  5.0970
 26.4763
 43.8911
 78.4377
 37.3782
 18.3493
 18.4060
 19.5669
  8.0986
  5.4935
  4.1909
  3.6246
  3.0865
  2.4069
  2.0954
  1.8406
  1.7840
  1.5574
  1.4442
  1.1893
  1.0760
  1.0477
  0.9911
  0.9628
  1.4725
  4.8422
  3.2281
  1.1893
  1.0194
  0.9628
  1.2743
  1.4158
  0.9628
  0.8495
  0.7929
  0.7929
  0.8495
  2.2653
  2.6335
  2.4069
  1.5008
  1.9539
 13.1957
 39.3604
177.5466
 42.7584
  9.7976
  5.2953
  3.6812
  3.1715
  3.6246
  3.4547
  4.8422
  3.2281
  2.2937
  2.5202
  2.3220
  2.4636
  2.9450
  1.8123
  1.3592
  1.1893
  1.1044
  1.0760
  1.1044
  1.1044
  0.9911
  0.9628
  0.8778
  0.8778
  0.8212
  0.8495
  0.7929
  0.7079
  0.7079
  0.7646
  0.6796
  0.6513
  1.1893
  1.0477
  1.3026
  1.7273
  0.7646
  0.6796
  0.6513
  0.6513
  0.6513
  0.9345
  0.6513
  0.7362
  0.7362
  7.5889
  2.7751
  2.0671
  0.7646
  0.5380
  0.6796
  1.4442
  1.5574
  1.1044
  8.8632
  3.3131
  0.9061
  0.7362
 19.2271
  5.8616
  1.7840
  0.7646
  0.6230
  1.2176
  1.4725
  0.8212
  0.5663
  4.1909
  1.1893
  0.7646
  0.8778
  0.6796
  0.7079
  0.5097
  0.5947
  0.5663
  3.4830
 30.5822
 20.1616
  4.7006
  1.6990
  2.0671
  5.8333
  2.1238
  0.9345
  2.0388
  4.8705
  1.3875
  0.8778
  0.8495
  1.2459
  0.7646
  0.6796
  0.8495
  0.8495
  0.6513
  0.5947
  0.5947
  0.5947
  0.5663
  0.4814
  0.7079
  1.4442
  1.5008
  3.4547
  1.0760
  0.8212
  2.1238
  3.5962
  1.2176
  0.7646
  0.5947
  0.6796
  2.4636
  0.8778
  0.6230
  0.6230
  0.5663
  0.7362
  0.5380
  0.5663
  0.5380
  0.5097
  0.5097
  0.5947
  0.5947
  0.5380
  0.5380
  0.4814
  0.5097
  3.0016
  2.2653
  1.8689
  1.6707
  1.6990
  1.7840
  1.6141
  2.0105
 19.1988
 39.6436
  7.8721
  4.7289
  3.5113
  3.8228
  2.9733
  2.3220
  3.4830
  3.8228
  8.9198
 16.7353
  7.0226
  4.0776
  3.4263
 32.8475
 21.2660
 11.5816
  7.6455
  5.6634
  4.1059
  3.4547
  5.9465
  4.8139
  2.7467
  2.6901
  5.2386
  2.6051
  1.9255
  1.7840
  1.6424
  1.6141
  2.4352
  2.3220
  1.4725
  1.4158
  1.3026
  1.2176
  1.2176
  1.2176
  1.2176
  1.1893
  1.1610
  1.1893
  1.2176
  1.1610
  1.1327
  1.1610
  1.1610
  1.1327
  1.1044
  1.1044
  1.1044
  1.1044
  1.0760
  1.0760
  1.0760
  1.1044
  1.0760
  1.0477
  1.4442
  1.1610
  1.1044
  1.1610
  1.1893
  1.6424
  5.2103
  1.6707
  1.2176
  1.2743
  1.1610
  1.1327
  1.0194
  1.0477
  1.6707
  1.1327
  1.1327
  1.0760
  1.0194
  1.0194
  1.7840
  1.8406
  5.7200
  3.3697
  1.1327
  0.8495
  0.7929
  0.8778
  0.7929
  0.7646
  0.7929
  0.7362
  0.7079
  1.3026
  2.6901
  5.5501
  1.3309
  0.8495
  0.6796
  6.7960
  2.7184
  0.9628
  1.1327
  0.9345
  0.7929
  9.3729
  8.8632
  1.4158
  0.9061
  0.8212
  0.8212
  0.8212
  0.7646
  4.1059
  2.9450
  0.9911
  0.7929
  0.7362
  0.7362
  0.7646
  0.7646
  0.7646
  0.9061
  0.7929
  0.7929
  0.8495
  1.1893
  1.0194
  0.7929
  0.7362
  0.8212
  0.9628
  0.7929
  0.7929
  1.2176
  1.2459
  0.9345
  0.7929
  0.9061
  0.7646
  0.8212
  0.8495
  0.7646
  0.7646
  0.7362
  1.5574
  1.1044
  1.5574
  1.6707
  0.7646
  0.6796
  0.7079
  0.7646
  0.7079
  0.8778
  0.7929
  0.7362
  0.7079
  0.7929
  0.7646
  0.7079
  0.7079
  0.7646
  0.7646
  0.7646
  0.7646
  0.7646
  0.8212
  1.1044
  0.9061
  2.3220
  1.9822
  0.8778
  0.7646
  0.7362
