  0.0623
  1.1327
  0.1048
  0.0651
  2.6618
  0.2010
  0.0263
  0.0263
  0.0263
  0.0263
  0.0263
  1.6141
  1.3026
  0.0311
  0.0263
  0.0263
  0.0263
  0.0263
  0.0263
  0.0263
  0.0263
  0.0263
  0.0263
  0.0263
  0.3681
  0.0651
  0.0263
  1.5008
  0.0311
  0.0263
  0.0263
  0.0263
  0.0263
  0.0263
  0.0263
  0.0263
  0.0263
  0.0263
  0.0263
  0.0263
  0.0263
  0.0263
  0.0218
  0.0218
  0.0218
  0.0218
  0.0218
  0.0340
  0.5947
  0.0566
  0.0218
  0.0218
  1.6990
  0.7079
  0.0538
  0.0263
  0.0218
  0.0218
  0.3681
  0.0623
  0.7362
  0.1274
  0.1274
  0.1303
  0.1189
  0.1444
  1.0477
  3.1432
  4.6440
  0.7079
  0.1586
  0.1303
  1.2743
  0.1784
  1.5291
  0.7362
  0.1444
  0.2152
  0.1359
  0.3964
  5.7483
  3.1998
  0.1501
  0.0311
  0.0311
  0.0481
  0.0396
  0.0340
  0.0340
  0.0340
  0.0340
  0.0340
  0.0340
  0.0340
  0.0340
  1.6141
  2.0671
  0.1303
  0.1133
  0.7079
  0.1133
  0.0906
  0.0263
  0.4531
  0.0311
  0.0311
  0.0311
  0.0311
  0.0263
  0.0263
  0.0263
  0.0263
  0.0263
  2.4636
 13.9319
  3.4263
  7.0226
  2.0671
  0.1586
  0.0340
  0.0311
  0.0311
  0.0311
  0.0263
  0.0263
  0.0263
  0.0263
  0.0263
  0.0263
  0.0263
  0.0340
  0.0340
  0.0263
  0.0218
  0.0218
  0.0218
  0.0218
  0.0218
  0.0218
  0.0218
  0.0176
  0.0176
  0.1019
  0.2464
  0.0218
  0.3398
  0.3115
  0.0538
  0.0176
  0.0176
  0.0176
  0.0176
  0.0176
  0.0176
  0.0176
  0.0176
  0.0176
  0.0176
  0.0176
  0.0176
  0.0176
  0.0708
  0.0263
  0.0176
  0.0176
  0.0176
  0.0176
  0.0176
  0.0176
  0.0176
  0.0176
  0.0218
  0.0218
  0.0176
  0.0176
  0.0176
  0.0176
  0.0878
  0.0176
  0.0176
  0.0176
  0.0176
  0.0176
  0.0176
  0.0176
  0.0176
  0.0176
  0.0176
  0.0176
  0.0176
  0.1133
  0.2577
  0.0481
  0.5947
  0.0623
  0.0130
  0.0130
  0.0130
  0.0176
  0.0176
  0.0176
  0.0176
  0.0176
  0.0176
  0.0176
  0.0176
  0.0176
  0.0176
  0.0963
  0.4531
  0.0176
  0.0176
  0.0176
  0.8495
  0.0130
  0.0130
  0.0130
  0.0130
  1.1893
  0.0130
  0.0130
  0.2633
  0.3115
  0.0130
  0.0088
  0.4531
  0.1218
  0.3115
  0.0481
  0.2010
  0.0130
  2.2653
  5.4368
  2.0105
  0.0311
  0.0130
  0.0088
  0.0088
  0.0088
  0.0088
  0.0088
  0.0088
  0.0088
  0.0088
  0.0088
  0.0088
  0.0088
  0.0088
  0.0088
  0.0088
  0.0088
  0.0088
  0.0396
  0.0088
  0.0088
  0.0088
  0.0088
  0.0088
  0.0088
  0.0088
  1.9255
  1.2743
  0.0130
  0.2662
  5.8333
  4.8988
  7.1925
  0.6796
  0.0088
  0.0088
  0.0088
  0.0088
  0.0088
  0.0088
  0.5947
  0.0396
  0.0481
  0.0425
  0.0425
  0.0425
  0.0425
  0.0396
  0.0481
  4.0210
  1.1044
  0.4248
  0.1359
  0.0481
  0.0425
  0.0425
  0.1104
  0.0651
  0.0396
  0.0396
  0.0396
  0.0396
  0.0396
  0.0340
  0.0340
  0.0340
  0.0340
  0.0396
  0.7646
  0.0425
  0.1586
  0.0425
  0.0396
  0.0340
  0.0340
  0.0311
  0.0311
  0.0311
  0.0311
  0.0311
  0.0311
  0.0311
  0.0263
  0.0311
  0.0311
  0.0311
  0.0311
  0.0263
  0.0311
  0.0311
  0.0263
  0.0263
  0.0263
  0.0263
  0.0263
  0.0263
  0.0263
  0.0263
  0.0311
  0.0340
  0.0878
  0.0425
  1.4442
  1.1893
  0.2180
  0.0623
  0.0566
  0.0566
  0.0566
  0.0623
  0.0736
  0.3964
  0.1303
  0.0651
  1.0477
  0.9628
  0.8778
  0.4248
  0.0623
  0.5380
  0.1926
  0.0566
  0.0566
  0.0538
  0.0538
  0.0538
  0.0538
  0.0538
  0.0481
  0.0481
  0.0538
  0.0566
  0.0538
  0.0538
  0.0538
  0.0538
  0.0566
  0.0538
  0.0538
  0.0481
  0.0481
  0.0481
  0.0481
  0.0425
  0.0425
  0.0425
  0.0425
  0.0481
  0.0481
  0.0481
  0.0481
  0.0538
  0.0481
  0.0481
  0.0481
  0.0481
  0.0481
  0.0481
  0.0481
  0.0538
  0.4531
  0.2832
  2.0954
  2.0105
  0.0396
  0.0396
  0.0425
  0.0425
  0.0425
  0.5380
  0.2180
  0.0340
  0.0340
  0.0396
  0.0396
  0.0396
  0.0963
  0.9061
  0.0538
  0.0396
  0.0396
  0.0396
  0.0396
  0.7079
  0.1104
  0.0425
  0.0396
  0.0425
  1.7556
  3.5113
  0.8212
  1.0194
  0.1133
  0.0396
  0.0396
  0.0396
  0.0425
  0.1671
 11.2135
  0.7362
  0.0481
  0.0425
  0.0425
  0.0425
  0.0425
  0.0736
  0.0963
  0.0340
  0.0340
  0.0340
  0.0340
  0.0340
  0.0340
  0.0340
  0.0340
  0.0340
  0.0340
  0.0340
  0.0340
  0.0340
  3.5962
  1.6707
  0.5947
  0.4248
  0.0425
  0.0396
  0.0340
  0.0340
  0.0340
  0.0340
  0.0340
  0.0340
  0.0340
  0.0340
  0.0340
  0.0340
  0.0311
  1.5008
  1.6990
  0.0340
  0.0311
  0.0263
  0.0263
  0.0263
  0.0311
  0.0311
  0.0311
  0.0311
  0.0311
  0.0311
  0.0793
  0.1699
  0.0793
  0.0263
  0.0263
  0.0088
  0.0176
  0.0130
  0.0130
  0.0130
  0.0130
  0.0130
  0.0130
  0.0130
  0.0130
  4.0776
  1.6707
  0.0088
  0.0042
  0.0042
  0.0042
  0.0042
  0.0042
  0.0042
  0.0042
  0.0042
  0.0088
  0.0042
  0.0042
  0.0042
  0.0042
  0.0042
  0.0088
  0.0042
  0.0042
  0.0042
  0.0042
  0.0042
  0.0042
  0.0042
  0.0042
  0.0023
  0.0031
  0.0042
  0.0042
  0.0042
  0.0042
  0.0088
  0.0088
  0.0088
  0.0088
  0.0088
  0.0088
  0.0088
  0.0088
  0.0130
  2.6335
  0.2718
  0.0088
  0.0088
  0.0088
  0.0088
  0.0088
  0.0088
  0.0088
  0.0088
  1.0194
  0.2633
  0.0088
  0.0042
  0.0042
  0.0878
  0.0088
 14.2717
  3.9360
  0.2237
  0.0042
  0.0481
  0.1359
  0.0017
  0.6796
  5.1820
  1.8406
  0.1218
  0.0042
  0.0025
  0.0023
  0.0017
  0.0017
  0.0017
  0.0017
  0.0014
  0.0014
  0.0014
  0.0014
  0.0014
  0.0006
  0.0006
  0.0006
  0.0008
  0.0014
  0.0014
  0.0014
  0.0014
  0.0014
  0.0023
  0.0017
  0.0017
  0.0023
  0.0017
  0.0017
  0.0042
  0.9628
  2.2653
  3.6246
  1.3026
  0.2549
  2.0671
  2.6618
  0.3964
  0.1926
  0.0263
  0.0017
  0.0006
  0.0006
  0.0006
  0.0425
  0.0008
  0.0006
  0.0006
  0.0006
  0.0014
  0.0014
  0.0014
  0.0014
  0.0014
  0.0014
  0.0014
  0.0008
  0.0008
  0.0006
  0.0006
  0.0014
  0.0014
  0.0263
  0.0034
  5.1820
  0.1218
  0.0311
  0.0023
  0.0006
  0.0031
  0.0130
  0.2662
  0.6513
  0.4814
  0.0017
  0.0042
  0.2633
  0.0042
  0.0006
  3.3414
  0.7929
  2.0954
  1.3026
  0.0088
  2.0105
  1.5291
  1.1327
  1.1044
  0.8495
  0.0311
  0.0311
  0.0263
  0.0263
  0.0263
  0.0263
  5.6634
  8.0703
 19.4537
 39.0772
  5.4652
  2.4636
  1.7840
  1.9822
  0.9628
  0.4814
  0.1671
  0.7079
  2.4919
  0.3964
  0.0623
  0.0263
  0.0566
  0.0263
  0.0263
  0.0263
  0.0263
  0.0263
  0.0263
  0.0263
  0.0736
  0.1416
  4.0210
  1.6990
  1.2176
  0.3115
  0.0566
  0.1586
  7.5323
 20.9261
 43.0416
 40.2099
 10.2507
  3.5396
  1.5857
  0.9628
  4.4174
  3.5396
  1.4158
  0.6513
  0.4248
  0.3681
  1.1327
  1.7556
  1.1044
  0.3681
  0.6513
  0.3398
  0.1359
  0.4248
  0.4248
  0.4248
  0.4248
  0.4248
  0.4248
  0.4248
  0.4248
  0.4248
  0.4248
  0.4248
  0.4248
  0.4248
  0.4248
  0.4248
  0.4248
  0.4248
  0.4248
  0.4248
  0.4248
  0.4248
  0.4248
  0.7646
  0.0538
  0.0176
  0.0176
  0.0176
  0.0263
  0.0263
  0.0263
  0.0263
  0.0263
  0.0263
  0.3964
  6.2580
  8.2402
  9.3446
  3.0299
  7.2774
  2.0105
  0.2832
  0.0396
  0.0218
  0.0218
  0.0218
  0.2577
  0.4531
  0.0263
  0.0218
  0.0218
  0.4248
  0.0566
  0.9061
  0.2180
  0.6230
  0.3115
  0.0263
  0.0311
  0.0263
  0.0651
  0.0481
  0.0263
  0.0218
  0.0218
  0.0218
  1.7840
  1.1893
  0.0481
  0.0263
  1.1327
  0.0566
  0.0263
  0.0263
  0.0263
  0.0263
  0.0263
  0.0263
  0.0263
  0.0263
  2.5768
  0.5380
  1.5008
  0.1019
  0.1274
  0.2407
  0.0263
  0.0218
  0.0263
  0.0218
  0.0263
  0.0218
  1.2176
  0.2407
  0.0218
  0.0263
  2.2653
 12.4028
  0.7362
  0.0425
  0.0425
  0.0311
  0.0218
  0.1671
  0.0481
  0.0218
  0.0218
  0.0176
  0.0176
  0.0176
  0.0176
  0.0176
  0.0176
  0.0130
  0.0176
  0.0176
  0.0176
  0.0176
  0.1274
  0.1416
  2.2370
  0.8778
  4.7006
  1.6141
  0.4531
  0.4531
  1.1893
  0.7929
  1.8406
  1.2743
  1.1327
  0.9628
  1.0194
  0.4248
  0.0425
  0.0906
  0.6230
  0.2832
  0.1926
  0.0396
  0.0340
  4.1626
  1.9255
  0.2237
  4.1059
  0.3115
  0.0396
  0.1444
  7.7871
  8.3535
  4.4174
  0.7929
  0.4814
  2.0671
  8.2685
  2.0105
  1.4442
  0.9628
  0.0793
  0.0396
  7.9287
  1.2176
  0.1303
  0.0396
  0.2265
  0.0425
  0.1416
  0.0396
  0.0340
  0.0340
  0.0311
  0.0311
  0.0311
  0.0311
  0.0311
  0.9628
  0.4814
  0.0311
  0.0263
  0.0263
  0.0263
  0.0263
  0.0263
  0.0263
  0.0263
  0.0263
  0.0311
  0.0311
  0.0311
  0.0311
  0.0311
  0.0311
  0.2095
  0.1501
  0.0311
  0.0311
  0.0878
  0.0878
  0.0263
  0.0263
  0.0263
  0.0263
  0.0263
  0.0263
  0.0263
  0.0263
  0.1359
  0.1359
  0.1359
  0.0425
  0.0425
  4.8139
  0.1303
  0.1303
  0.1303
  0.1303
  0.1303
  0.1303
  4.1626
  4.1626
  4.1626
  4.1626
  4.1626
  4.1626
  4.1626
  4.1626
  4.1626
  4.1626
  4.1626
  0.0425
  0.0425
  0.0425
  0.0425
  0.1019
  0.0481
  0.0396
  0.0396
  3.0299
  8.1553
  0.3115
  0.0425
  0.0396
  0.0453
  0.0821
  0.0396
  0.0368
  0.0368
  0.0368
  0.0368
  0.0396
  0.0368
  0.0368
  0.0396
  0.0396
  0.1048
  0.2152
  0.0453
  0.0425
  0.5380
  0.8778
  3.6812
  1.7840
  0.7929
  0.0453
  0.0453
  0.0396
  0.0368
  0.0368
  0.0368
  0.0368
  0.0368
  0.0368
  0.0368
  0.0368
  0.0396
  0.1897
  2.2653
  1.2176
  0.0481
  0.0396
  0.0425
  0.0651
  1.5857
  3.3414
  0.1303
  0.0425
  0.0396
  0.0396
  0.0396
  0.0368
  0.0481
  0.0453
  0.0708
  0.1756
  0.0368
  0.0340
  0.0311
  0.0311
  0.0311
  0.0311
  0.0340
  0.0453
  0.0396
  0.0127
  0.0127
  0.0127
  0.0122
  0.0122
  0.8778
  0.9628
  0.0425
  0.0127
  1.8972
  1.4442
  2.9733
  1.4442
  0.0311
  3.4547
  0.1897
  0.0142
  0.0127
  1.5291
  0.4531
  0.0136
  0.0136
  0.0136
  0.0136
  0.0136
  0.0136
  0.0136
  0.0130
  0.0127
  0.0127
  0.0119
  0.0119
  0.0105
  0.0105
  0.0105
  0.0113
  0.0119
  0.0122
  0.0127
  0.0122
  0.0119
  0.0119
  0.0113
  0.0113
  0.0113
  0.0113
  0.0113
  0.0113
  0.0102
  0.0091
  0.0091
  0.0096
  0.0096
  0.0105
  0.0105
  0.0105
  0.0623
  0.2718
  0.2067
  1.2176
  1.4442
  5.5501
  0.3115
  0.0119
  0.0113
  0.1104
  0.0538
  0.0119
  0.0113
  0.0113
  0.0105
  0.0105
  0.0105
  0.0105
  0.0105
  0.0105
  0.0113
  0.0105
  0.0105
  0.0105
  0.0102
  0.0102
  0.0102
  0.0102
  0.0102
  0.0105
  0.0113
  0.0119
  0.0119
  0.0119
  0.0119
  0.0119
  0.0119
  0.0119
  0.0119
  0.0119
  0.0122
  0.0130
  0.0136
  0.0136
  0.0136
  0.0136
  0.0136
  0.0136
  0.0136
  0.0136
  0.0368
  0.2832
  0.0130
  0.0127
  0.0122
  0.0127
  1.5008
  0.3964
  0.0127
  0.0119
 10.2507
  2.4069
  0.4531
  0.0144
  0.0113
  0.0102
  0.0088
  0.0088
  0.0088
  0.0102
  0.0144
  0.0176
  0.0161
  0.0130
  0.0113
  0.0113
  0.0113
  0.0130
  0.0130
  0.0130
  0.0130
  0.0161
  0.0161
  0.0144
  0.2152
  0.0821
  1.2743
  0.1784
  0.0161
  0.0144
  0.0130
  0.0113
  0.6513
  0.5380
  0.0144
  0.0102
  0.0113
  0.0113
  0.0113
  0.0113
  0.0595
  0.0144
  0.0088
  0.0088
  0.0088
  0.0088
  0.0102
  0.0102
  0.0102
  0.0102
  0.0102
  0.0102
  0.0088
  0.0088
  0.0102
  0.0102
  0.0102
  0.0113
  0.0130
  0.0167
  0.1756
  0.0088
  0.0263
  0.0130
  0.0088
  0.9061
  1.5291
  2.2370
  3.5962
  1.6990
  1.1044
  2.5768
  2.0954
  6.9093
  5.6067
  3.8511
  2.5768
 11.4400
  6.7960
  2.2370
  1.1044
  0.8495
  0.6796
  0.4248
  0.4248
  0.3964
  0.2633
  0.2718
  0.2633
  0.1784
  0.1416
  0.0396
  0.0396
  0.0396
  0.0396
  0.0396
  0.0396
  1.1893
  1.7840
  2.4069
  2.5485
  8.2685
  2.0105
  0.6796
  0.3398
  0.1982
  0.9628
  1.4158
  0.0340
  0.0340
  0.0311
  0.0311
  0.0311
  0.0311
  0.0311
  0.0311
  0.0340
  0.3681
  0.1189
  0.6513
  0.0340
  0.0263
  0.0263
  0.0263
  0.0263
  0.0218
  0.0176
  0.0176
  0.0176
  0.0263
  0.0396
  1.5857
  0.3115
  0.0340
  0.0311
  0.0263
  0.0263
  0.0263
  0.0263
  1.5008
  0.1189
  0.0340
  0.0311
  1.3026
  0.0396
  0.0651
  0.0340
  0.0340
  0.0340
  0.0340
  0.2832
  1.6707
  1.9255
  0.4531
  2.1804
  2.5485
  0.1416
  0.0340
  3.9360
  9.9109
  2.4636
  0.1614
  0.0623
  0.0481
  0.0396
  0.0396
  0.0311
  0.0263
  0.0311
  0.0340
  0.3398
  0.0311
  0.0218
  0.0218
  0.0218
  0.0218
  0.0263
  0.1671
  0.0340
  0.1048
  0.0311
  0.0263
  0.0263
  0.0263
  0.0263
  0.0263
  0.0263
  0.0263
  4.2475
 13.3656
  0.4531
  0.5380
  0.0963
  0.0425
  0.3398
  0.0566
  0.0396
  0.0396
  1.6990
  6.1448
 19.9351
  1.0477
  0.1133
  0.1048
  0.0425
  0.0793
  0.0878
  1.0477
  0.7646
  0.0340
  0.0481
  0.0263
  0.0263
  0.0263
  0.0263
  0.0263
  0.0263
  0.3964
  0.0176
  0.5097
  5.3802
  7.2774
 13.3939
  5.4368
  1.1044
  0.2633
  0.5380
  0.1982
  0.0340
  0.0340
  1.6990
  0.1303
  0.0263
  0.0218
  0.1104
  0.0481
  0.2747
  1.0194
  0.1048
  0.5380
  0.6513
  0.2265
  1.5291
  0.4814
  0.0538
  0.0263
  0.0396
  0.0425
  0.0218
  0.8212
  1.5291
  2.8034
  1.6990
  0.0651
  0.0176
  0.0176
  0.0218
  0.0263
  0.0176
  0.0176
  0.0176
  0.0176
  0.0176
  0.0176
  0.0176
  0.0176
  0.0176
  0.0218
  1.3026
 10.2507
  0.2010
  0.0176
  0.0176
  0.0176
  0.0176
  0.0176
  0.0176
  0.0176
  0.0176
  0.0176
  0.0218
  0.0311
  0.0263
  0.0176
  0.0176
  0.0176
  0.0176
  0.0176
  0.0176
  0.0176
  0.0176
  0.0176
  0.0130
  0.0088
  0.0176
  0.0130
  0.0088
  0.0088
  0.0218
  0.0566
  0.0088
  0.0042
  0.0042
  0.0042
  0.0042
  0.0042
  0.0042
  0.0042
  0.0042
  0.0042
  0.0042
  0.0042
  0.0042
  0.0042
  0.0042
  0.0088
  0.0042
  0.0042
  0.0042
  0.0042
  0.0042
  0.0042
  0.0042
  0.0042
  0.0042
  0.0042
  0.0130
  2.0671
  0.0566
  0.0042
  0.0042
  0.0042
  0.0042
  0.0088
  0.0130
  0.0088
  0.0651
  0.0130
  0.0088
  0.0130
  0.0088
  0.0042
  0.0088
  0.0130
  0.0088
  0.0042
  0.0042
  0.0042
  0.0042
  0.0042
  0.0042
  0.0088
  0.5947
  2.8034
  0.3964
  0.0130
  0.0088
  0.0042
  0.0042
  0.0042
  0.0042
  0.2747
  4.0210
  0.6513
  0.0130
  0.0088
  0.0042
  0.0042
  0.0042
  0.0042
  0.0130
  0.0218
  0.0088
  1.1327
 14.0735
 25.4568
  0.9628
  0.2662
  0.1926
  0.0566
  0.4531
  0.1048
  0.4814
  1.5857
  0.1841
  1.8972
  0.2662
 11.9497
  1.8972
  0.0623
  0.9628
  0.6513
  2.0105
  2.1804
  0.0538
  0.7362
  0.1189
  0.3681
  0.3398
  0.1416
  0.0176
  0.0088
  0.0088
  0.0088
  2.0954
  2.1804
  6.7394
  0.2322
  0.0623
  2.0105
  5.0404
  0.2237
  1.1893
  0.5097
  1.4158
  0.1274
  0.0218
  1.2743
  0.4248
  1.7556
  1.1327
  0.2718
  0.0263
  0.0176
  0.0176
  1.0194
  0.1189
  0.6230
  0.0311
  0.0176
  0.0130
  0.0088
  0.0088
  2.8034
  0.8495
  0.4248
  1.9822
  3.5962
  0.8212
  0.1218
  0.0311
  0.1189
  3.0299
  1.2176
  6.3147
  0.8212
  0.0623
  0.0311
  0.0130
  0.2010
  0.0651
  0.0088
  0.0088
  0.0042
  0.4248
 10.1091
  6.7394
  2.7184
  6.0032
  0.5380
  3.6246
  1.0477
  0.0623
  0.7646
  2.3786
  0.3398
  0.0088
  0.3398
  1.2743
  1.0477
  0.4248
  0.3398
  0.6230
  0.3964
  0.9061
  0.1104
  0.0042
  0.0821
  1.0194
  0.0340
  0.0042
  0.0042
  0.0042
  0.4531
  0.2577
  0.0042
  0.0042
  0.0042
  0.0042
  0.5380
  0.0708
  0.0263
  0.0042
  0.0566
  0.0042
  0.0042
  0.0042
  0.0042
  0.0042
  0.0042
  0.0042
  0.0042
  0.0042
  0.0042
  0.0042
  0.0042
  0.0042
  0.0042
  0.0042
  0.0042
  0.0042
  0.0088
  0.0088
  0.0088
  0.0088
  0.0042
  0.0042
  0.0042
  0.0042
  0.0042
  0.0042
  0.0088
  0.0088
  0.0042
  0.0042
  0.0042
  0.0042
  0.1218
  0.6796
  1.0194
  0.0088
  0.0088
  0.3115
  0.0538
  0.0088
  0.0088
  4.4174
  2.1804
  0.0311
  0.0088
  0.0042
  0.0042
  1.9822
  3.7661
  3.7661
  0.2010
  0.0906
  0.1501
  0.0793
  0.1048
  0.0130
  0.0088
  0.1614
  0.0130
  0.0176
  0.0130
  0.0088
  0.0088
  0.0130
  0.0340
  0.0176
  0.0130
  0.0130
  0.7362
  0.0176
  1.4442
  0.4248
  0.0130
  0.0088
  0.0088
  0.0088
  0.0088
  0.3681
  0.0218
  0.0088
  0.0425
  0.0088
  0.0088
  0.0088
  0.0088
  0.0088
  0.0088
  0.0263
  0.0130
  0.0088
  0.0088
  0.0088
  0.0088
  0.0088
  0.0263
  0.0130
  0.0130
  0.0088
  0.0218
  0.8495
  1.7556
  0.0878
  0.0130
  0.0130
  0.0130
  0.0130
  0.0088
  0.0088
  0.0088
  0.0088
  0.0088
  0.0088
  0.0088
  0.0088
  0.0088
  0.0088
  0.0088
  0.0130
  0.0130
  0.0130
  0.0130
  0.0176
  4.4741
  3.1149
  0.3115
  0.1104
  0.0176
  0.0176
  0.0176
  0.0176
  0.0176
  0.0176
  0.0130
  0.0130
  1.4442
  0.0906
  0.0176
  0.1274
  0.0176
  0.0130
  0.0130
  0.0130
  0.0130
  0.0130
  0.0130
  0.0130
  0.0130
  0.0311
  0.0218
  0.0651
  0.0176
  0.0130
  0.0130
  0.0130
  0.0176
  0.0130
  0.0130
  0.0130
  0.0130
  0.0130
  0.0130
  0.8778
  2.2653
  0.0176
  0.2237
 14.9796
  3.3414
  1.2176
  0.1614
  0.0130
  1.8406
  0.2407
  0.0130
  0.0130
  0.0130
  0.0088
  0.0088
  0.0088
  0.0088
  0.0088
  1.6141
  0.2322
  0.0130
  0.0130
  4.1626
  0.0623
  0.0130
  0.0130
  1.3592
  0.6230
  0.0176
  0.0130
  0.0130
  0.0130
  0.0130
  0.0130
  0.0130
  0.0130
  0.0130
  0.0130
  0.0130
  0.0130
  0.0130
  0.0130
  0.7646
  0.0708
  0.0130
  0.0906
  3.0299
  1.3592
  0.0311
  1.0477
  2.8034
  2.8600
  1.3592
  2.4069
  0.9061
  0.2237
  0.0176
  0.0176
  0.0176
  0.0538
  0.0481
  0.0176
  0.0130
  0.2832
  0.0263
  0.0130
  0.0340
  0.2237
  0.0130
  0.0088
  0.0130
  0.0130
  0.0396
  0.0176
  0.0130
  0.5947
  0.1529
  0.0130
  0.0130
  0.5947
  0.0425
  0.0130
  0.0130
  0.0130
  0.0130
  0.0130
  0.4531
  0.0481
  0.0130
  0.0130
  0.0736
  0.0130
  0.0130
  0.0088
  0.0088
  0.0088
  0.0088
  0.0088
  0.0088
  0.0088
  0.0088
  0.0088
  0.0088
  0.0088
  0.0088
  0.0088
  0.0088
  0.0088
  0.0088
  0.0130
  0.0130
  0.0130
  0.0130
  0.0130
  0.0130
  0.0130
  0.0130
  0.0963
  0.0130
  0.0088
  0.0088
  0.0088
  0.0088
  0.0088
  0.0176
  0.0130
  0.0130
  0.0130
  0.0176
  0.0566
  0.0263
  0.0130
  0.0130
  0.1926
  0.0130
  0.0130
  0.0088
  0.0088
  0.0088
  0.0088
  0.0088
  0.0088
  0.0130
  2.7184
  7.8438
  1.2743
  1.5857
  0.2747
  2.2653
  4.3325
  1.5291
  3.8511
 10.1657
  2.0671
  0.0708
  0.1756
  0.4248
  0.0176
  0.0130
  0.0130
  0.0130
  0.0088
  0.0130
  0.0130
  0.0130
  5.3802
 11.7798
 10.8737
  6.5412
  0.4248
  0.0176
  0.0130
  0.0088
  0.0088
  0.0130
  0.0130
  1.2743
  6.8810
  7.2774
  1.5008
  0.0176
  0.0130
  0.0130
  0.0176
  0.0130
  0.0130
  0.0088
  0.0130
  0.0130
  0.0130
  0.0088
  0.0088
  0.0088
  0.0088
  0.0088
  0.0088
  0.0088
  0.0088
  0.3398
  0.0088
  0.0088
  0.0088
  0.0088
  0.0088
  0.0088
  7.5323
 36.2456
  5.5501
  3.4547
  2.7467
  1.6990
  0.2577
  0.4814
  0.2152
  0.4248
  0.3115
  0.0878
  0.0042
  0.0042
  0.0042
  1.5857
  1.9255
  1.6141
  0.1501
  0.4814
  1.5008
  7.5323
  6.3147
  0.9628
  0.0088
  0.0538
  2.5485
  0.7362
  0.0088
  0.0088
  0.0042
  0.0042
  0.0042
  0.0088
  0.0042
  0.4248
  0.8495
  0.0088
  0.0176
  1.1893
  0.0906
  0.1699
  0.5663
  0.0088
  0.0042
  0.0042
  0.0042
  0.0042
  0.0042
  5.3802
  0.4248
  0.0088
  0.0042
  1.1327
  1.1893
  0.0176
  0.0042
  0.0042
  0.0042
  0.0042
  0.0042
  0.0042
  0.0042
  0.0042
  0.0042
  0.0042
  0.0042
  0.0042
  0.0042
  0.0042
  0.0042
  0.0042
  0.0042
  0.0042
  0.0042
  0.0042
  0.0042
  0.0042
  0.0042
  0.0042
  0.0042
  0.0042
  0.0042
  0.0042
  0.0042
  0.0042
  0.0042
  0.0042
  0.0042
  0.0042
  0.0042
  0.0878
  0.0042
  0.0042
  0.0042
  2.6335
  0.1303
  0.0042
  0.0042
  0.0042
  0.0623
  0.0218
  0.0042
  0.0042
  1.3592
  0.0623
  0.0042
  0.0042
  0.0088
  0.0088
  0.0088
  0.0088
  0.0088
  0.0425
  0.0088
  0.0042
  0.0042
  0.0088
  0.0088
  0.0042
  0.0311
  0.0311
  0.0263
  0.0311
  0.0340
  0.0340
  0.0340
  0.0623
  4.4741
  0.6796
  0.0481
  0.0340
  0.0396
  0.0340
  5.2103
  7.2208
  4.6440
  4.5024
  0.3681
  0.0311
  0.0218
  0.0263
  0.1699
  0.0263
  0.0176
  0.0176
  0.0176
  0.0176
  0.0176
  0.0130
  0.0176
  0.0176
  0.0130
  3.9077
  3.0582
  0.0963
  0.0071
  0.0062
  0.0054
  0.0048
  0.0048
  0.0042
  0.0040
  0.0034
  0.0034
  0.0034
  0.0031
  0.0031
  0.0031
  0.0031
  0.0025
  0.0025
  0.0023
  0.0023
  0.0023
  0.0023
  0.0023
  0.0023
  0.0023
  0.0025
  0.0034
  0.0034
  0.0042
  0.0034
  0.0031
  0.0054
  0.0042
  0.0042
  0.0040
  0.0034
  0.0034
  0.0057
  0.0057
  0.0054
  0.0054
  0.0040
  0.0031
  0.0031
  0.0031
  0.0031
  0.0150
  0.0057
  0.0062
  0.0062
  0.0062
  0.2718
  0.3964
  3.8511
  2.8034
  0.0071
  0.0057
  0.0057
  0.0040
  0.0034
  0.0048
  0.0034
  0.0040
  0.0048
  1.8406
  0.0453
  0.1274
  1.6990
  0.1529
  0.0040
  0.0023
  0.0017
  0.0017
  0.0017
  0.0017
  0.0017
  0.0017
  0.0014
  0.0008
  0.0008
  0.0008
  0.0017
  0.0017
  0.0017
  0.0023
  0.0023
  0.0025
  0.0023
  0.0850
  0.0042
  0.7362
  0.0238
  0.0031
  0.0017
  0.0017
  0.0017
  0.0017
  0.0017
  0.0680
  0.2577
  0.0025
  1.1044
  0.0042
  0.0017
  0.0017
  0.0008
  0.0008
  3.3697
  3.0582
  0.0062
  0.0034
  0.0023
  0.0023
  0.0023
  0.0017
  0.0017
  0.0017
  0.0017
  0.0017
  0.0017
  0.0023
  0.0023
  0.0017
  0.0017
  7.5889
  0.9061
  0.0054
  0.0031
  0.0023
  0.0034
  0.0023
  0.0017
  0.0017
  0.0023
  0.0023
  0.0023
  0.0017
  0.0017
  0.0017
  0.0017
  0.0014
  0.0008
  0.0008
  0.0008
  0.0017
 11.5533
 21.0394
  4.7289
  0.8495
  0.0105
  0.0057
  0.0057
  0.0057
  0.0057
  0.0057
  0.0057
  0.0048
  0.0042
  0.0042
  0.0042
  0.0042
  2.3786
  0.3681
  0.0065
  0.6513
  1.2176
  0.0368
  0.0057
  0.0048
  0.0042
  0.0040
  0.0040
  0.0040
  0.0040
  0.0042
  0.0048
  0.0048
  0.0048
  0.0048
  0.0054
  0.0680
  0.0110
  0.0042
  0.0042
  2.8883
  7.5040
  6.5695
 10.0242
  6.8244
  0.9911
  0.3681
  0.0065
  0.1557
  0.1246
  1.7556
  2.1804
  1.7840
  2.7184
  0.8495
  0.0850
  0.2633
  0.9911
  2.1804
  2.8883
  1.1610
  0.0161
  0.0048
  0.0042
  0.0042
  0.0042
  0.0042
  0.0042
  0.0042
  0.0040
  0.0040
  0.0040
  0.0040
  0.0040
  0.0040
  0.0034
  0.0034
  0.0034
  0.0034
  0.0034
  0.0031
  0.0031
  0.0031
  0.0031
  0.0031
  0.0031
  0.0034
  0.0034
  0.0034
  0.0034
  0.0167
  3.4263
  4.7289
  1.6141
  0.0340
  0.0057
  0.0048
  0.0042
  0.0340
  0.3681
  1.3875
  0.4814
  1.5008
  9.9392
  1.6424
  1.5291
  1.7840
  1.1327
  0.0054
  0.0048
  0.4248
  2.3220
  0.1359
  0.0227
  0.0453
  0.0034
  0.0034
  0.0566
  0.0623
  1.6990
 19.6802
 17.6414
  1.5857
  0.4248
  0.0241
  0.7646
  0.1699
  0.0054
  0.0042
  0.2152
  7.4473
  1.7840
  0.0210
  0.0246
  0.1133
  0.0062
  0.0057
  0.0042
 11.2135
  3.9927
  0.4814
  0.0062
  1.1044
  1.3592
  0.0481
  0.0040
  0.0040
  0.0034
  0.0034
  0.0034
  0.1784
 15.1212
  6.0032
  0.0963
  0.0057
  2.2653
  0.1133
  0.1982
  0.1784
  0.0042
  0.0040
  0.0034
  0.0048
  0.0042
  0.0034
  0.0071
  0.8778
  0.0057
  0.0025
  0.0025
  0.0025
  0.0025
  0.3115
 10.7887
  2.8600
  0.9628
  0.0595
  0.0042
  0.0040
  0.0025
  0.0025
  0.0025
  0.0025
  0.1614
  0.0025
  0.0023
  0.0023
  0.1416
  0.0190
  0.1246
  0.1897
  0.0130
  0.0122
  0.0110
  0.0102
  0.0102
  0.0102
  0.0102
  0.0102
  0.0102
  0.0088
  0.0079
  0.0096
  0.0096
  0.0096
  0.0088
  4.8988
  1.3875
  0.0850
  0.0481
  0.0198
  0.0110
  0.0102
  0.0096
  0.8212
  3.9077
  3.5962
  1.3026
  1.3309
  5.3519
  1.5291
 14.1018
  4.7855
  1.5008
  0.3115
  1.8406
  0.3964
  0.0119
  0.0088
  0.0071
  0.0065
  0.0057
  0.0057
  0.0071
  0.0079
  0.0079
  0.0079
  2.8034
  2.6618
  0.1359
  0.0079
  0.0071
  0.0065
  0.0425
  0.0065
  0.0057
  0.0057
  0.0057
  0.0057
  0.0057
  0.0057
  0.0057
  0.0071
  0.0079
  0.0079
  0.0088
  0.0079
  0.0566
  0.0079
  0.0057
  0.0057
  0.0057
  0.0057
  0.0057
  0.0057
  0.0057
  0.0057
  0.0057
  0.0057
  0.0057
  0.0057
  0.0057
  0.0071
  1.0760
  0.1727
  0.0110
  0.0088
  0.0065
  0.0042
  0.0042
  0.8495
  6.5695
  9.2030
  5.7483
  7.2208
  0.5663
  0.0054
  0.0054
  0.0042
  0.0042
  0.0054
  0.0595
  0.6796
  0.1076
 12.7143
  0.9061
  0.0054
  3.4263
  2.6618
  2.3220
  0.0906
  0.0057
  1.4442
  5.0404
  0.8778
  0.1841
  0.0054
  0.0054
  0.0167
  9.0614
 15.8574
  3.5962
  0.6796
  0.0088
  0.0042
  0.0042
  0.0034
  0.0034
  0.0034
  0.0034
  0.0034
  0.0034
  0.0034
  1.5857
 21.1527
 38.2277
  2.9450
  0.2803
  0.0280
  0.0054
  0.0042
  0.0034
  0.3681
  0.1076
  0.0054
  0.1784
  0.4248
  0.5663
  0.4814
  0.0227
  0.0042
  0.0042
  0.0082
  1.3592
  0.1529
  0.1303
  0.1982
  0.2322
  0.0368
  0.0042
  0.0040
  0.0105
  0.0062
  0.0034
  0.0034
  0.0040
  0.0042
  0.0042
  0.0042
  0.0042
  0.0042
  0.0042
  0.0042
  0.0048
  0.0042
  0.0042
  0.0042
  0.1529
  0.0510
  0.0048
  9.1463
  2.5485
  3.4547
  1.5857
  2.1804
 12.5160
  2.8883
  1.5008
  0.7646
 21.8606
 15.9990
  5.3802
  1.9822
  0.8778
  0.6796
  0.3681
  0.1218
  0.0453
  0.0105
  0.0082
  0.0065
  0.0062
  0.0057
  0.0054
  0.0054
  3.2281
  0.4814
  0.0144
  0.0065
  0.0071
  2.8034
  6.7394
  3.4263
  1.6707
  0.4248
  0.0110
  0.0065
  0.0065
  0.3115
  0.4531
  0.0082
  1.5291
  0.3115
  0.0934
  0.0062
  0.0071
  0.0065
  0.0065
  0.0062
  0.0062
  2.2370
  0.1444
  0.0096
  0.0071
  0.0065
  4.2192
  0.3964
  0.0105
  0.0224
  0.0150
  0.0623
 10.4206
  6.5695
  1.9822
  0.1189
  0.0082
  0.0065
  0.0065
  0.0062
  0.0062
 17.0751
 13.1390
  3.2281
  0.5380
  2.0954
  6.3996
  0.9061
  0.3681
  1.5574
  0.2010
  0.2322
  0.2633
  0.0079
  0.0065
  0.0065
  0.0062
  0.0057
  0.0062
  0.0065
  0.0071
  0.2067
  0.0062
  1.3592
  0.0340
  0.0062
  0.0071
  1.1893
  2.0954
  1.5857
  0.0144
  0.0054
  0.0054
  0.0054
  0.1614
  0.0082
  2.8883
  0.1331
  0.1133
  0.0255
  0.0054
  0.0048
  0.0042
  0.0042
  0.0042
  0.0042
  0.0042
  0.0042
  0.0040
  0.0034
  0.0042
  1.4158
  0.1841
  0.0054
  0.0048
  0.0048
  0.0048
  0.0048
  0.0048
  0.0048
  0.0048
  5.2103
 10.6471
  2.7467
  0.0396
  0.0062
  0.0074
  0.3115
  0.0088
  0.0062
  0.7646
  5.8333
  1.4442
  0.0566
  0.0082
  0.0283
  0.0065
  0.0062
  0.0054
  0.0054
  0.0054
  0.0054
  0.0054
  0.0054
  0.0054
  0.0054
  0.0054
  0.0167
  0.0510
  0.0065
  0.0062
  0.0510
  0.0071
  0.0054
  0.0054
  0.0054
  0.0054
  0.0054
  0.0065
  0.0065
  0.0062
  0.0054
  0.0062
  0.0065
  0.0065
  0.0065
  0.0062
  0.0054
  0.0065
  0.0074
  0.0074
  0.0074
  0.0074
  0.0074
  0.0074
  0.2067
 15.5459
  3.6812
  1.4442
  0.9061
  4.3042
  1.6990
  1.5008
  1.0194
  0.9061
  1.6141
  0.7646
  0.5663
  0.5097
  2.7184
  8.7216
  6.7394
  4.8139
  5.3519
  9.1463
  1.4725
  0.7362
  1.1044
  1.5857
  2.0105
  1.9822
  1.7556
  1.9822
  2.1804
  1.1044
  0.6513
  0.5663
  0.4248
  0.3398
  0.3115
  0.2633
  0.2633
  0.2633
 10.9586
 43.8911
 21.9172
  5.6917
  2.1804
  1.7556
  1.3026
  1.1044
  1.1044
  1.7556
  3.0582
  2.6335
  4.3891
  2.1804
  1.7556
  1.3026
  0.8778
  0.6513
  0.4814
  0.1529
  0.1529
  0.0651
  0.0425
  0.0340
  0.0340
  0.1756
  0.0340
  0.0340
  0.1756
  0.0425
  0.0176
  0.0130
  0.0130
  0.0130
  0.0130
  0.0130
  0.2180
  0.2180
  0.1529
  0.3115
  0.1104
  0.0425
  0.0088
  0.0088
  4.3891
  2.6335
  0.0130
  0.0088
  0.0088
  0.0088
  0.0088
  0.0088
  0.0065
  0.0878
  4.3891
  1.3026
  0.6513
  1.0477
  0.8778
  0.0218
  0.0088
  0.0065
  0.0065
  0.0088
  0.0425
  0.1303
  0.0218
  0.0130
  0.0088
  0.0065
  0.0065
  0.0651
  0.1756
  0.0065
  0.0065
  0.0065
  0.0065
  0.0065
  0.0065
  0.0065
  0.0065
  0.0065
  0.0054
  0.0054
  0.0054
  0.0054
  0.0054
  0.0054
  0.2180
  0.0065
  0.0054
  0.0054
  0.0054
  0.0054
  0.0054
  0.0054
  1.5291
  0.2180
  0.0218
  0.0065
  0.0065
  0.0065
  0.0054
  0.0054
  0.0065
  0.0065
  0.0054
  0.0054
  0.0054
  0.0054
  0.0054
  0.0425
  0.6513
  0.0878
  0.0065
  0.0054
  0.0054
  5.2669
  1.1044
  0.0218
  0.0110
  0.0065
  0.0065
  0.0054
  0.0054
  0.0054
  0.0054
  0.0054
  0.0057
  0.0057
  0.0065
  0.0065
  0.0057
  0.0057
  0.0054
  0.0054
  0.0054
  0.0054
  0.0054
  0.0054
  0.0054
  0.0054
  0.0054
  0.0054
  0.0048
  0.0048
  0.0048
  0.0048
  0.0048
  0.0042
  0.0040
  0.0040
  0.0042
  0.0042
  0.0042
  0.0042
  0.0040
  0.0040
  0.0042
  2.8600
  4.0210
  7.1075
 12.7992
  2.5485
  0.6796
  0.1642
  0.0079
  0.0054
  0.0054
  0.0048
  0.0062
  0.0054
  0.0054
  0.0048
  3.2281
 11.2701
  1.2459
  0.0680
  0.0062
  0.0054
  0.1557
  0.4248
  0.5947
  2.9733
 17.5281
  2.5485
  1.0194
  0.9345
  0.0184
  0.0127
  0.0096
  0.0079
  0.0071
  0.0065
  0.0065
  0.0065
  2.1804
  0.1784
  0.0096
  0.0368
  0.2180
  0.0595
  1.4725
  0.0167
  0.0079
  0.0071
  0.0065
  0.0071
  0.0071
  0.0071
  0.0071
  0.0065
  0.0065
  0.0065
  0.0062
  0.0062
  0.0065
  0.0062
  0.0062
  0.0062
  0.0062
  0.0065
  0.0065
  0.0065
  0.0062
  0.0071
  0.0071
  0.0088
  0.0091
  0.6230
  0.3115
  0.0102
  0.0088
  0.0082
  0.0082
  0.0091
  0.0091
  0.0091
  1.1610
  0.1274
  0.0425
  0.3115
  0.0368
  0.0263
  0.0091
  0.0088
  0.0088
  0.0096
  1.3309
  0.3964
  0.0144
  0.0091
  0.0088
  0.0088
  4.8705
  0.3115
  0.0102
  0.0091
  0.0088
  0.0088
  0.0091
  0.0091
  0.0088
  0.0091
  0.4531
 15.3194
  4.0210
  0.2464
  0.0651
  0.2803
  0.3115
  0.0110
  0.0091
  0.0091
  1.4158
  0.1048
  0.0096
  7.1358
 39.9268
  0.7646
  0.0311
  1.3026
  0.7079
  0.2152
  0.2492
  0.2237
  0.0065
  0.0062
  0.0062
  0.0065
  0.4814
  0.1048
  0.0065
  0.0065
  0.0425
  0.1444
  0.6230
  0.0623
  1.4442
  0.3964
  1.2743
  1.3875
  0.0793
  0.3681
  0.2577
  0.0079
  0.0071
  0.0065
  0.0065
  0.0065
  0.0062
  0.0062
  0.0054
  0.0054
  0.0057
  0.0054
  0.0054
  0.0054
  0.0054
  0.0054
  0.0054
  0.0054
  0.3115
  0.0088
  0.0057
  0.0054
  0.0736
  0.0071
  0.0054
  0.0034
  0.0031
  0.0034
  0.0034
  0.0014
  0.0006
  0.0008
  0.0008
  0.0006
  0.0014
  0.4248
  0.0079
  0.0065
  0.0054
  0.0031
  0.0017
  0.0017
  0.0017
  0.0006
 13.7903
 12.4877
  1.2459
  0.0167
  0.0566
  0.0368
  0.0510
  0.1048
  2.2653
  0.9061
  0.6513
  0.4248
  0.3964
  0.0091
  0.0054
  0.0042
  0.0042
  0.0088
  0.0040
  0.0040
  2.7467
  3.4263
  0.0906
  0.0079
  0.0054
  0.0040
  0.0023
  0.0014
  0.0088
  0.0054
  0.0017
  0.2662
  0.0623
  0.0054
  0.0054
  0.0023
  0.3681
  0.4531
  0.1557
  0.0054
  0.0031
  0.0014
  1.8406
  0.2407
  0.8212
  2.4919
  0.1586
  0.0088
  0.0088
  0.0566
  0.0088
  0.0793
  0.0176
  0.2095
  1.6424
  0.0176
  0.0088
  0.0088
  1.6990
  0.0538
  0.0088
  3.5113
  1.6707
  0.1897
  0.0088
  0.0088
  0.0088
  0.0088
  0.0088
  0.9628
  1.1893
  0.3115
  0.0176
  0.0088
  0.0088
  0.0088
  0.0088
  0.0088
  0.0088
  0.0088
  1.3026
  5.2669
  2.9450
  0.0821
  0.0088
  4.5873
  1.5857
  0.1048
  0.0088
  0.0088
  0.0651
  0.0088
  0.0088
  0.0088
  0.0088
  0.0088
  0.0088
  0.0340
  0.0176
  0.1048
  1.4158
  0.0878
  0.0176
  0.0088
  0.0088
  0.0088
  0.0088
  0.0088
  0.0623
  0.3681
  0.0088
  0.0088
  0.0088
  1.3026
 32.8475
 18.9157
  6.4279
  1.5008
  2.1521
  0.5663
  0.0263
  0.0088
  0.0088
  0.0263
  0.0088
 23.3897
 37.9446
 21.0394
  4.7289
  3.8511
  1.1893
  0.5380
  0.0538
  0.0263
  0.5947
  0.0176
  0.0088
  0.0088
  0.0088
  0.0088
  0.0088
  0.0088
  0.0088
  0.0088
  0.0088
  0.0088
  0.0088
  0.0088
  0.0088
  0.0088
  1.0760
  0.0906
  0.0088
  0.0906
  0.0340
  0.0263
  0.0088
  0.2832
  0.0425
  6.9093
  9.3446
  0.5947
  0.0538
  0.1501
  0.0088
  0.0088
  2.6618
  0.4248
  1.1893
  0.0088
  0.8495
  0.5663
  0.0538
  0.2379
  0.0065
  0.0065
  0.2718
  0.0176
  0.0042
  0.0042
  2.0671
  1.2176
  0.4248
  0.0042
  0.0042
  0.0042
  0.0176
  0.0042
  0.0042
  0.0042
  0.0042
  0.0042
  0.0042
  0.0042
  0.0176
  0.0042
  0.0042
  0.0042
  0.0042
  4.7855
  0.0057
  0.0057
  0.0057
  0.2237
  0.0048
  0.0048
  0.0048
  0.0048
  0.0048
  0.0048
  0.0048
  0.0048
  0.0048
  1.2176
  2.3786
  0.0042
  0.0042
  0.0042
  0.0042
  0.2549
  0.7929
  0.1614
  0.6513
  0.4814
  0.0793
  0.0793
  0.0088
  0.0088
  0.1501
  0.7362
  1.5291
  0.5663
  0.3115
  0.3115
  0.1614
  0.0651
  0.0130
  0.0065
  0.0065
  1.1044
  4.9838
  0.2832
  0.0130
  0.0042
  0.0042
  0.0042
  0.0042
  0.0042
  0.0042
  0.0042
  0.0042
  0.0042
  0.0042
  0.0042
  0.4814
  0.1671
  1.0760
  1.6424
  0.2010
  6.2297
  9.6277
  2.0105
  0.5097
  0.7079
  0.3964
  0.0263
  0.0088
  0.0088
  0.0218
  0.0623
  0.0088
  0.0088
  0.1104
  0.1784
  5.5501
  4.0776
  1.6424
  0.0821
  0.0218
  0.0736
  2.8600
  0.6513
  0.2747
  0.0176
  0.0065
  0.0065
  0.0065
  0.0065
  0.0065
  0.0065
  0.0065
  0.0065
  0.0065
  0.0065
  0.0065
  0.0065
  0.0396
  0.2633
  0.4248
  3.4263
  0.7362
  0.0340
  0.0088
  0.0088
  0.0088
  0.1671
  0.0793
  0.0130
  0.1671
  0.4248
  2.5768
  2.3786
  1.2176
  0.0425
  0.5663
  0.1416
  0.0088
  8.1553
  0.3964
  0.0130
  0.0065
  0.0065
  2.0671
  1.2176
  1.6424
  0.7646
  0.0218
  0.0130
  0.0396
  0.0048
  0.0048
  0.0048
  0.0048
  0.0048
  0.0048
  0.0048
  0.0048
  0.0048
  0.0048
  0.0048
  0.0048
  0.1897
  0.1926
  0.0651
  0.0065
  0.0065
  0.2492
  0.2407
  0.0088
  0.0088
 38.5109
  1.6990
  0.7079
  0.3115
  0.2662
  0.2662
  0.5947
  0.0963
  0.0263
  0.0130
  0.0088
  9.0331
  2.8600
  1.1327
  0.0425
  0.9628
  3.4547
  1.5291
  0.3398
  2.5768
  0.5380
  0.0425
  0.3398
  0.3964
  0.1756
  0.1303
  0.0425
  0.0425
  0.1303
  0.3964
  0.3115
  0.0425
  0.0425
  0.0425
  2.6335
  7.0226
  2.6335
  0.8778
  0.2633
  0.0878
  0.0425
  0.0425
  0.0425
  0.0263
  0.0263
  0.0176
  0.0130
  0.0088
  0.2633
  0.2180
  0.0218
  0.0130
  0.0088
  0.0088
  0.0088
  0.0088
  0.0088
  0.0088
  0.0088
  0.0088
  2.8883
  3.0299
  0.1048
  0.0130
  0.0130
  0.0130
  0.0130
  0.0088
  0.0218
  0.0088
  0.8495
  0.4248
  0.0263
  0.0130
  0.0088
  0.0088
  1.1044
  0.4248
  2.6618
  0.0311
  0.0130
  0.0538
  0.0176
  0.0088
  0.0088
  0.0088
  0.0057
  0.0057
  0.0057
  0.0034
  0.0034
  0.0034
  0.0034
  2.4636
  5.0687
  1.8406
  2.0671
  1.5008
  0.0623
  0.0130
  0.0130
  0.0130
  0.0130
  0.0130
  0.0088
  0.0088
  0.0088
  0.0088
  0.0088
  0.0130
  0.0425
  0.0538
  0.0130
  2.8034
  0.7079
  0.0311
  2.4636
  1.8972
  1.6707
  0.6796
  0.3115
  0.0176
  0.0130
  0.0130
  0.0130
  0.0088
  0.0088
  0.0088
  0.1359
  0.0176
  0.0088
  0.0088
  0.0088
  0.0088
  0.6796
  1.8406
  0.4248
  0.9911
  2.9450
  0.2322
  0.0130
  0.0130
  0.0130
  0.0088
  0.0088
  0.0088
  0.0088
  0.0088
  0.0088
  0.0088
  0.0088
  0.0088
  0.0042
  0.0042
  0.0042
  0.0042
  0.0042
  0.0088
  0.0088
  0.0088
  0.0088
  0.0088
  0.0088
  0.0088
  0.0042
  0.0042
  0.0042
  0.0042
  0.0088
  0.0708
  0.0176
  0.0130
  0.0176
  0.0130
  0.0088
  0.0088
  0.0088
  0.0088
  0.0042
  0.0042
  0.0042
  0.0042
  0.0042
  0.0042
  0.0042
  0.0042
  0.0042
  0.1784
  0.2492
  0.0130
  0.0088
  0.0088
  0.0088
  0.0088
  0.0042
  0.0042
  0.0042
  0.0042
  0.0042
  0.0176
  0.0130
  0.0651
  0.5097
  0.1756
 49.8377
 10.7321
  1.1327
 48.1386
  4.2192
  1.2743
  0.3964
  0.2492
  0.1189
  0.0623
  1.2176
  2.7184
  0.5380
  0.1019
  0.0425
  0.0130
  0.6230
 52.6693
  5.1253
  2.8034
  2.8883
 23.7295
 10.2507
  3.2281
  2.2370
  1.3592
  1.6990
  0.6796
  0.3681
  0.6796
  2.4636
  5.6917
  2.7467
  2.8600
  1.3026
  0.6796
  0.3398
  0.2010
  0.1218
  0.0906
  0.0708
  0.0481
  0.0263
  0.0311
  0.0311
  0.0176
  0.0042
  0.0218
  0.0088
  0.0340
  0.4248
  0.0263
  0.0176
  0.0130
  0.2549
  0.0906
  0.0218
  0.1501
  1.5008
  6.0032
  3.7661
  0.1529
  0.0088
  1.0194
  1.3026
  0.1274
  0.0042
  2.8600
  7.3907
  0.4531
  0.0130
  0.1416
  0.3115
  0.0878
  0.0311
  0.0651
  0.3681
  0.0176
  0.0042
  0.3681
  0.5947
  0.0088
  0.7079
  0.0088
  0.0176
  0.0042
  0.3115
  0.0042
  0.0088
  0.1274
  0.4814
  1.6424
 12.8275
  2.1521
  2.4069
  1.2743
  0.3398
  0.6796
  0.3398
  0.0793
  0.0130
  0.0130
  0.0130
  0.1784
  0.0130
  9.7693
 10.5905
  2.7184
  5.6917
  8.4951
  5.5218
  0.9628
  0.9345
 19.5953
  2.5485
  1.0760
  0.6796
  0.7929
  0.3681
  2.8600
  1.7273
  0.6230
  0.9628
  0.2803
  0.0566
  0.0396
  0.0311
  0.0311
  0.0311
  0.1614
  0.0263
  0.0176
  0.0130
  0.0088
  0.0088
  0.0088
  0.0088
  0.0088
  0.0088
  1.1044
  5.2953
  0.1218
  0.0311
  0.0218
  2.4636
  0.2237
  0.0263
  0.0218
  0.0088
  1.1044
  0.0566
  0.0218
  0.0088
  1.2176
  2.5768
  0.2010
  0.0340
  0.0218
  0.0425
  0.0176
  0.0088
  0.0042
  0.0538
  0.1416
  0.0130
  0.3681
  0.2095
  0.6230
  4.3042
  5.5218
  0.1218
  0.0088
  0.1897
  0.4248
  0.1104
  0.0130
  2.2370
  0.3681
  0.1048
  0.0176
  0.0088
  0.4531
  3.8511
  0.5947
  0.0130
  0.0088
  0.0708
  0.0311
  6.1448
  0.9061
  0.0708
  0.0130
  0.0088
  0.2152
  0.3115
  0.0130
  0.0088
  0.0088
  0.0130
  0.0088
  0.0088
  0.0088
  0.0425
  0.0088
  0.0088
  0.0538
  0.0263
  0.0088
  0.1019
  0.0088
  0.0088
  0.0088
  0.0088
  0.0042
  0.0042
  0.0042
  0.0042
  0.0042
  0.0042
  0.0176
  0.0088
  0.0042
  0.0088
  0.0088
  0.0042
  0.0042
  0.0088
  0.0042
  0.0042
  0.0042
  0.2379
  0.0340
  0.3115
  0.0793
  2.1521
  1.3592
  0.6796
  0.1274
  2.9733
  0.9911
  0.7362
  0.0821
  3.1432
 12.3461
 22.2004
  4.4741
  0.5097
  0.0218
  0.0425
  0.0793
  0.7362
  1.2176
  0.0218
  7.9854
  0.4531
  0.7362
  0.5097
  0.5663
  0.7929
  0.1274
  0.0566
  0.5380
  3.8511
  0.4248
  1.1610
  1.9255
  7.9287
  1.1327
  9.7693
  1.1044
  0.5663
  0.3115
  0.0263
  0.4814
  0.0396
  0.9345
  1.8406
  2.1804
  0.0218
  0.0176
  0.1501
 13.8469
 20.3315
 11.3834
  5.7483
  2.7467
  2.5485
 10.1941
  5.7483
  3.5396
  3.4263
  2.9450
  4.1626
  2.5768
  2.2653
  2.4636
  0.8778
  0.2095
  0.0042
 10.1941
 13.3656
  3.3414
  1.0194
  0.3115
  0.1359
  0.1019
  0.2407
  0.0566
  0.0566
  0.2379
  0.0425
  2.5768
  0.0736
  0.1671
  0.2464
  0.0042
  0.0425
  2.9733
  2.5485
  0.4248
  0.0130
  1.3026
  0.1359
  0.5663
  0.1529
  0.8778
  0.0793
  0.3115
  0.0623
  3.5396
  0.8778
  0.0481
  0.0218
  1.4725
  0.3115
  0.4814
  2.0671
  1.2743
  0.2832
  0.3681
  0.0425
  0.0311
  0.2832
  0.2464
  0.0340
  3.3414
  2.9450
  4.6440
  3.6246
  0.4814
  0.8495
  0.0736
  0.0481
  0.0425
  0.0396
  0.0218
  0.0088
  0.0088
  0.0088
  0.0088
  2.2370
  0.2718
  0.0538
  0.0396
  0.0130
  0.0042
  0.3398
  5.8333
  0.1048
  0.0538
  5.5501
  0.5380
  0.2492
  0.0623
  0.3115
  0.1104
  0.0623
  0.0538
  0.0481
  0.0481
  0.0736
  0.0623
  8.1836
  4.1059
  0.4531
  0.0736
  0.0623
  0.0566
  1.2743
  0.1359
  0.0538
  0.0396
  2.1521
  0.6513
  0.0623
  0.0538
  0.0340
  0.0263
  0.0218
  0.0218
  0.0218
  0.0176
  0.0176
  0.0130
  0.0088
  0.0042
  0.0878
  0.0623
  0.0481
  2.4069
 10.7887
  0.5097
  0.0708
  0.4814
  0.4248
  0.3964
  0.3681
  0.3115
  0.2747
  0.2747
  0.2577
  0.2407
  0.2407
  1.1327
  0.8495
  0.3964
  0.3681
  0.3398
  0.2747
  0.2237
  0.2152
  0.2152
  0.2152
  0.2407
  0.5380
  2.3786
  7.1925
  0.5097
  0.3115
  0.5097
  0.2067
  0.1926
  0.2237
  0.7079
  0.3398
  0.2067
  0.1926
  0.1841
  0.1756
  0.1671
  0.1586
  0.1586
  0.1444
  0.1444
  0.1444
  0.1586
  0.1756
  0.1841
  1.3592
 70.2258
  8.7499
  4.3891
  3.0582
  2.1804
  1.7556
  1.5291
  0.8778
  0.3398
  0.3398
  0.3398
  0.4248
  0.9628
  0.2633
  0.2407
  0.1756
  0.1756
  0.1756
  0.1756
  0.1756
  0.0566
  0.0566
  0.0566
  0.0566
  0.0566
  0.0566
  0.0566
  0.0566
  0.0566
  0.0566
  0.0566
  0.0566
  0.0566
  0.0566
  0.0566
  0.2832
  0.2832
  0.2832
  0.2832
  0.2832
  0.1529
  0.1529
  0.1529
  0.1529
  0.1529
  1.4158
  0.4814
  0.5947
  0.4814
  2.3786
  1.0194
  0.0425
  0.0176
  0.0088
  0.0042
  0.7362
  0.3964
  0.8778
  0.7362
  0.0218
  0.0088
  0.0088
  0.0425
  0.2379
  3.5113
  0.6230
  0.0176
  0.0176
  4.6440
  0.5380
  0.0176
  0.0088
  0.0130
  0.2832
  0.7362
  0.6796
  1.1044
  4.1626
  4.4741
  0.9628
  0.0963
  0.1019
  0.2464
  0.0623
  0.0396
  0.0176
  0.0042
  0.0176
  0.0088
  0.0396
  0.0176
  4.5590
  0.9911
  0.3398
  0.2237
  0.2067
  0.1274
  0.0623
  0.6513
  0.1926
  0.1218
  0.0396
  0.0176
  0.0736
  4.5873
  2.0105
 13.5921
  8.4951
  1.2176
  0.7362
  0.1019
  0.1501
  5.7483
 13.9602
  2.8883
  4.0776
  2.0105
 14.0735
 45.8733
  9.9109
  4.4741
  3.4263
  3.8228
  4.7006
  5.0404
  3.1998
  2.1804
  1.3026
  6.5412
  2.3220
  0.9061
  0.7362
  0.6230
  0.3398
  0.1444
  1.0477
  1.3309
  5.0404
  2.1521
  2.3786
  1.5291
  1.3026
  0.8778
  0.2180
  0.0176
  0.0176
  0.7362
  8.3535
  0.9911
  0.3115
  0.1303
  0.0396
  0.0566
  0.0425
  0.0566
  0.0623
  0.0088
  0.0042
  0.0042
  0.0042
  0.0042
  0.0176
  0.0176
  0.0176
  0.0176
  0.0176
  0.0963
  0.0176
  0.0088
  0.0042
  0.0042
  0.0176
  0.0425
  1.1893
  6.7111
  3.7661
  2.4636
  1.0477
  0.1982
  0.0176
  0.2180
  0.1926
  0.0340
  1.0194
  0.6513
  0.3964
  0.3964
  0.0396
  0.0042
  1.4442
  1.3309
  0.8212
  0.4814
  0.1586
  0.1756
  0.2747
  0.1926
  0.1614
  0.3115
  1.6707
  0.7929
  2.2370
  0.2265
  0.0396
109.5862
 43.8911
 39.3604
 70.2258
 30.5822
 17.5281
 13.1390
  8.7499
  6.1448
  5.2669
  4.8139
  4.3891
  3.9360
  4.3891
  3.7095
  3.4263
  3.2281
  2.9733
  3.0582
  2.6335
  2.4636
  2.2653
  2.1804
  2.2653
  3.0582
  2.3786
  2.4636
  5.6917
  5.4652
  2.6335
  2.3786
  2.1804
  1.9822
  1.8406
  1.6707
  0.7079
  0.1359
  0.1218
  0.1133
  0.1048
  0.0963
  0.0878
  0.0793
  0.0708
  0.0623
  0.0566
  0.0566
  7.0226
 13.1390
 28.6000
 15.3194
 11.3834
  6.1448
  5.2669
  4.3891
  3.9360
  3.5113
  3.1432
 11.7515
  3.6812
  3.4263
  3.1432
  1.8406
  0.8212
  0.3115
  0.6230
  0.6230
  0.5663
  0.5097
  0.1274
  0.1048
  0.0906
  0.0878
  0.0821
  0.1303
  2.0954
  0.3681
  0.1189
  0.0736
  0.0623
  0.0566
  0.0538
  0.0538
  0.0538
  0.0538
  0.0538
  0.0538
  0.0481
  0.0425
  0.0425
  0.0425
  0.0425
  0.0425
  0.0425
  0.0425
  0.0481
  0.0481
  0.0481
  0.0425
  0.0425
  0.0425
  0.0425
  0.0425
  0.0425
  0.0425
  0.0340
  0.0340
  0.0263
  0.0263
  0.0263
  0.0263
  0.0218
  0.0218
  0.0218
  0.0218
  0.0218
  0.0218
  0.0218
  0.0218
  0.0218
  0.0218
  0.0218
  0.0218
  0.0218
  0.0218
  0.0218
  0.0218
  0.0176
  0.0176
  0.0176
  0.0176
  0.0176
  0.0176
  0.0176
  0.0130
  0.0130
  0.0130
  0.0130
  0.0176
  0.0176
  0.0130
  0.0130
  0.0130
  0.0130
  0.0130
  0.0130
  0.0130
  0.0130
  0.0130
  0.0130
  0.0088
  0.0130
  0.0176
  0.0130
  0.0130
  0.0088
  0.0088
  0.0088
  0.0088
  0.0088
  0.0088
  0.4248
  0.2322
  0.1019
  0.1218
  0.3964
  0.3681
  0.3681
  0.0130
  0.0042
  0.0042
  0.1218
  0.7929
  0.7929
  6.9093
 19.7652
  1.5574
  1.1893
  1.2743
  0.3115
  0.0176
  0.0088
  1.3309
  0.6796
  0.1982
  0.3115
  0.0651
  0.0340
  0.0088
  0.0042
  0.0042
  0.5663
  0.6513
  0.1359
  0.0088
  0.0042
  0.4248
  0.0176
  0.0218
  0.9061
  3.1149
  0.9911
  0.0425
  0.3398
  0.2010
  0.0130
  0.5947
  1.5574
  0.0736
  0.0042
  0.3681
  0.4814
 10.7887
 64.8456
  9.2879
  3.3414
  2.0105
  1.6424
  1.5008
  1.2743
  1.1327
  2.0954
  0.7079
  0.4531
  0.1614
  0.1019
  0.2407
  0.4814
  0.3398
  0.6796
  0.3115
  0.2718
  0.3681
  0.7929
  1.7556
  0.6796
  0.0708
  0.0481
  0.0481
  0.0538
  0.2237
  0.1982
  1.7840
  5.8333
  2.4069
  0.2633
  0.1104
  4.4174
  6.0032
  2.0105
  0.9628
  2.4636
  0.9061
  0.1359
  6.3147
  2.1804
  1.4442
  1.1893
  1.5857
  0.2407
  0.1104
  0.0963
  0.3681
  0.1274
  0.0963
  0.0878
  0.0878
  0.0878
  0.0963
  0.0878
  0.1982
  2.3220
  5.0404
  1.4158
  2.6335
  1.9255
  0.5380
  0.0623
  0.0708
  0.0623
  0.0623
  0.0623
  0.0623
  0.0623
  0.0538
  0.0538
  0.0538
  0.0538
  0.0623
  0.0623
  0.0623
  0.7929
  0.4248
  0.0481
  0.4814
  1.4442
  1.3026
  1.3026
  1.0760
  0.5663
  0.0481
  1.7840
  1.3309
  2.1521
  2.0105
  0.5380
  0.2718
  0.0263
  0.0176
  0.0311
  1.6141
  0.3681
  0.0218
  0.0176
  0.0130
  0.1359
  0.2407
  0.0263
  0.0218
  0.0176
  0.0176
  0.0176
  0.0176
  0.0176
  0.0176
  0.0176
  0.0218
  5.5218
  5.1820
  1.2176
  0.3964
  0.4531
  0.0396
  0.0176
  0.0176
  0.0176
  0.0176
  0.0176
  0.6796
  1.5857
  0.3398
  0.0218
  0.0130
  0.0130
  0.0176
  0.0218
  0.0263
  0.0263
  0.0263
  0.0263
  0.0311
  0.0311
  0.0311
  0.0311
  0.0311
  0.0311
  0.0311
  0.0340
  0.0340
  0.0311
  0.0311
  0.0311
  0.0311
  0.0311
  0.0263
  0.0263
  0.0311
  0.0311
  0.0311
  0.7362
  0.1614
  0.0218
  0.0088
  0.0088
  0.0088
  0.0088
  0.0130
  0.0130
  0.0130
  0.0176
  0.0218
  0.1416
  0.0906
  0.1926
  0.7929
  0.1189
  0.0176
  0.0130
  0.0130
  0.0130
  0.0130
  0.0130
  0.0130
  0.0130
  0.0130
  0.0176
  0.0130
  0.0130
  0.0130
  0.0176
  0.0176
  0.0218
  0.0218
  0.0176
  0.0218
  0.0425
  0.0311
  0.0130
  0.0130
  0.0130
  0.0130
  0.0130
  0.0623
  0.0130
  0.0130
  0.0130
  0.0130
  0.0088
  0.0088
  2.6618
  1.5857
  0.6796
  2.1804
  0.5947
  0.1218
  0.0130
  0.0130
  0.0088
  0.0088
  0.0130
  0.0130
  0.0130
  0.0130
  0.0130
  0.0088
  0.0088
  0.0088
  2.5768
  0.5663
  0.0130
  0.8212
  0.0708
  0.0176
  0.0130
  0.0130
  0.0130
  0.0130
  0.0130
  0.0130
  0.0130
  0.0176
  0.0218
  0.0176
  0.0176
  0.0130
  0.0088
  0.0130
  0.0088
  0.0088
  0.0088
  0.0130
  0.0176
  1.7840
  0.5380
  0.1189
  0.0088
  0.0088
  0.0042
  0.0042
  0.0042
  0.0042
  0.0042
  0.0088
  0.8212
  0.4531
  0.1416
  0.0088
  0.0088
  1.6707
  0.0481
  0.0042
  0.0821
  0.1699
  0.2549
  0.1529
  1.7556
  0.8778
  0.1133
  0.1614
  1.3026
  3.5113
  0.4248
  0.1614
  0.1189
  0.1189
  0.1189
  0.1189
  0.1104
  0.0708
  0.0538
  0.1218
 23.6446
  1.9255
  0.6513
  0.0963
  0.0340
 34.8297
 47.8555
  9.2030
  3.7095
  2.3220
  1.5857
  7.1075
  5.2103
  3.0582
  1.8406
  1.5291
  1.6707
  0.8212
  0.4248
  0.1756
  0.0878
  0.0425
  0.4248
  4.8139
  1.5291
  0.4248
  1.8972
  3.3697
  1.6707
  8.7499
  3.5113
  1.3026
  1.0477
  1.3026
  0.6513
  0.2180
  0.0176
  1.3309
  1.3875
  0.4531
  0.9061
  0.1303
  0.5947
  1.7840
  0.7079
  0.0176
  0.7362
  0.0340
  0.0538
  0.0176
  1.2743
  0.2549
  0.3398
  2.4069
  0.0878
  0.4248
  5.4652
  3.4263
  9.2030
 13.0541
  4.0210
  0.1671
  0.0263
  0.0218
  0.0218
  6.7960
 32.8475
 17.1317
 32.8475
  7.2208
  2.3220
  0.3681
  0.2067
 17.7547
  3.3697
  0.2803
  0.3115
  2.0105
  0.8212
  0.0088
  0.2718
  1.0760
  0.0042
  6.5412
  4.0210
  0.0538
  0.0088
  0.3681
  0.0042
  0.0042
  0.0042
  0.0042
  0.0042
  0.0042
  0.0042
  0.0042
  1.6707
  0.6230
  0.0042
  5.8333
  1.3026
  0.2832
  0.3115
  0.0538
  0.0042
  0.0042
  0.0042
  0.0042
  0.0042
  0.0042
  0.0042
  0.0042
  0.0042
  0.0042
  0.0042
  0.0042
  0.0042
  0.0042
  0.2832
  0.0130
  0.0042
  0.0042
  0.0042
  0.0042
  0.0042
  0.0042
  0.0042
  0.3681
  0.0481
  0.0042
  0.0042
  0.0042
  0.0042
  0.0042
  0.0042
  0.0042
  0.0042
  0.0042
  0.0042
  0.0042
  4.1059
  1.0760
  0.7079
  0.0130
  0.1416
  3.0299
  7.9287
 13.3656
  1.7273
  2.8883
  0.1529
  0.0396
  2.8600
  1.0760
  3.4547
  4.2192
  0.2832
  0.0708
  2.3220
  8.2685
  0.9628
  0.0340
  4.7006
  0.3115
  0.0088
  0.3115
  0.3681
  0.1303
  5.5501
  1.1610
  0.0538
  0.4814
  5.3519
  6.5412
  0.1784
  0.0651
  1.3592
  0.0042
  0.0042
  1.5857
  8.3535
  4.5873
  0.9628
  3.8511
  0.0538
  0.0340
  0.5380
  3.7661
  0.4531
  0.8212
  0.1529
  0.1048
  5.3802
  0.5097
  0.6230
  0.0176
  0.6230
  0.2067
  0.6230
  1.5008
  1.3875
  1.5008
  0.0218
  2.6335
  2.6335
  0.2067
  0.2067
 11.1285
  1.7840
  0.0708
  0.5663
  1.7556
  0.0651
  0.2803
  0.0651
  0.0340
  0.3115
  4.4174
  0.6796
  0.2322
  2.9450
  0.4531
  0.0263
  0.0311
