  0.0623
  0.0878
  0.0651
  0.0453
  0.0340
  0.0311
  0.0263
  0.0263
  0.0263
  0.0263
  0.3681
  0.4814
  0.2549
  0.0963
  0.2464
  0.3115
  0.4531
  0.1303
  0.0793
  0.0623
  0.0453
  0.0340
  0.0340
  0.0311
  0.0311
  0.0263
  0.0263
  0.0453
  0.1019
  0.0623
  0.0623
  0.0651
  0.0623
  0.0651
  0.2379
  0.1274
  0.0793
  0.0453
  0.0340
  0.0311
  0.0396
  0.0481
  0.0538
  0.1133
  0.0793
  0.0453
  0.0396
  0.2464
  0.1614
  0.0963
  0.5663
  0.7646
  0.3681
  0.2803
  0.4531
  0.3681
  0.5380
  0.2095
  0.1699
  0.1359
  0.1019
  0.0793
  0.0651
  0.0566
  0.0736
  0.1104
  0.0934
  0.0793
  0.4531
  0.2832
  0.4814
  0.4814
  0.4814
  0.5947
  0.2549
  0.1303
  0.2152
  1.2176
  0.2803
  0.1614
  0.1218
  0.1019
  0.1133
  0.0963
  0.0963
  0.1699
  0.1444
  0.3115
  0.1218
  0.0878
  0.0793
  0.1416
  0.2265
  0.2265
  0.2265
  0.2265
  0.2265
  0.2265
  0.2265
  0.2265
  0.2265
  0.2265
  0.2265
  0.2265
  0.0963
  0.0963
  0.0963
  0.0963
  0.0963
  0.0963
  0.0963
  0.0963
  0.0963
  0.0963
  0.0963
  0.0963
  0.0963
  0.0963
  0.0963
  0.0963
  0.0963
  0.0963
  0.0963
  0.0963
  0.0963
  0.0963
  0.0963
  0.0963
  0.0963
  0.0878
  0.0623
  0.0623
  0.0623
  0.0623
  0.0623
  0.0623
  0.0623
  0.0340
  0.0340
  0.0340
  0.0340
  0.0340
  0.0340
  0.0340
  0.0340
  0.0340
  0.0340
  0.0340
  0.0340
  0.0263
  0.0340
  0.0453
  0.0538
  0.0453
  0.0340
  0.0453
  0.0396
  0.0340
  0.0263
  0.0263
  0.0263
  0.0263
  0.0263
  0.0263
  0.1048
  0.5097
  0.1274
  0.0538
  0.0340
  0.0263
  0.0340
  0.0263
  0.0218
  0.0176
  0.0176
  0.0130
  0.0130
  0.0130
  0.0130
  0.0130
  0.0218
  0.0481
  0.0453
  0.0263
  0.0311
  0.1784
  0.2832
  0.1444
  0.0623
  0.0311
  0.0708
  0.0793
  0.0453
  0.0340
  0.0218
  0.0176
  0.0130
  0.0130
  0.0088
  0.0130
  0.1529
  0.0878
  0.0340
  0.5380
  0.1303
  0.0623
  0.0623
  0.0453
  0.0263
  0.0218
  0.0263
  0.1303
  0.1359
  0.0793
  0.0453
  0.1019
  0.1303
  0.0878
  0.3964
  0.1303
  0.0708
  0.0481
  0.0340
  0.0263
  0.0453
  0.1671
  0.2237
  0.0878
  0.0453
  0.0263
  0.0218
  0.0176
  0.0176
  0.0218
  0.0218
  0.0176
  0.0176
  0.0176
  0.0176
  0.0481
  0.0708
  0.2492
  0.0878
  0.0396
  0.0218
  0.0176
  0.0130
  0.0130
  0.0130
  0.0130
  0.0130
  0.0130
  0.0130
  0.0130
  0.0130
  0.0130
  0.0088
  0.0088
  0.0088
  0.0088
  0.0130
  0.0176
  0.0340
  0.0340
  0.0218
  0.0176
  0.2379
  0.1982
  0.0878
  0.0538
  0.0311
  0.0263
  0.0878
  0.0793
  0.1671
  0.0453
  0.0453
  0.0538
  0.0453
  0.0481
  0.1756
  0.2407
  0.3398
  0.1614
  0.1048
  0.0708
  0.0963
  0.0736
  0.1019
  0.1274
  0.0736
  0.0623
  0.0651
  0.0566
  0.5947
  0.2718
  0.1133
  0.0793
  0.0623
  0.1104
  0.0793
  0.0538
  0.0453
  0.0340
  0.0311
  0.0263
  0.0263
  0.0263
  0.0623
  0.2237
  0.2577
  0.1501
  0.1218
  0.1841
  0.1359
  0.0963
  0.0623
  0.0481
  0.0396
  0.0340
  0.0263
  0.0263
  0.0311
  0.0263
  0.0263
  0.0263
  0.0263
  0.2067
  0.9628
  0.3398
  0.5947
  0.2832
  0.1189
  0.0793
  0.0623
  0.0538
  0.0453
  0.0396
  0.0340
  0.0340
  0.0538
  0.0453
  0.0340
  0.0311
  0.0311
  0.0340
  0.0311
  0.0311
  0.0263
  0.0263
  0.0340
  0.0263
  0.0263
  0.0218
  0.0218
  0.0263
  0.0736
  0.0708
  0.0340
  0.0263
  0.0218
  0.0218
  0.0176
  0.0176
  0.0176
  0.0176
  0.0218
  0.0218
  0.0218
  0.0218
  0.0218
  0.0218
  0.0218
  0.0176
  0.0176
  0.0623
  0.0481
  0.0263
  0.0218
  0.0263
  0.0453
  0.0311
  0.0218
  0.0176
  0.0130
  0.0130
  0.0130
  0.0130
  0.0130
  0.0130
  0.0088
  0.0130
  0.0176
  0.0130
  0.0130
  0.0130
  0.0130
  0.0088
  0.0088
  0.0088
  0.0088
  0.0088
  0.0088
  0.0088
  0.0088
  0.0481
  0.0793
  0.1897
  0.0821
  0.0311
  0.0218
  0.0176
  0.0130
  0.0130
  0.0340
  0.0263
  0.0566
  0.0481
  0.0218
  0.0176
  0.0130
  0.0130
  0.1218
  0.1699
  0.0453
  0.0263
  0.0176
  0.0821
  0.2322
  0.1841
  0.4531
  0.2464
  0.1926
  0.1019
  0.1444
  0.1189
  0.1218
  0.1104
  3.6246
  1.0477
  0.1756
  0.2152
  0.2010
  0.1218
  0.1897
  0.1501
  0.2662
  0.1133
  0.0708
  0.0651
  0.1416
  0.1416
  0.0793
  0.0481
  0.0340
  0.0311
  0.0340
  0.0340
  2.0671
  0.6513
  0.3398
  0.2633
  0.2180
  0.1784
  0.1586
  0.1444
  0.1303
  0.1218
  0.1133
  0.1133
  0.1104
  0.1048
  0.1671
  0.1189
  0.1048
  0.3681
  0.2067
  0.2010
  0.2067
  0.1104
  0.0878
  0.0736
  0.9061
  0.3398
  0.1784
  0.2067
  0.1359
  0.1359
  0.1359
  0.1303
  0.1274
  0.0963
  0.0793
  0.0736
  0.0651
  0.0623
  0.0566
  0.0538
  0.0481
  0.0453
  0.0453
  0.0453
  0.0396
  0.0340
  0.0340
  0.0340
  0.0340
  0.0340
  0.0340
  0.0340
  0.0453
  0.0651
  0.1784
  0.1586
  0.5097
  0.1586
  0.0878
  0.0878
  0.5947
  0.3398
  0.1218
  0.0793
  0.0566
  0.0566
  0.0481
  0.0453
  0.0340
  0.0340
  0.0340
  0.0263
  0.0263
  0.0263
  0.0263
  0.0263
  0.0263
  0.0340
  0.0340
  0.0263
  0.0311
  0.0453
  0.0453
  0.0340
  0.0311
  0.0263
  0.0218
  0.0218
  0.0218
  0.0218
  0.0218
  0.0263
  0.0396
  0.0263
  0.0263
  0.0263
  0.0340
  0.0396
  0.0263
  0.0218
  0.0218
  0.0176
  0.0176
  0.0176
  0.0176
  0.0130
  0.0130
  0.0176
  0.0176
  0.0538
  0.0878
  0.2549
  0.1019
  0.4248
  0.0566
  0.0566
  0.0566
  0.0566
  0.0566
  0.0566
  0.0566
  0.0566
  0.0218
  0.0218
  0.0218
  0.0218
  0.0218
  0.0218
  0.0708
  0.0708
  0.0708
  0.0708
  0.0708
  0.0708
  0.0708
  0.0708
  0.0708
  0.0708
  0.0708
  0.0708
  0.0708
  0.0708
  0.0708
  0.0708
  0.0708
  0.0708
  0.0176
  0.0176
  0.0176
  0.0176
  0.0176
  0.0176
  0.0176
  0.0176
  0.0176
  0.0176
  0.0176
  0.0176
  0.0176
  0.0176
  0.0176
  0.0176
  0.0176
  0.0176
  0.0176
  0.0176
  0.0176
  0.1303
  0.1303
  0.1303
  0.1303
  0.1303
  0.1303
  0.1303
  0.1303
  0.1303
  0.1303
  0.1303
  0.1303
  0.1303
  0.1303
  0.1303
  0.1303
  0.0736
  0.0878
  0.1048
  0.0878
  0.2775
  1.4158
  0.2464
  0.1359
  0.1048
  0.0878
  0.0708
  0.0566
  0.1189
  1.0477
  0.7079
  0.7079
  0.7079
  0.7079
  0.7079
  0.7079
  0.7079
  0.7079
  0.7079
  0.7079
  0.7079
  0.7079
  0.7079
  0.7079
  0.7079
  0.7079
  0.1104
  0.1104
  0.1104
  0.1104
  0.1104
  0.1104
  0.0963
  0.1048
  0.0821
  0.0736
  0.0708
  0.0708
  0.2775
  0.4531
  0.3115
  0.1529
  0.1048
  0.0963
  0.1586
  0.2095
  0.1218
  0.3398
  0.2775
  0.3398
  0.3115
  0.2379
  0.1982
  0.3398
  0.1444
  0.1048
  0.0878
  0.0736
  0.0623
  0.0538
  0.0538
  0.0481
  0.0481
  0.0453
  0.0453
  0.0623
  0.0538
  0.0538
  0.0396
  0.0340
  0.0396
  0.0396
  0.0340
  0.0263
  0.0311
  0.0263
  0.0263
  0.0263
  0.0218
  0.0218
  0.0218
  0.0340
  0.2577
  0.1133
  0.4248
  0.3964
  0.3681
  0.1784
  0.0878
  0.0538
  0.0453
  0.0340
  0.0311
  0.0263
  0.0311
  0.0453
  0.6796
  0.6796
  0.7362
  0.3398
  0.2322
  0.3964
  0.2718
  0.1359
  0.1218
  0.2237
  0.1303
  1.0477
  0.4814
  0.2633
  0.1699
  0.1303
  0.1048
  0.0878
  0.0821
  0.0793
  0.0736
  0.0793
  0.0736
  0.0793
  0.0708
  0.0623
  0.0538
  0.0481
  0.0481
  0.0934
  0.4814
  0.2633
  0.2492
  0.1529
  0.0878
  0.0623
  0.0538
  0.0736
  0.0821
  0.0566
  0.0453
  0.0396
  0.0453
  0.0538
  0.0396
  0.0340
  0.0263
  0.0263
  0.0396
  0.2237
  0.0878
  0.0566
  0.0538
  0.0538
  0.0481
  0.0453
  0.0340
  0.0263
  0.0218
  0.0218
  0.0218
  0.0218
  0.0218
  0.0176
  0.0176
  0.0176
  0.0176
  0.0176
  0.0176
  0.0176
  0.0176
  0.0130
  0.0130
  0.0176
  0.0176
  0.0176
  0.0176
  0.0130
  0.0176
  0.0218
  0.0263
  0.0340
  0.0453
  0.6513
  0.3681
  0.3398
  0.3964
  0.2549
  2.5485
  1.7556
  0.6230
  0.6230
  0.6230
  0.6230
  0.6230
  0.6230
  0.6230
  0.6230
  0.2180
  0.2180
  0.2180
  0.2180
  0.2180
  0.2180
  0.2180
  0.2180
  0.2180
  0.2180
  0.2180
  0.2180
  0.2180
  0.1303
  0.1529
  0.2152
  0.1982
  0.1444
  0.1133
  0.0963
  0.0793
  0.0736
  0.0793
  0.0821
  0.1359
  0.1104
  0.1133
  0.2379
  0.1218
  0.0878
  0.0736
  0.0651
  0.1189
  0.1218
  0.0878
  0.0708
  0.0623
  0.0538
  0.0538
  0.0481
  0.0453
  0.0453
  0.0481
  0.0481
  0.0538
  0.0481
  0.0396
  0.0340
  0.0340
  0.0623
  0.0566
  0.0481
  0.0453
  0.0396
  0.0340
  0.0340
  0.0311
  0.0263
  0.0263
  0.0263
  0.0708
  0.0651
  0.0453
  0.0538
  0.1529
  0.0934
  0.0566
  0.0453
  0.0340
  0.0340
  0.0263
  0.0263
  0.0263
  0.0538
  0.1048
  0.2633
  0.2718
  0.0878
  0.0425
  0.0311
  0.0218
  0.0218
  0.0623
  0.0878
  0.0425
  0.0340
  0.0311
  0.0340
  0.0340
  0.1359
  0.2662
  0.1416
  0.0736
  0.0425
  0.0340
  0.0340
  0.1444
  0.1048
  0.0623
  0.0425
  0.1048
  0.6230
  0.4531
  0.2662
  0.2718
  0.1133
  0.0651
  0.0538
  0.0538
  0.0396
  0.0340
  0.7079
  0.1756
  0.0878
  0.0538
  0.0396
  0.0311
  0.0263
  0.0218
  0.0218
  0.0218
  0.0218
  0.0176
  0.0176
  0.0218
  0.0218
  0.0263
  0.0218
  0.0263
  0.0340
  0.0340
  0.0263
  0.1784
  0.4814
  0.2180
  0.1274
  0.1274
  0.0566
  0.0340
  0.0263
  0.0218
  0.0176
  0.0176
  0.0176
  0.0176
  0.0176
  0.0176
  0.0263
  0.0453
  0.0340
  0.1189
  0.2322
  0.0708
  0.0340
  0.0263
  0.0176
  0.0176
  0.0263
  0.0218
  0.0176
  0.0176
  0.0130
  0.0176
  0.0538
  0.0396
  0.0311
  0.0218
  0.0176
  0.0176
  0.1529
  0.0623
  0.0340
  0.0263
  0.0263
  0.1048
  0.0481
  0.0311
  0.0218
  0.3964
  0.2095
  0.0736
  0.0453
  0.0311
  0.0263
  0.0218
  0.0263
  0.0263
  0.0218
  0.0176
  0.0176
  0.0396
  0.0708
  0.0311
  0.0218
  0.0176
  0.0130
  0.0130
  0.0130
  0.0130
  0.0130
  0.0130
  0.0130
  0.0130
  0.0130
  0.0130
  0.0088
  0.0088
  0.0088
  0.0088
  0.0088
  0.0088
  0.0088
  0.0088
  0.0088
  0.0088
  0.0088
  0.0130
  0.0176
  0.0453
  0.4814
  0.1104
  0.0396
  0.0218
  0.0176
  0.0130
  0.0130
  0.0130
  0.0130
  0.0130
  0.0130
  0.0566
  0.0311
  0.0218
  0.0176
  0.0708
  0.0453
  1.2176
  0.2718
  0.0934
  0.0481
  0.0963
  0.1019
  0.0481
  0.0453
  0.3681
  0.1671
  0.0821
  0.0538
  0.0340
  0.0263
  0.0218
  0.0176
  0.0176
  0.0176
  0.0176
  0.0263
  0.0263
  0.0218
  0.0176
  0.0130
  0.0130
  0.0130
  0.0130
  0.0130
  0.0130
  0.0130
  0.0130
  0.0130
  0.0130
  0.0130
  0.0130
  0.0130
  0.0130
  0.0396
  0.1303
  0.1019
  0.2067
  0.1529
  0.1133
  0.0651
  0.3398
  0.3681
  0.1416
  0.0963
  0.0708
  0.0453
  0.0263
  0.0218
  0.0176
  0.0176
  0.0176
  0.0340
  0.0736
  0.0453
  0.0263
  0.0218
  0.0176
  0.0176
  0.0130
  0.0130
  0.0130
  0.0130
  0.0130
  0.0130
  0.0130
  0.0130
  0.0263
  0.0396
  0.0218
  0.0176
  0.0263
  0.1019
  0.0340
  0.0218
  0.0396
  0.0340
  0.0708
  0.0821
  0.1019
  0.5947
  0.1218
  0.0538
  0.0453
  0.0263
  0.0218
  0.0651
  0.0453
  0.0311
  0.0340
  0.1048
  0.0793
  0.0481
  0.0340
  0.0263
  0.0218
  0.1104
  0.0453
  0.0263
  0.0218
  0.0566
  0.0340
  0.0340
  0.0218
  0.0176
  0.0218
  0.4248
  0.2803
  0.4814
  0.2265
  0.1019
  0.0708
  0.1189
  0.1133
  0.1218
  0.1218
  0.1048
  0.0963
  0.0878
  0.0821
  0.0793
  0.0793
  0.0821
  0.0821
  0.0821
  0.0736
  0.0708
  0.0708
  0.0651
  0.0651
  0.0651
  0.1501
  0.2010
  0.0878
  0.0708
  0.0651
  0.0623
  0.0623
  0.0623
  0.0878
  0.3115
  0.2832
  0.2152
  0.1133
  0.2265
  0.1444
  1.0194
  0.1699
  0.3115
  0.1529
  0.3115
  0.1926
  0.1104
  0.0821
  0.0708
  0.0651
  0.0623
  0.0708
  0.0708
  0.0623
  0.0736
  0.1104
  0.5663
  0.4531
  0.1841
  0.0963
  0.0736
  0.0651
  0.0708
  0.0651
  0.0566
  0.0538
  0.0538
  0.0538
  0.0481
  0.0453
  0.0453
  0.1133
  0.1529
  0.2095
  0.2803
  0.1359
  0.1756
  0.0963
  0.0651
  0.0538
  0.0538
  0.0481
  0.0453
  0.0453
  0.0396
  0.0396
  0.0396
  0.0396
  0.0340
  0.0340
  0.0311
  0.0311
  0.0538
  0.0878
  0.0736
  0.0708
  0.0566
  0.0453
  0.0396
  0.2832
  0.6230
  0.7929
  0.6513
  0.7079
  0.2237
  0.1048
  0.0793
  0.0651
  0.0651
  0.0708
  0.0708
  0.0736
  0.0934
  0.9911
  0.2095
  0.1133
  0.4248
  0.3681
  0.3115
  0.1274
  0.1274
  0.3681
  0.3398
  0.2832
  0.1699
  0.0963
  0.0793
  0.0793
  0.9345
  0.9345
  0.4248
  0.2464
  0.1501
  0.1218
  0.0963
  0.0821
  0.0821
  0.0821
  0.0793
  0.1416
  0.1133
  0.1303
  0.4531
  1.6990
  2.9450
  0.3964
  0.2180
  0.1586
  0.1218
  0.1048
  0.0963
  0.1133
  0.0934
  0.1133
  0.2775
  0.4248
  0.4248
  0.2379
  0.1189
  0.0821
  0.0793
  0.1274
  0.4248
  0.1614
  0.1104
  0.2010
  0.2549
  0.1303
  0.0821
  0.0793
  0.0821
  0.0793
  0.0651
  0.0623
  0.0566
  0.0651
  0.0623
  0.0538
  0.0538
  0.0481
  0.0453
  0.0453
  0.0453
  0.0453
  0.0708
  0.0708
  0.0793
  0.1048
  0.0651
  0.7929
  0.2718
  0.3115
  0.2180
  0.1926
  1.1044
  0.3398
  0.2265
  0.2379
  2.2370
  1.4442
  0.6513
  0.3115
  0.2549
  0.2322
  0.1841
  0.1529
  0.1359
  0.1189
  0.1104
  0.1019
  0.0934
  0.0821
  0.0821
  0.0821
  0.4814
  0.2152
  0.1189
  0.1019
  0.1019
  0.3398
  0.5380
  0.3681
  0.2152
  0.1303
  0.1048
  0.0878
  0.0821
  0.1529
  0.2464
  0.1897
  0.3398
  0.1841
  0.2095
  0.1501
  0.1133
  0.0878
  0.0793
  0.0708
  0.0708
  0.3398
  0.1529
  0.1019
  0.0793
  0.0793
  0.4814
  0.3681
  0.1274
  0.2010
  0.2718
  0.1756
  0.9061
  0.4531
  0.2322
  0.1303
  0.0963
  0.0821
  0.0708
  0.0708
  0.0963
  1.5857
  1.7556
  0.4531
  0.2095
  0.4248
  0.7079
  0.2633
  0.1897
  0.2803
  0.1699
  0.1444
  0.1586
  0.1133
  0.0934
  0.0793
  0.0736
  0.0708
  0.0651
  0.0651
  0.0736
  0.1189
  0.0934
  0.2464
  0.1133
  0.0821
  0.0708
  0.2832
  0.5380
  0.3681
  0.1189
  0.0793
  0.0793
  0.0963
  0.1133
  0.0934
  0.2803
  0.1218
  0.1303
  0.0963
  0.0651
  0.0566
  0.0538
  0.0538
  0.0481
  0.0453
  0.0453
  0.0453
  0.0453
  0.0396
  0.0396
  0.3115
  0.1671
  0.0708
  0.0481
  0.0453
  0.0453
  0.0736
  0.0538
  0.0453
  0.0453
  0.8778
  0.8778
  0.3115
  0.1133
  0.0793
  0.0736
  0.0651
  0.0651
  0.0623
  0.1529
  0.6796
  0.2095
  0.1218
  0.0878
  0.0963
  0.0651
  0.0538
  0.0453
  0.0453
  0.0396
  0.0396
  0.0340
  0.0340
  0.0340
  0.0340
  0.0311
  0.0396
  0.0453
  0.0396
  0.0340
  0.0340
  0.0396
  0.0340
  0.0340
  0.0340
  0.0340
  0.0311
  0.0311
  0.0263
  0.0263
  0.0263
  0.0263
  0.0263
  0.0311
  0.0311
  0.0311
  0.0311
  0.0311
  0.0311
  0.0263
  0.0263
  0.0218
  0.0218
  0.0453
  0.0453
  0.7079
  0.2464
  0.1048
  0.0736
  0.5097
  0.2265
  0.1019
  0.0821
  0.0793
  0.0708
  0.0623
  0.0538
  0.0481
  0.2492
  0.8495
  0.8778
  0.6796
  0.7929
  0.9061
  0.2549
  0.1671
  0.2095
  0.1444
  0.1444
  0.1671
  0.1841
  0.2010
  0.1756
  0.1133
  0.0821
  0.0736
  0.0651
  0.0566
  0.0538
  0.0538
  0.0566
  0.0934
  0.6513
  2.8883
  1.5291
  0.5097
  0.2379
  0.1614
  0.1501
  0.1274
  0.1444
  0.3398
  0.2803
  0.5380
  0.2718
  0.2180
  0.1586
  0.1048
  0.0821
  0.0736
  0.0651
  0.0623
  0.0623
  0.0623
  0.0623
  0.0566
  0.0538
  0.0538
  0.0538
  0.0538
  0.0623
  0.0538
  0.0481
  0.0453
  0.0453
  0.0453
  0.0453
  0.0453
  0.0453
  0.0623
  0.0538
  0.0538
  0.0566
  0.0538
  0.0453
  0.0538
  0.6513
  0.3398
  0.0963
  0.0623
  0.0538
  0.0453
  0.0396
  0.0340
  0.0340
  0.0566
  0.4814
  0.3115
  0.1586
  0.2379
  0.2180
  0.1189
  0.0651
  0.0538
  0.0453
  0.0453
  0.0538
  0.0878
  0.1274
  0.0736
  0.0538
  0.0481
  0.0453
  0.0623
  0.0963
  0.0736
  0.0878
  0.0651
  0.0453
  0.0340
  0.0340
  0.0453
  0.0453
  0.0340
  0.0311
  0.0311
  0.0311
  0.0538
  0.0538
  0.0538
  0.0736
  0.0481
  0.0340
  0.0311
  0.0311
  0.0538
  0.0481
  0.0340
  0.2407
  0.1671
  0.0651
  0.0453
  0.0340
  0.0311
  0.0311
  0.0263
  0.0311
  0.0311
  0.0263
  0.0218
  0.0218
  0.0176
  0.0218
  0.0263
  0.1416
  0.0538
  0.0311
  0.0218
  0.0176
  0.6513
  0.2265
  0.0708
  0.0538
  0.0396
  0.0311
  0.0263
  0.0218
  0.0218
  0.0176
  0.0176
  0.0218
  0.0218
  0.0218
  0.0218
  0.0176
  0.0176
  0.0176
  0.0130
  0.0130
  0.0130
  0.0130
  0.0130
  0.0130
  0.0176
  0.0218
  0.0176
  0.0218
  0.0263
  0.0311
  0.0263
  0.0218
  0.0176
  0.0176
  0.0176
  0.0263
  0.0311
  0.0311
  0.0218
  0.0176
  0.0176
  0.0263
  0.1982
  0.5380
  0.8495
  1.0760
  0.5097
  0.3398
  0.1756
  0.1048
  0.0821
  0.0708
  0.0623
  0.0651
  0.0538
  0.0453
  0.0396
  0.6230
  1.0194
  0.3398
  0.1303
  0.0793
  0.0538
  0.0538
  0.0538
  0.1982
  0.4248
  1.0194
  0.3398
  0.2265
  0.2407
  0.1048
  0.0736
  0.0623
  0.0538
  0.0481
  0.0453
  0.0623
  0.0651
  0.3398
  0.2379
  0.1586
  0.2010
  0.1841
  0.0878
  0.3398
  0.1189
  0.0708
  0.0623
  0.0793
  0.0708
  0.0566
  0.0538
  0.0453
  0.0453
  0.0396
  0.0340
  0.0340
  0.0538
  0.0623
  0.0453
  0.0453
  0.0396
  0.0396
  0.0453
  0.0453
  0.0453
  0.0340
  0.0340
  0.0396
  0.0878
  0.0821
  0.0878
  0.0708
  0.0453
  0.0396
  0.0340
  0.0396
  0.0510
  0.0396
  0.0510
  0.4248
  0.1784
  0.1388
  0.1614
  0.1133
  0.1133
  0.0651
  0.0510
  0.1019
  0.1076
  0.4814
  0.1926
  0.0821
  0.0510
  0.0425
  0.0453
  0.4814
  0.1557
  0.0651
  0.0680
  0.0481
  0.0396
  0.0368
  0.0396
  0.0340
  0.0340
  0.1331
  1.1893
  0.5947
  0.2010
  0.1444
  0.2152
  0.2492
  0.0821
  0.0595
  0.0623
  0.2832
  0.1416
  0.0680
  0.4814
  2.6335
  0.2265
  0.1331
  0.3398
  0.2832
  0.1699
  0.1501
  0.1416
  0.0850
  0.0651
  0.0595
  0.0538
  0.1614
  0.1048
  0.0651
  0.0595
  0.0680
  0.1189
  0.1841
  0.1076
  0.1982
  0.1133
  0.1614
  0.2152
  0.1048
  0.1303
  0.1388
  0.0765
  0.0595
  0.0510
  0.0453
  0.0453
  0.0453
  0.0396
  0.0368
  0.0396
  0.0481
  0.0368
  0.0311
  0.0283
  0.0266
  0.0238
  0.0238
  0.0283
  0.0736
  0.0566
  0.0340
  0.0283
  0.0283
  0.0623
  0.0481
  0.0396
  0.0396
  0.0396
  0.0340
  0.0311
  0.0266
  0.0238
  0.0207
  0.0178
  0.0167
  0.0153
  0.0153
  0.0142
  0.0127
  0.0113
  0.0934
  0.0510
  0.0311
  0.0238
  0.0193
  0.0153
  0.0127
  0.0153
  0.0122
  0.0110
  0.0105
  0.0096
  0.0091
  0.0082
  0.0079
  0.0074
  0.0074
  0.0071
  0.0079
  1.1610
  1.2176
  0.2718
  0.0878
  0.1133
  0.0934
  0.1699
  0.3398
  0.7079
  0.3964
  0.2577
  0.1699
  0.1048
  0.0623
  0.0680
  0.0651
  0.0934
  0.0793
  0.0510
  0.0510
  0.7362
  0.5947
  0.1416
  0.0765
  0.0566
  0.0453
  0.0425
  0.0340
  0.0340
  0.0311
  0.0266
  0.0255
  0.0266
  0.0255
  0.0238
  0.0218
  0.0238
  0.0255
  0.0218
  0.0207
  0.0207
  0.0207
  0.0193
  0.0311
  0.0510
  0.0510
  0.0510
  0.0340
  0.0680
  0.0453
  0.0425
  0.0368
  0.0311
  0.0266
  0.0238
  0.1133
  0.1019
  0.3115
  0.4248
  0.1189
  0.0680
  0.0481
  0.0340
  0.0453
  0.0538
  0.0595
  0.0368
  0.0266
  0.0218
  0.0193
  0.0178
  0.0736
  0.1104
  0.0566
  0.0538
  0.0566
  0.0340
  0.0311
  0.0340
  0.0368
  0.0283
  0.0218
  0.0193
  0.0167
  0.0142
  0.0127
  0.0127
  0.0102
  0.0096
  0.0765
  0.0623
  0.1048
  0.0708
  0.0510
  0.5380
  0.2464
  0.1019
  0.0481
  0.0340
  0.0266
  0.0218
  0.0193
  0.0167
  0.0153
  0.0142
  0.0510
  0.2379
  0.1274
  0.0566
  0.0396
  0.0340
  0.0266
  0.0396
  0.0283
  0.0266
  0.0510
  0.0765
  0.2180
  0.4531
  0.1614
  0.0793
  0.0538
  0.3681
  0.2265
  0.1019
  0.0566
  0.0453
  0.0934
  0.0538
  0.0396
  0.0311
  0.0283
  0.0255
  0.0340
  0.0311
  0.0255
  0.0238
  0.0218
  0.0193
  0.0178
  0.0207
  0.0218
  0.0249
  0.0368
  0.0396
  0.0396
  0.0311
  0.1444
  0.1303
  0.1189
  0.1189
  0.1586
  0.2379
  0.1416
  0.1246
  0.1501
  0.5663
  2.5768
  1.6990
  0.9061
  0.4814
  0.6230
  0.3398
  0.1982
  0.1529
  0.1303
  0.1784
  0.1699
  0.1331
  0.1104
  1.3875
  2.0954
  1.0760
  0.4248
  0.4248
  0.2633
  0.1926
  0.1586
  0.1416
  0.1501
  0.1331
  0.1133
  0.1019
  0.0934
  0.0934
  0.0878
  0.0850
  0.0793
  0.0765
  0.0736
  0.0708
  0.0680
  0.0623
  0.0595
  0.0595
  0.0708
  0.1161
  0.1019
  0.0793
  0.0708
  0.0680
  0.0595
  0.0538
  0.0595
  0.0623
  0.0510
  0.0510
  0.0538
  0.1501
  0.1104
  0.0623
  0.0538
  0.0510
  0.0481
  0.0453
  0.0396
  0.0453
  0.0566
  0.0566
  0.0510
  0.0651
  0.0623
  1.2743
  1.4725
  0.1897
  0.1104
  0.0765
  0.0680
  0.0595
  0.0510
  0.0453
  0.0396
  0.0396
  0.0425
  0.3115
  0.1841
  0.1727
  0.0821
  0.0595
  0.4248
  0.2633
  0.0991
  0.0680
  0.0595
  0.1218
  0.0991
  0.0680
  0.0566
  0.1841
  0.1048
  0.0736
  0.0566
  0.0453
  0.0396
  0.0368
  0.0340
  0.0340
  0.0311
  0.0311
  0.0311
  0.0311
  0.4248
  0.3115
  0.1359
  0.0708
  0.0538
  0.0481
  0.0453
  0.0453
  0.0510
  0.0595
  0.0821
  0.1444
  0.0623
  0.0510
  0.0453
  0.0425
  0.0736
  0.0821
  0.0651
  0.0538
  0.0510
  0.0680
  0.0510
  0.0481
  0.0481
  0.0396
  0.3398
  0.0963
  0.0566
  0.0481
  0.0623
  0.0538
  0.0425
  0.0396
  0.0340
  0.0311
  0.0340
  0.0340
  0.0396
  0.0595
  0.0453
  0.0368
  0.0311
  0.0311
  0.0283
  0.0266
  0.0266
  0.0283
  0.0283
  0.0266
  0.0255
  0.0283
  0.0736
  0.1982
  0.3115
  0.1019
  0.0481
  0.0368
  0.0340
  0.0680
  0.0481
  0.0340
  0.0283
  0.0255
  0.0218
  0.0218
  0.0218
  0.0207
  0.0193
  0.0934
  0.1218
  0.1048
  0.3115
  0.1331
  0.0934
  0.0765
  0.0680
  0.0623
  0.1189
  0.3681
  0.4814
  0.2379
  0.3398
  0.2379
  0.1529
  0.1019
  0.0850
  0.0736
  0.0651
  0.1416
  0.5663
  0.1614
  0.0878
  0.0821
  0.0708
  0.0595
  0.0538
  0.0510
  0.0481
  0.0481
  0.0481
  0.0481
  0.0566
  0.0566
  0.0566
  0.0736
  0.2775
  0.2718
  0.2379
  0.7646
  0.9911
  0.2803
  0.1388
  0.1189
  0.1048
  0.0793
  0.0651
  0.0595
  0.0566
  0.0595
  0.0538
  0.0510
  0.1019
  0.0878
  0.5380
  0.5380
  0.2775
  0.1104
  0.0934
  0.0736
  0.2095
  0.1501
  0.1133
  0.0821
  0.0680
  0.0595
  0.0623
  0.0595
  0.0595
  0.0510
  0.0481
  0.0510
  0.0510
  0.0510
  0.0481
  0.0453
  0.0453
  0.0538
  0.0566
  0.1982
  0.1756
  0.0765
  0.0566
  0.0510
  0.0453
  0.0425
  0.0510
  0.0481
  0.0453
  0.0708
  0.4248
  0.4248
  0.2152
  0.0906
  0.1388
  0.1076
  0.0595
  0.5947
  0.1501
  0.0708
  0.0538
  0.0453
  0.0481
  0.0595
  0.1784
  0.2010
  0.0878
  0.0595
  0.0538
  0.0510
  0.0481
  0.0510
  0.0396
  0.0368
  0.0340
  0.0311
  0.0311
  0.0311
  0.0311
  0.0283
  0.0283
  0.0340
  0.1189
  0.1189
  0.0595
  0.0425
  0.0368
  0.0425
  0.1189
  0.0651
  0.1444
  2.8883
  0.2265
  0.0934
  0.0708
  0.0623
  0.0566
  0.0510
  0.0425
  0.0396
  0.0340
  0.0311
  0.5947
  0.2832
  0.0934
  0.0595
  0.0963
  0.3115
  0.2095
  0.1019
  0.2775
  0.1303
  0.0765
  0.1416
  0.1841
  0.0821
  0.0595
  0.0510
  0.0481
  0.0453
  0.0425
  0.0425
  0.0453
  0.0510
  0.0538
  0.0510
  0.0453
  0.0396
  0.0396
  0.0396
  0.1019
  0.1501
  0.1189
  0.0595
  0.0481
  0.0396
  0.0340
  0.0340
  0.0340
  0.0340
  0.0368
  0.0453
  0.3115
  0.8212
  0.4531
  0.1756
  0.1246
  0.1019
  0.0850
  0.0765
  0.0736
  0.0680
  0.0651
  0.0623
  0.0595
  0.0595
  0.0595
  0.0595
  0.0651
  0.0793
  0.0651
  0.0595
  0.1218
  0.1359
  0.0821
  0.0595
  0.0538
  0.0510
  0.0481
  0.0453
  0.0481
  0.0453
  0.0425
  0.0425
  0.4814
  0.5097
  0.1331
  0.0736
  0.0595
  0.0538
  0.0453
  0.0396
  0.0396
  0.0368
  0.0425
  0.0934
  0.0595
  0.0481
  0.0453
  0.0396
  0.0425
  0.1104
  0.3681
  0.0991
  0.0651
  0.0651
  0.1104
  0.0595
  0.0453
  0.0396
  0.0340
  0.0340
  0.0311
  0.0311
  0.0311
  0.0266
  0.0266
  0.0266
  0.0266
  0.0238
  0.0238
  0.0311
  0.1416
  0.4248
  0.2152
  0.3681
  0.3681
  0.1019
  0.0623
  0.0538
  0.0453
  0.0396
  0.0340
  0.0340
  0.0311
  0.0311
  0.0283
  0.0266
  0.0311
  0.0311
  0.0425
  0.0538
  0.2718
  0.2067
  0.0708
  0.2577
  0.2265
  0.1614
  0.0878
  0.0708
  0.0538
  0.0425
  0.0396
  0.0368
  0.0340
  0.0311
  0.0311
  0.0510
  0.0680
  0.0453
  0.0368
  0.0311
  0.0283
  0.0680
  0.1841
  0.1472
  0.1331
  0.3681
  0.1501
  0.0736
  0.0595
  0.0481
  0.0396
  0.0368
  0.0340
  0.0311
  0.0283
  0.0266
  0.0238
  0.0218
  0.0207
  0.0255
  0.0311
  0.0266
  0.0255
  0.0255
  0.0266
  0.0283
  0.0340
  0.0396
  0.0311
  0.0266
  0.0255
  0.0218
  0.0207
  0.0207
  0.0218
  0.0283
  0.1133
  0.0765
  0.0538
  0.0510
  0.0510
  0.0396
  0.0340
  0.0311
  0.0255
  0.0218
  0.0176
  0.0153
  0.0142
  0.0142
  0.0142
  0.0142
  0.0113
  0.0113
  0.0113
  0.0113
  0.0113
  0.0105
  0.0105
  0.0102
  0.0193
  0.0178
  0.0102
  0.0105
  0.0113
  0.0113
  0.0102
  0.0096
  0.0091
  0.0091
  0.0088
  0.0088
  0.0088
  0.0736
  0.0538
  0.0538
  0.1218
  0.0680
  2.3220
  1.0194
  0.2010
  2.1804
  0.3681
  0.1614
  0.1303
  0.1133
  0.0934
  0.0821
  0.3398
  0.3681
  0.1189
  0.0793
  0.0623
  0.0538
  0.0821
  2.8034
  0.3964
  0.2549
  0.2180
  1.7840
  0.6796
  0.3115
  0.1841
  0.1444
  0.1331
  0.1019
  0.0878
  0.0878
  0.3115
  0.4814
  0.2832
  0.2832
  0.1529
  0.1048
  0.0821
  0.0708
  0.0623
  0.0595
  0.0538
  0.0510
  0.0510
  0.0453
  0.0425
  0.0396
  0.0396
  0.0396
  0.0368
  0.0340
  0.0340
  0.0311
  0.0311
  0.0311
  0.0283
  0.0266
  0.0266
  0.0255
  0.0255
  0.0266
  0.0266
  0.0238
  0.0207
  0.0193
  0.0193
  0.0218
  0.0218
  0.0193
  0.0178
  0.0167
  0.0167
  0.0153
  0.0153
  0.0127
  0.0142
  0.0167
  0.0193
  0.0178
  0.0153
  0.0153
  0.0178
  0.0481
  0.0651
  0.0453
  0.0283
  0.0207
  0.0340
  0.0311
  0.0311
  0.0311
  0.0368
  0.0311
  0.0311
  0.0311
  0.0283
  0.0283
  0.0283
  0.0283
  0.0266
  0.0266
  0.0266
  0.0255
  0.0255
  0.0238
  0.0218
  0.0207
  0.0193
  0.0263
  0.0850
  0.0765
  0.3681
  0.2265
  0.0623
  0.0340
  0.0266
  0.0238
  0.0566
  0.0934
  0.2407
  0.0850
  0.0510
  0.3115
  0.6513
  0.1189
  0.0623
  0.0481
  0.0368
  0.0311
  0.0311
  0.0340
  0.0255
  0.0218
  0.0266
  0.1274
  0.0595
  0.0623
  0.1303
  0.1614
  0.0651
  0.0651
  0.0481
  0.0623
  0.0396
  0.0340
  0.0340
  0.0311
  0.0311
  0.0283
  0.0283
  0.0266
  0.0266
  0.0255
  0.0263
  0.0368
  0.2067
  0.0765
  0.0481
  0.0340
  0.0311
  0.0283
  0.0340
  0.0368
  0.0425
  0.0425
  0.0311
  0.0238
  0.0218
  0.0207
  0.0207
  0.0193
  0.0193
  0.0538
  0.0453
  0.0510
  0.0340
  0.0340
  0.0311
  0.0311
  0.1926
  0.3398
  0.7929
  0.3681
  0.2577
  0.2010
  0.1501
  0.1756
  0.1897
  0.1303
  0.1019
  0.0878
  0.0850
  0.0850
  0.0793
  1.3875
  1.2176
  0.3681
  0.9911
  1.0477
  0.7929
  0.2832
  0.2803
  1.5291
  0.3964
  0.2549
  0.2180
  0.2549
  0.1699
  0.3398
  0.3681
  0.2180
  0.2265
  0.1586
  0.1331
  0.1189
  0.1019
  0.0934
  0.0850
  0.0765
  0.0708
  0.0623
  0.0623
  0.0595
  0.0566
  0.0538
  0.0510
  0.0510
  0.0510
  0.0453
  0.0453
  0.0425
  0.0396
  0.0396
  0.0396
  0.0396
  0.0396
  0.0396
  0.0368
  0.0340
  0.0311
  0.0311
  0.0340
  0.0510
  0.2549
  0.5380
  0.1104
  0.0623
  0.0510
  0.3681
  0.1303
  0.0736
  0.0538
  0.0481
  0.0396
  0.0708
  0.0623
  0.0453
  0.0368
  0.0340
  0.0396
  0.2265
  0.1501
  0.0934
  0.0595
  0.0566
  0.0510
  0.0396
  0.0340
  0.0283
  0.0255
  0.0396
  0.1019
  0.0821
  0.0566
  0.0736
  0.1048
  0.0821
  0.4248
  0.5380
  0.1189
  0.0623
  0.0566
  0.1699
  0.1048
  0.0595
  0.1671
  0.1388
  0.0934
  0.0680
  0.0595
  0.1303
  0.3398
  0.1784
  0.0793
  0.0595
  0.0566
  0.0623
  0.5097
  0.1897
  0.1048
  0.0680
  0.0510
  0.0425
  0.0623
  0.0510
  0.0396
  0.0340
  0.0453
  0.0538
  0.0396
  0.0340
  0.0311
  0.0238
  0.0207
  0.0193
  0.0193
  0.0218
  0.0311
  0.0311
  0.0218
  0.0207
  0.0207
  0.0193
  0.0193
  0.0193
  0.0193
  0.0178
  0.0193
  0.0255
  0.0255
  0.0266
  0.0266
  0.0283
  0.0283
  0.0283
  0.0255
  0.0255
  0.0238
  0.0238
  0.0218
  0.0218
  0.0193
  0.0193
  0.0193
  0.0193
  0.0193
  0.0193
  0.0207
  0.0193
  0.0218
  0.0207
  0.0193
  0.0193
  0.0178
  0.0178
  0.0178
  0.0167
  0.0153
  0.0142
  0.0127
  0.0238
  0.0283
  0.1303
  0.0991
  0.0821
  0.0736
  0.0651
  0.0708
  0.2407
  0.2180
  0.1218
  0.0934
  0.4814
  0.3964
  0.2832
  0.1331
  0.0934
  0.0821
  0.0708
  0.0623
  0.0595
  0.0566
  0.0538
  0.0510
  0.0510
  0.0481
  0.1133
  0.0878
  0.0793
  0.0680
  0.0566
  0.0510
  0.4531
  1.0477
  1.7273
  0.6230
  0.2237
  0.1388
  0.1048
  0.0850
  0.0765
  0.0680
  0.0623
  0.0595
  0.0680
  0.1274
  0.0991
  0.0680
  0.0821
  0.2010
  0.0934
  0.7079
  0.1841
  0.0991
  0.0850
  0.0934
  0.1501
  0.0850
  0.0708
  0.0793
  0.0991
  0.0680
  0.0510
  0.0481
  0.0396
  0.0396
  0.0396
  0.0368
  0.0340
  0.0311
  0.0311
  0.0311
  0.0283
  0.0283
  0.0283
  0.0340
  0.0340
  0.0510
  0.0368
  0.0311
  0.0368
  0.0368
  0.1189
  0.1926
  0.1019
  0.0708
  0.1303
  0.1218
  0.4531
  0.1529
  0.2095
  0.2577
  0.6796
  0.3115
  0.6796
  0.3681
  0.1614
  0.1133
  0.0850
  0.1303
  0.0934
  0.0680
  0.3964
  0.3398
  0.1388
  0.1388
  0.1189
  0.1048
  0.0934
  0.0708
  0.0595
  0.0510
  0.0481
  0.0453
  0.0425
  0.0396
  0.0396
  0.0368
  0.0340
  0.0340
  0.0850
  0.0538
  0.0453
  0.0396
  0.0368
  0.0340
  0.0340
  0.0510
  0.0425
  0.0340
  0.0311
  0.0311
  0.0311
  0.0340
  0.0368
  0.0396
  0.0566
  0.4814
  0.1699
  0.0736
  0.4531
  0.1274
  0.0680
  0.0538
  0.0453
  0.0425
  0.0396
  0.0368
  0.3681
  0.6230
  0.3398
  0.1104
  0.0680
  0.0934
  0.0793
  0.0651
  0.0595
  0.5947
  0.3964
  0.1303
  0.1019
  0.1444
  0.0934
  0.0651
  0.0538
  0.0623
  0.0708
  0.1133
  0.0651
  0.0538
  0.0481
  0.0481
  0.0481
  0.0425
  0.0396
  0.0368
  0.0368
  0.0340
  0.0311
  0.0311
  0.0311
  0.0311
  0.0311
  0.0340
  0.0396
  0.9061
  1.5574
  0.9628
  0.4814
  0.3115
  0.2577
  0.7929
  0.3681
  0.2577
  0.3115
  0.3115
  0.4248
  0.2662
  0.2407
  0.2832
  0.2067
  0.1671
  0.1388
  0.1218
  0.1133
  0.1133
  0.1076
  0.1019
  0.7362
  0.8778
  0.2832
  0.1614
  0.1218
  0.1133
  0.1076
  0.1019
  0.0963
  0.0906
  0.0765
  0.0736
  0.0708
  0.0651
  0.0623
  0.0595
  0.0538
  0.0538
  0.0538
  0.1359
  0.0906
  0.0623
  0.0538
  0.0510
  0.0510
  0.0595
  0.0765
  0.0765
  0.1104
  0.1019
  0.4248
  0.3964
  0.1926
  0.1104
  0.2577
  0.1331
  0.0765
  0.0793
  0.1388
  0.2464
  0.1218
  0.0765
  0.0595
  0.0510
  0.0481
  0.0453
  0.0425
  0.0396
  0.0396
  0.0793
  0.1133
  0.0878
  0.0765
  0.0566
  0.0453
  0.0453
  0.0396
  0.0368
  0.0368
  0.0368
  0.0340
  0.0311
  0.0311
  0.0311
  0.0311
  0.0481
  0.3115
  0.1841
  0.0708
  0.0510
  0.0566
  0.0736
  0.1529
  0.3964
  0.2265
  0.1218
  0.0906
  0.0623
  0.0510
  0.0680
  0.1133
  0.0623
  0.3115
  0.2775
  0.3964
  0.2775
  0.1472
  0.2633
  0.1019
  0.0708
  0.0651
  0.0538
  0.0453
  0.0453
  0.0396
  0.0396
  0.0368
  0.0368
  0.0425
  0.0566
  0.0510
  0.0510
  0.0623
  0.1897
  0.1104
  0.0623
  0.0510
  0.0396
  0.0368
  0.0368
  0.0396
  0.2662
  0.1019
  0.0595
  0.4248
  0.1331
  0.0793
  0.0623
  0.0538
  0.0510
  0.0481
  0.0396
  0.0396
  0.0340
  0.0340
  0.0368
  0.3964
  0.2407
  0.0651
  0.0453
  0.0425
  0.0425
  0.1218
  0.0651
  0.0396
  0.0340
  0.0340
  0.0340
  0.0340
  0.0311
  0.0311
  0.0340
  0.1444
  0.0453
  0.0340
  0.0283
  0.0283
  0.1104
  0.1586
  0.0425
  0.0340
  0.0311
  0.0340
  0.0340
  0.0340
  0.0396
  0.3115
  0.5663
  0.1756
  0.1529
  0.1133
  0.1019
  0.1019
  0.1019
  0.0878
  0.0765
  0.0708
  0.0651
  0.0623
  0.0623
  0.2718
  0.2464
  0.1388
  0.1104
  0.1019
  0.0821
  0.0708
  0.0623
  0.0595
  0.0595
  0.0566
  0.1699
  0.4531
  0.9061
  0.1841
  0.1303
  0.1331
  0.0934
  0.0736
  0.1501
  0.2549
  0.1189
  0.0793
  0.0680
  0.0623
  0.0566
  0.0510
  0.0510
  0.0481
  0.0453
  0.0453
  0.0425
  0.0425
  0.0481
  0.0510
  0.1218
  2.4636
  0.3115
  0.1614
  0.1189
  0.1019
  0.0878
  0.0793
  0.0736
  0.0708
  0.0708
  0.0736
  0.1756
  0.1501
  0.0906
  0.0708
  0.0623
  0.0566
  0.0510
  0.0510
  0.0510
  0.0481
  0.0453
  0.0425
  0.0396
  0.0396
  0.0396
  0.0396
  0.0396
  0.0425
  0.0396
  0.0368
  0.0368
  0.0368
  0.0368
  0.0453
  0.0623
  0.0934
  0.1246
  0.0793
  0.0566
  0.0906
  0.0623
  0.0510
  0.1246
  0.1133
  0.1926
  0.1274
  0.2095
  0.1416
  0.2379
  0.1104
  0.0651
  0.0510
  0.0453
  0.0396
  0.0368
  0.0368
  0.0368
  0.0510
  0.0623
  0.1019
  0.0538
  0.0396
  0.0368
  0.0311
  0.0311
  0.0283
  0.0280
  0.0453
  0.0934
  0.3681
  0.1359
  0.0623
  0.0481
  0.2237
  0.1133
  0.1501
  0.0821
  0.0538
  0.0425
  0.0396
  0.0396
  0.0453
  0.0396
  0.0368
  0.0340
  0.0340
  0.0311
  0.0311
  0.0311
  0.0311
  0.0311
  0.0283
  0.0481
  0.1189
  0.2010
  0.2010
  0.3115
  0.2662
  0.1048
  0.0821
  0.0651
  0.0623
  0.0425
  0.0368
  0.0311
  0.0280
  0.0266
  0.0255
  0.0232
  0.0218
  0.0218
  0.0218
  0.0218
  0.0193
  0.0193
  0.0193
  0.0193
  0.0193
  0.0193
  0.0193
  0.0207
  0.0232
  0.0255
  0.0280
  0.0280
  0.0425
  0.0481
  0.0283
  0.0232
  0.0218
  0.0232
  0.0280
  0.0283
  0.0266
  0.0218
  0.0193
  0.5947
  0.2322
  0.1501
  0.1189
  0.0991
  0.0850
  0.1104
  0.1614
  0.1189
  0.0991
  0.0821
  0.0708
  0.0651
  0.3115
  0.3681
  1.0760
  0.7646
  0.3115
  0.2464
  0.1444
  0.1133
  0.2718
  0.9061
  0.3115
  0.3398
  0.2010
  1.2743
  1.8972
  0.5947
  0.3115
  0.2407
  0.2067
  0.2237
  0.2464
  0.2010
  0.1501
  0.1189
  0.1897
  0.1501
  0.1048
  0.0934
  0.0821
  0.0736
  0.0708
  0.0680
  0.0793
  0.2095
  0.1557
  0.1557
  0.1274
  0.1274
  0.1019
  0.0736
  0.0651
  0.0708
  0.1274
  0.4531
  0.1274
  0.0821
  0.0651
  0.0623
  0.0651
  0.0566
  0.0510
  0.0481
  0.0481
  0.0425
  0.0396
  0.0396
  0.0396
  0.0396
  0.0396
  0.0368
  0.0368
  0.0368
  0.0368
  0.0368
  0.0340
  0.0340
  0.0340
  0.0311
  0.0340
  0.0368
  0.0425
  0.1189
  0.3398
  0.3964
  0.2464
  0.1444
  0.0793
  0.0538
  0.0425
  0.0368
  0.0340
  0.0311
  0.0280
  0.0266
  0.0255
  0.0255
  0.0255
  0.0255
  0.0255
  0.0425
  0.0481
  0.0340
  0.0283
  0.0266
  0.0566
  0.0878
  0.1416
  0.0821
  0.0481
  0.0453
  0.1104
  0.1048
  0.1019
  0.0736
  0.0481
  0.0538
  0.0623
  0.0425
  0.0481
  0.1048
  0.1614
  0.0878
  0.0595
  0.0481
  0.0396
  0.0368
  0.0396
  0.0368
  0.0311
  0.0280
  0.0266
  0.0246
  0.0623
 13.1107
 12.9125
 12.3178
  1.3875
  0.5380
  0.3115
  0.2265
  0.1784
  0.1501
  0.1274
  0.1104
  0.0991
  0.0878
  0.0878
  0.0736
  0.0651
  0.0623
  0.0595
  0.0566
  0.0538
  0.0538
  0.0510
  0.0481
  0.0538
  0.0821
  0.0708
  0.0736
  0.3964
  0.2492
  0.0934
  0.0623
  0.0510
  0.0453
  0.0425
  0.0396
  0.0396
  0.0368
  0.0340
  0.0311
  0.0311
  0.0311
  0.0311
  0.0311
  0.0311
  0.0311
  0.0283
  0.0280
  0.2832
  1.1893
  1.7556
  1.1327
  0.6513
  0.3398
  0.2718
  0.2265
  0.2010
  0.1926
  0.1841
  0.6230
  0.2464
  0.2265
  0.2237
  0.1557
  0.1274
  0.1104
  0.1104
  0.1104
  0.1444
  0.1274
  0.1189
  0.1048
  0.0934
  0.0878
  0.0821
  0.0793
  0.0736
  0.0878
  0.1019
  0.0878
  0.0821
  0.0793
  0.0736
  0.0708
  0.0680
  0.0651
  0.0623
  0.0623
  0.0623
  0.0623
  0.0623
  0.0595
  0.0623
  0.0595
  0.0595
  0.0623
  0.0623
  0.0623
  0.0651
  0.0623
  0.0623
  0.0595
  0.0510
  0.0481
  0.0396
  0.0396
  0.0368
  0.0340
  0.0340
  0.0311
  0.0311
  0.0311
  0.0311
  0.0283
  0.0280
  0.0280
  0.0280
  0.0266
  0.0232
  0.0232
  0.0232
  0.0232
  0.0232
  0.0218
  0.0246
  0.0311
  0.0283
  0.0255
  0.0246
  0.0246
  0.0232
  0.0232
  0.0246
  0.0340
  0.0266
  0.0232
  0.0218
  0.0207
  0.0218
  0.0280
  0.0280
  0.0255
  0.0218
  0.0193
  0.0193
  0.0193
  0.0184
  0.0170
  0.0161
  0.0153
  0.0153
  0.0184
  0.0708
  0.0510
  0.0481
  0.0368
  0.0266
  0.0218
  0.0218
  0.0255
  0.0232
  0.0207
  0.0207
  0.0266
  0.0246
  0.0232
  0.0566
  0.0425
  0.0340
  0.0283
  0.0246
  0.0311
  0.1019
  0.2095
  0.0793
  0.5097
  1.2176
  0.2152
  0.2152
  0.1756
  0.0680
  0.0425
  0.0311
  0.1841
  0.1699
  0.0793
  0.0566
  0.0396
  0.0311
  0.0280
  0.0266
  0.0255
  0.0255
  0.0878
  0.0878
  0.0481
  0.0396
  0.0396
  0.0623
  0.0510
  0.0878
  0.2237
  0.4531
  0.1982
  0.0680
  0.0651
  0.0878
  0.0481
  0.1104
  0.2322
  0.0793
  0.0453
  0.0368
  0.0311
  0.0283
  0.0266
  0.0246
  0.0232
  0.0232
  0.0255
  0.0340
  0.4814
  2.8034
  0.3115
  0.1274
  0.0736
  0.0623
  0.0510
  0.0453
  0.0425
  0.0623
  0.1359
  0.1218
  0.1104
  0.1019
  0.1104
  0.1189
  0.1472
  0.1614
  0.1218
  0.1019
  0.1019
  0.2152
  0.3115
  0.4248
  0.1076
  0.0906
  0.0878
  0.1104
  0.1076
  0.0963
  0.3681
  0.9345
  0.3115
  0.1331
  0.1303
  0.5947
  0.5380
  0.2549
  0.1841
  0.3115
  0.1699
  0.1246
  0.9628
  0.3115
  0.3398
  0.3115
  0.2718
  0.1529
  0.1246
  0.1133
  0.1416
  0.1246
  0.0991
  0.0878
  0.0821
  0.0765
  0.0821
  0.1189
  0.2662
  0.3964
  0.6513
  0.1926
  0.2803
  0.2067
  0.1133
  0.0963
  0.0934
  0.0793
  0.0765
  0.0765
  0.0821
  0.0736
  0.0623
  0.0566
  0.0510
  0.0510
  0.0510
  0.0510
  0.0510
  0.0595
  0.0821
  0.0623
  0.0708
  0.1529
  0.1303
  0.1019
  0.0878
  0.1076
  0.0906
  0.1982
  0.1926
  0.3115
  0.2152
  0.1189
  0.0878
  0.0651
  0.0566
  0.0566
  0.0906
  0.0793
  0.0623
  0.0510
  0.0453
  0.0510
  0.0595
  0.0510
  0.0453
  0.0396
  0.0368
  0.0340
  0.0311
  0.0283
  0.0272
  0.0246
  0.0246
  0.3681
  0.3964
  0.1133
  0.0906
  0.0736
  0.0566
  0.0453
  0.0396
  0.0340
  0.0311
  0.0311
  0.0680
  0.1671
  0.0793
  0.0481
  0.0368
  0.0311
  0.0283
  0.0258
  0.0246
  0.0238
  0.0224
  0.0215
  0.0215
  0.0238
  0.0224
  0.0224
  0.0201
  0.0184
  0.0170
  0.0170
  0.0153
  0.0136
  0.0127
  0.0119
  0.0113
  0.0113
  0.0113
  0.0153
  0.0193
  0.0193
  0.0201
  0.0368
  0.0510
  0.0425
  0.0283
  0.0238
  0.0215
  0.0238
  0.0340
  0.0272
  0.0246
  0.0215
  0.0263
  0.0340
  0.0396
  0.0481
  0.0566
  0.0481
  0.0425
  0.0283
  0.0232
  0.0201
  0.0184
  0.0161
  0.0161
  0.0136
  0.0127
  0.0119
  0.0119
  0.0127
  0.0127
  0.0105
  0.0113
  0.0119
  0.0113
  0.0096
  0.0142
  0.0510
  0.0453
  0.0396
  0.0396
  0.0396
  0.0396
  0.0368
  0.0368
  0.0651
  0.0481
  0.0396
  0.0368
  0.0311
  0.0311
  0.4531
  0.2832
  0.2237
  0.3681
  0.1784
  0.1104
  0.0680
  0.0510
  0.0453
  0.0396
  0.0368
  0.0311
  0.0283
  0.0272
  0.0258
  0.0258
  0.0246
  0.0283
  0.4531
  0.1699
  0.0821
  0.3115
  0.1586
  0.0821
  0.0623
  0.0510
  0.0396
  0.0340
  0.0311
  0.0283
  0.0283
  0.0311
  0.0272
  0.0238
  0.0224
  0.0224
  0.0224
  0.0215
  0.0193
  0.0184
  0.0184
  0.0193
  0.0201
  0.0396
  0.0510
  0.0368
  0.0311
  0.0311
  0.0283
  0.0246
  0.0215
  0.0193
  0.0170
  0.0161
  0.0153
  0.0161
  0.0170
  0.0193
  0.0215
  0.0283
  0.0368
  0.0311
  0.0283
  0.0272
  0.0538
  0.0566
  0.0368
  0.0283
  0.0224
  0.0184
  0.0153
  0.0136
  0.0136
  0.0161
  0.0170
  0.0136
  0.0119
  0.0113
  0.0127
  0.0161
  0.0311
  0.0368
  0.0215
  0.0170
  0.0170
  0.0178
  0.0190
  0.0190
  0.0311
  0.0255
  0.0481
  0.0680
  0.0368
  0.0255
  0.0311
  0.0255
  0.0161
  0.0153
  0.0144
  0.0127
  0.0113
  0.0105
  0.0105
  0.0113
  0.0136
  0.0136
  0.0119
  0.0113
  0.0119
  0.0119
  0.0144
  0.0176
  0.0136
  0.0105
  0.0091
  0.0082
  0.0079
  0.0082
  0.0079
  0.0079
  0.0074
  0.0088
  0.0136
  0.0105
  0.0071
  0.0062
  0.0057
  0.0057
  0.0057
  0.0054
  0.0054
  0.0057
  0.0074
  0.0074
  0.0110
  0.0130
  0.0119
  0.0105
  0.0071
  0.0057
  0.0054
  0.0048
  0.0054
  0.0048
  0.0048
  0.0062
  0.0057
  0.0054
  0.0065
  0.0176
  0.0153
  0.0144
  0.0105
  0.0065
  0.0048
  0.0042
  0.0042
  0.0040
  0.0040
  0.0034
  0.0040
  0.0040
  0.0048
  0.0153
  0.0144
  0.0113
  0.0079
  0.0054
  0.0057
  0.1416
  0.1274
  0.0736
  0.0566
  0.1614
  0.2265
  0.1303
  0.0821
  0.0623
  0.0538
  0.0510
  0.0425
  0.0396
  0.0396
  0.0396
  0.1557
  1.7556
  0.3398
  0.1416
  0.0934
  0.0765
  0.0651
  0.0623
  0.0566
  0.0510
  0.0510
  0.0453
  2.0105
  1.9822
  0.3681
  0.2010
  0.1529
  0.3115
  0.7079
  0.6230
  0.3681
  0.2633
  0.2492
  0.2152
  0.1501
  0.1218
  0.1048
  0.0934
  0.0878
  0.0821
  0.0821
  0.1019
  0.1246
  0.0878
  0.0765
  0.0736
  0.0708
  0.2152
  0.4248
  0.2718
  0.1841
  0.4248
  0.3681
  0.2237
  0.8495
  0.3115
  0.2265
  0.1671
  0.1926
  0.1246
  0.1019
  0.0934
  0.2265
  0.2633
  0.1529
  0.1756
  0.1189
  0.0878
  0.0765
  0.1388
  0.2010
  0.1529
  0.0934
  0.0793
  0.1076
  0.0821
  0.1189
  0.0765
  0.0595
  0.0538
  0.0680
  0.0793
  0.0878
  0.1897
  0.1189
  0.1048
  0.1642
  0.1982
  0.4814
  0.6513
  0.2322
  0.1048
  0.0708
  0.0566
  0.0538
  0.4531
  1.7556
  0.7929
  1.5857
  0.3398
  0.1897
  0.1388
  0.1784
  0.9345
  0.2492
  0.1784
  0.1444
  0.1699
  0.1529
  0.1076
  0.0850
  0.0765
  0.0680
  0.0623
  0.1048
  0.1331
  0.1218
  0.0765
  0.0595
  0.0510
  0.0510
  0.2633
  0.2237
  0.0878
  0.0821
  0.0991
  0.0708
  0.0623
  0.0651
  0.0510
  0.0396
  0.0396
  0.0453
  0.0396
  0.0368
  0.0510
  0.0538
  0.2237
  0.0991
  0.0566
  0.0850
  0.0708
  0.0453
  0.0396
  0.0538
  0.0878
  0.0510
  0.0368
  0.0311
  0.0280
  0.0266
  0.0280
  0.0311
  0.0368
  0.0538
  0.0453
  0.0736
  0.0538
  0.0340
  0.0280
  0.0311
  0.0340
  0.0311
  0.0266
  0.0368
  0.1444
  0.1388
  0.0595
  0.0368
  0.0280
  0.0255
  0.0227
  0.0340
  0.0510
  0.0340
  0.0368
  0.0311
  0.0266
  0.3398
  0.1926
  0.1444
  0.1218
  0.1076
  0.1019
  0.0934
  0.0850
  0.0821
  0.0765
  0.0736
  0.0708
  0.0680
  0.0963
  0.2322
  0.5097
  0.6796
  0.2152
  0.3681
  0.1897
  0.1756
  0.3398
  0.2265
  0.3115
  0.3398
  0.1614
  0.1246
  0.3398
  0.3964
  0.1926
  0.1189
  0.1104
  0.3681
  0.1614
  0.1104
  0.0934
  0.0821
  0.0765
  0.0708
  0.0708
  0.0680
  0.0793
  0.0850
  0.0821
  0.0850
  0.0736
  0.0623
  0.0595
  0.0680
  0.0765
  0.0821
  0.0651
  0.0708
  0.0765
  0.0680
  0.4248
  0.2379
  0.1246
  0.0821
  0.0623
  0.0566
  0.0538
  0.0510
  0.0510
  0.0510
  0.0453
  0.0396
  0.0396
  0.0368
  0.0368
  0.0340
  0.0340
  0.0311
  0.0311
  0.0340
  0.0311
  0.0311
  0.0311
  0.0396
  0.3115
  0.5947
  0.1557
  0.0821
  0.0680
  0.1444
  0.0821
  0.0566
  0.0566
  0.0481
  0.0425
  0.0538
  0.0481
  0.0425
  0.0425
  0.0396
  0.0368
  0.0425
  0.0566
  0.0566
  0.0425
  0.0340
  0.0311
  0.0311
  0.0963
  0.2265
  0.5947
  0.3964
  0.1982
  0.3115
  0.1218
  0.0934
  0.0736
  0.0566
  0.0510
  0.0481
  0.0425
  0.0425
  0.0481
  0.1982
  0.1104
  0.1388
  0.0708
  0.0566
  0.0510
  0.3681
  0.1416
  0.0708
  0.0963
  0.0850
  0.1161
  0.1982
  0.1784
  0.1727
  0.0878
  0.0736
  0.1784
  0.1784
  0.1784
  0.1614
  0.4814
  0.3115
  0.1926
  0.1388
  0.0934
  0.0708
  0.0680
  0.4814
  0.2265
  0.1982
  0.3115
  0.3115
  0.1529
  0.1671
  0.1586
  0.1926
  0.1048
  0.0680
  0.0566
  0.0481
  0.0396
  0.0368
  0.0368
  0.0368
  0.0340
  0.0311
  0.0340
  0.0368
  0.0368
  0.0396
  0.0368
  0.0311
  0.0280
  0.0280
  0.0510
  0.1303
  0.1104
  0.2775
  0.1104
  0.0538
  0.0425
  0.0396
  0.0340
  0.0283
  0.6796
  0.1926
  0.1501
  0.1274
  0.1048
  0.0991
  0.1303
  0.1727
  0.2095
  0.1642
  0.1218
  0.1048
  0.1359
  0.1501
  0.1303
  0.1303
  0.0934
  0.0821
  0.5380
  0.5097
  0.2549
  0.1784
  0.1133
  0.0878
  0.0793
  0.0680
  0.1274
  0.2633
  0.1218
  0.0934
  0.0850
  0.0736
  0.0680
  0.0623
  0.0708
  0.1019
  0.1416
  0.2095
  0.2095
  0.1048
  0.1501
  0.1133
  0.0793
  0.0623
  0.0623
  0.0793
  0.0651
  0.0538
  0.0481
  0.0623
  0.1019
  0.2095
  0.1756
  0.0934
  0.0680
  0.0566
  0.0481
  0.0623
  0.2464
  0.1359
  0.2180
  0.1218
  0.0934
  0.0934
  0.1501
  0.1841
  0.1897
  0.1841
  0.1614
  0.1133
  0.1303
  0.2237
  0.4248
  0.1784
  0.2095
  0.3115
  0.2010
  0.1841
  0.1133
  0.0934
  0.0708
  0.0651
  0.1161
  0.1614
  0.2095
  0.1303
  0.0934
  0.0736
  0.0623
  0.0566
  0.0510
  0.0481
  0.0481
  0.0566
  0.0651
  0.0481
  0.0425
  0.0396
  0.0481
  0.0510
  0.0623
  0.0623
  0.0510
  0.1586
  0.1048
  0.0878
  0.2379
  0.1642
  0.0850
  0.0595
  0.0481
  0.0396
  0.0368
  0.0368
  0.0311
  0.0311
  0.0280
  0.0311
  0.0311
  0.0283
  0.0280
  0.0280
  0.0266
  0.0255
  0.0246
  0.0368
  0.0481
  0.0368
  0.0232
  0.2265
  0.1926
  0.1359
  0.0821
  0.0481
  0.0368
  0.0311
  0.0368
  0.0396
  0.0311
  0.1189
  0.0850
  0.0425
  0.0311
  0.0246
  0.0218
  0.0232
  0.0246
  0.0193
  0.0161
  0.0144
  0.0136
  0.0136
  0.0153
  0.0193
  0.0153
  0.0153
  0.0170
  0.0193
  0.0510
  0.0453
  0.0283
  0.0207
  0.0161
  0.0144
  0.0144
  0.0136
  0.0136
  0.1472
  0.0850
  0.0680
  0.0481
  0.0340
  0.0280
  0.0232
  0.0193
  0.0161
  0.0153
  0.0161
  0.0193
  0.0161
  0.0153
  0.0136
  0.0136
  0.0425
  0.0425
  0.0481
  0.2407
  0.1218
  0.0821
  0.3681
  0.5380
  0.1784
  0.0991
  0.0680
  0.0595
  0.0510
  0.0538
  0.1048
  0.7646
  0.8212
  0.3115
  0.2265
  0.3398
  0.1359
  0.0878
  0.1671
  0.2803
  0.2067
  0.2180
  0.3398
  0.6796
  0.6230
  0.5663
  0.3681
  0.2180
  0.1699
  0.1274
  0.1104
  0.1359
  0.1048
  0.0850
  0.0708
  0.0736
  0.0680
  0.0850
  0.0934
  0.0850
  0.1359
  0.0821
  0.0595
  0.0481
  0.0453
  0.0396
  0.0396
  0.0396
  0.0396
  0.0368
  0.0311
  0.0311
  0.0283
  0.0283
  0.0280
  0.0266
  0.0266
  0.0266
  0.0340
  0.0396
  0.0283
  0.0255
  0.0246
  0.0232
  0.0232
  0.0232
  0.0207
  0.0193
  0.0184
  0.0170
  0.0161
  0.0184
  0.0266
  0.0340
  0.0368
  0.0425
  0.1189
  0.0566
  0.0425
  0.0311
  0.0266
  0.0255
  0.0266
  0.0255
  0.0232
  0.0184
  0.0184
  0.0340
  0.1784
  0.1076
  0.0453
  0.0283
  0.0207
  0.0170
  0.0136
  0.0127
  0.1784
  0.7362
  0.1359
  0.0595
  0.0566
  0.0481
  0.0340
  0.0266
  0.0207
  0.0170
  0.0161
  0.0184
  0.0184
  0.0170
  0.0246
  0.0340
  0.0275
  0.0453
  0.0680
  0.0680
  0.0793
  0.1501
  0.0793
  0.0453
  0.2237
  0.7929
  0.2067
  0.9061
  1.3875
  0.3964
  0.1926
  0.1019
  0.0680
  0.0538
  0.0623
  0.0708
  0.0538
  0.0510
  0.0453
  0.0510
  0.0708
  0.0538
  0.0425
  0.0368
  0.0340
  0.0340
  0.1614
  0.1416
  0.0708
  0.0566
  0.1331
  0.1388
  0.2010
  0.3115
  0.1019
  0.1784
  0.1388
  0.0651
  0.0453
  0.0396
  0.0340
  0.0311
  0.0272
  0.0255
  0.0255
  0.0246
  0.0215
  0.0201
  0.0198
  0.0210
  0.0272
  0.0311
  0.0263
  0.0224
  0.0198
  0.0178
  0.0198
  0.4248
  0.1557
  0.0736
  0.0510
  0.0510
  0.0396
  0.0680
  0.0538
  0.0481
  0.0481
  0.0538
  0.0425
  0.0396
  0.0368
  0.0311
  0.0311
  0.0311
  0.0396
  0.2180
  0.1416
  0.1246
  0.0708
  0.0538
  0.0425
  0.0368
  0.1274
  0.1614
  0.0708
  0.0481
  0.0368
  0.0283
  0.0263
  0.0238
  0.0227
  0.0215
  0.0215
  0.0708
  0.0991
  0.1218
  0.0680
  0.0453
  0.0396
  0.0651
  0.0850
  0.4531
  0.4248
  0.1642
  0.1982
  0.3681
  0.1019
  0.2832
  0.7646
  0.2633
  0.1359
  0.0934
  0.0680
  0.0566
  0.0538
  0.0481
  0.0425
  0.0396
  0.0396
  0.0396
  0.0368
  0.0311
  0.0283
  0.0266
  0.0266
  0.0266
  0.0241
  0.0224
  0.0224
  0.0232
  0.0224
  0.0215
  0.0266
  0.0275
  0.0258
  0.0396
  0.0481
  0.0340
  0.0275
  0.0232
  0.0224
  0.0210
  0.0198
  0.0193
  0.0178
  0.0178
  0.0232
  0.0396
  0.0396
  0.0538
  0.1104
  0.4248
  0.5380
  0.0906
  0.0481
  0.0453
  0.0453
  0.1416
  0.0934
  0.0453
  0.1784
  0.6796
  0.2152
  0.1699
  0.2010
  0.2775
  0.1189
  0.1218
  0.2010
  0.2803
  0.0991
  1.6990
  0.7929
  2.7184
  0.5380
  0.4814
  0.4531
  0.3398
  0.2775
  0.1756
  0.1303
  0.0991
  0.0878
  0.0765
  0.0708
  0.0623
  1.1893
  0.6796
  0.2633
  0.6796
  0.4531
  0.2180
  4.6440
  1.4158
  0.4531
  0.2577
  0.1982
  0.1614
  0.1416
  0.1303
  0.1218
  0.1048
  0.0878
  0.0765
  0.0708
  0.6230
  0.2407
  0.1303
  0.0934
  0.0934
  0.2662
  0.1614
  0.1048
  0.0765
  0.0934
  0.0963
  0.0878
  0.1472
  0.1784
  0.1019
  0.0765
  0.0708
  0.7362
  0.3964
  0.1104
  0.0708
  0.0538
  0.0453
  0.0425
  0.0425
  0.1048
  0.2407
  0.1614
  0.1104
  0.2152
  0.4248
  0.5947
  0.1756
  0.0934
  0.0651
  0.0566
  0.0510
  0.0510
  0.0453
  0.0396
  0.0340
  1.8406
  0.5380
  0.3398
  0.2237
  0.1699
  0.4531
  0.2832
  0.3681
  1.9822
  1.2743
  0.2832
  0.1699
  0.1303
  0.1048
  0.0850
  0.0736
  0.0680
  0.0595
  0.0566
  0.0566
  0.0510
  0.0481
  0.0481
  0.0425
  0.0425
  0.0396
  0.0368
  0.0340
  0.0340
  0.0311
  0.0311
  0.0311
  0.0283
  0.0280
  0.0283
  0.0368
  0.1104
  0.3398
  0.7362
  0.3681
  0.3964
  0.2803
  0.2718
  0.1388
  0.1699
  0.2803
  0.2775
  0.2265
  0.1359
  0.0963
  0.3115
  0.1841
  0.0991
  0.0736
  0.0623
  0.0566
  0.0481
  0.0453
  0.0396
  0.0396
  0.0340
  0.0311
  0.0311
  0.0280
  0.0263
  0.0238
  0.0263
  0.0311
  0.0263
  0.0311
  0.0538
  0.0396
  0.0311
  0.0340
  0.0311
  0.0280
  0.0249
  0.0215
  0.0193
  0.0176
  0.0167
  0.0159
  0.0150
  0.0142
  0.0122
  0.0122
  0.0150
  0.0176
  0.0150
  0.0142
  0.0159
  0.0215
  0.0934
  0.2095
  0.1812
  0.7079
  0.6230
  0.4814
  0.2775
  0.3681
  0.1388
  0.0765
  0.0538
  0.0425
  0.0340
  0.0340
  0.0396
  0.0425
  0.0368
  0.0283
  0.0249
  0.0280
  0.0263
  0.0311
  0.0263
  0.0215
  0.0193
  0.0176
  0.0167
  0.0159
  0.0159
  0.0198
  0.0184
  0.0159
  0.0425
  0.2549
  0.6230
  4.3608
  3.6529
  0.7646
  0.3964
  1.3592
  0.3115
  0.1954
  0.1586
  0.1331
  0.1104
  0.1019
  0.1019
  0.2124
  0.1784
  0.1104
  0.0906
  0.0821
  0.0793
  0.0708
  0.0680
  0.0680
  0.0708
  0.0934
  0.0934
  0.0963
  0.1331
  0.0963
  0.0793
  0.0765
  0.0736
  1.8123
  0.4814
  0.2039
  0.1161
  0.0793
  0.0651
  0.0595
  0.0566
  0.0566
  0.0566
  0.0481
  0.0538
  0.0510
  0.0453
  0.0396
  0.0368
  0.0368
  0.0368
  0.0340
  0.0368
  0.0368
  0.0340
  0.0340
  0.0311
  0.0311
  0.0311
  0.1019
  0.0934
  0.0934
  0.2662
  0.1869
  0.2690
  0.5097
  1.0194
  1.1044
  0.8212
  0.2718
  0.1756
  0.2039
  0.6513
  0.3115
  0.1926
  0.6796
  0.4248
  0.2832
  0.1671
  0.1388
  0.1218
  0.1161
  0.1784
  0.1416
  0.1048
  0.0906
  0.0850
  0.0765
  0.0708
  0.0680
  0.0651
  0.0765
  0.0878
  0.0736
  0.0651
  0.0566
  0.0566
  0.0595
  0.0765
  0.0906
  0.0736
  0.0765
  0.6796
  0.2662
  0.1104
  0.0821
  0.0680
  0.1756
  0.3964
  0.2718
  0.2237
  0.1444
  0.0906
  0.0708
  0.0595
  0.0538
  0.0453
  0.0425
  0.0396
  0.0368
  0.0368
  0.0368
  0.0340
  0.0340
  0.0340
  0.0311
  0.0311
  0.0280
  0.0280
  0.0275
  0.0275
  0.0275
  0.0311
  0.0368
  0.0453
  0.0708
  0.0453
  0.0368
  0.0311
  0.0311
  0.0453
  0.2492
  0.1303
  0.0765
  0.0708
  0.0680
  0.1897
  0.7079
  0.1699
  0.0991
  0.0906
  0.1019
  0.1982
  0.1784
  0.1019
  0.0708
  0.0595
  0.0481
  0.0425
  0.0396
  0.0340
  0.0538
  0.1586
  0.1161
  0.0651
  0.0481
  0.0396
  0.0340
  0.0311
  0.0311
  0.0311
  0.0311
  0.0280
  0.0280
  0.0280
  0.0280
  0.0340
  0.0453
  0.1161
  0.0680
  0.1472
  0.0793
  0.0595
  0.0566
  0.0991
  0.1416
  0.1048
  0.0680
  0.0510
  0.0453
  0.0425
  0.0425
  0.0368
  0.0340
  0.0340
  0.0311
  0.0280
  0.0275
  0.0275
  0.0311
  0.0396
  0.0481
  0.0368
  0.0340
  0.0425
  0.0481
  0.0425
  0.1076
  0.2775
  0.1104
  0.0680
  0.0538
  0.0481
  0.0510
  0.0425
  0.0340
  0.0266
  0.0266
  0.0311
  0.0595
  0.0453
  0.0368
  0.0510
  0.0425
  0.0736
  0.0651
  0.0481
  0.0396
  0.0396
  0.0340
  0.0566
  0.0481
  0.0396
  0.1841
  0.2832
  0.2067
  0.0821
  0.0566
  0.0453
  0.3964
  0.1869
  0.2067
  0.4814
  0.6796
  0.3115
  0.1529
  0.1133
  0.0934
  0.0821
  0.0906
  0.0991
  1.1327
  1.0477
  0.3681
  0.2039
  0.1529
  0.1529
  0.1388
  0.1161
  0.0991
  0.0934
  0.0850
  0.0821
  0.0765
  0.0736
  0.0708
  0.0934
  0.3398
  0.4531
  0.6230
  0.1869
  0.1246
  0.9911
  0.2803
  0.1812
  0.1274
  0.1076
  0.0934
  0.0793
  0.0765
  0.0680
  0.0651
  0.0623
  0.0595
  0.0566
  0.0595
  0.0736
  0.0566
  0.0934
  0.1331
  0.1104
  0.0991
  0.9345
  1.0760
  0.3115
  0.1444
  0.1048
  0.1359
  0.1416
  0.0963
  0.0765
  0.0708
  0.0651
  0.0651
  0.0595
  0.0566
  0.0538
  0.0821
  0.0850
  0.3964
  0.8778
  0.4531
  0.2095
  0.1161
  0.1104
  0.0906
  0.0736
  0.0651
  0.0595
  0.0566
  0.0538
  0.0538
  0.5947
  0.2379
  0.1048
  0.0821
  0.0765
  0.0623
  0.0821
  0.1303
  0.1897
  0.3681
  0.5947
  0.3681
  0.1416
  0.0963
  0.0821
  0.0821
  0.0736
  0.0651
  0.0566
  0.0538
  0.0538
  0.0538
  0.0538
  0.0538
  0.0538
  0.1133
  0.1359
  0.8495
  0.2095
  0.1303
  0.0906
  0.0736
  0.0680
  0.0623
  0.0595
  0.0623
  0.0566
  0.0510
  0.0510
  0.0510
  0.0538
  0.0538
  0.2407
  0.2492
  0.1161
  0.0878
  0.1501
  0.1954
  0.2605
  0.2067
  0.1076
  0.0850
  0.0680
  0.0595
  0.0538
  0.0481
  0.0481
  0.0425
  0.0396
  0.0396
  0.0425
  0.1246
  0.0906
  0.0680
  0.0708
  0.0680
  0.0538
  0.0538
  0.0878
  0.1246
  0.1189
  0.0765
  0.0623
  0.0566
  0.0765
  0.0651
  0.1161
  0.1614
  0.1331
  0.0765
  0.0595
  0.0510
  0.2095
  0.1501
  0.1359
  0.0821
  0.0651
  0.0566
  0.0566
  0.0510
  0.0453
  0.0538
  0.5663
  0.1557
  0.1104
  0.0821
  0.0680
  0.0623
  0.0538
  0.0538
  0.0510
  0.0481
  0.0453
  0.1161
  0.1048
  0.0991
  0.0906
  0.0850
  0.0793
  0.0736
  0.0708
  0.0708
  0.0736
  0.0651
  0.0623
  0.5947
  2.8883
  0.9061
  0.3115
  0.5380
  0.4814
  0.2690
  0.1954
  0.1529
  0.1303
  0.1246
  0.2747
  4.3891
  5.9465
  2.3786
  0.5947
  0.3681
  0.2577
  0.2152
  0.1841
  0.1614
  0.1472
  0.1303
  0.1218
  0.1189
  0.1076
  0.1104
  0.1246
  0.1019
  0.0991
  0.0906
  0.0850
  0.1076
  0.2350
  0.2152
  0.2152
  0.1841
  0.1161
  0.0878
  0.0793
  0.1161
  0.1076
  0.0850
  0.0765
  0.0708
  0.0623
  0.0595
  0.0566
  0.0538
  0.9061
  1.1893
  0.3115
  0.1416
  0.1189
  0.0963
  0.0850
  0.0765
  0.0708
  0.0680
  0.0680
  0.0680
  0.0623
  0.0595
  0.0566
  0.0566
  0.0566
  0.0623
  0.0623
  0.1048
  0.1218
  0.0708
  0.0595
  0.0538
  0.0510
  0.0481
  0.0481
  0.0736
  0.0878
  0.0765
  0.0680
  0.0538
  0.0453
  0.0453
  0.1133
  0.0906
  0.0708
  0.1076
  0.0821
  0.1048
  0.1926
  0.1189
  0.1699
  0.0906
  0.0623
  0.0510
  0.0453
  0.0396
  0.0368
  0.0368
  0.0425
  0.0425
  0.0368
  0.0396
  0.0368
  0.0368
  0.0368
  0.0340
  0.0311
  0.0283
  0.0283
  0.1472
  0.5097
  0.1472
  0.1104
  0.1019
  0.1614
  0.2520
  0.1076
  0.0736
  0.0595
  0.0538
  0.0481
  0.0453
  0.0538
  0.1303
  0.0963
  0.0680
  0.0538
  0.0453
  0.0368
  0.0368
  0.0396
  0.0368
  0.0340
  0.0311
  0.0311
  0.0311
  0.0453
  0.0396
  0.0340
  0.0311
  0.0311
  0.0275
  0.0263
  0.0249
  0.0249
  0.0311
  0.0311
  0.0311
  0.0396
  0.0566
  0.0538
  0.0453
  0.0396
  0.0396
  0.0311
  0.0283
  0.0275
  0.0311
  0.0311
  0.0275
  0.0249
  0.0340
  0.0311
  0.0283
  0.0275
  0.0275
  0.0263
  0.0311
  0.0396
  0.0396
  0.5380
  0.4248
  1.3026
  0.4248
  0.3115
  0.2633
  0.2379
  0.2095
  0.1954
  0.2067
  0.3115
  0.4814
  0.7362
  0.5380
  2.2370
  1.2743
  0.5663
  0.4814
  0.9061
  0.3681
  0.2832
  0.2435
  1.5291
  0.6513
  0.2379
  0.3115
  1.1044
  0.8778
  0.4248
  0.2435
  0.2435
  0.1869
  0.3398
  0.3681
  0.1926
  0.4248
  0.9628
  0.2775
  0.5380
  0.4531
  0.2832
  0.3681
  0.2209
  0.2832
  0.1954
  0.1699
  0.2832
  0.1727
  0.1388
  0.1218
  0.1104
  0.1019
  0.0934
  0.0878
  0.0821
  0.0850
  0.0878
  0.2152
  0.4248
  0.5380
  0.1699
  0.1246
  0.0991
  0.0878
  0.1019
  0.1388
  0.1218
  0.1048
  0.0991
  0.0850
  0.0906
  0.1359
  0.1841
  0.1019
  0.0821
  0.2209
  0.1472
  0.0991
  0.0850
  0.3115
  0.3115
  0.5947
  0.6230
  0.2520
  0.1614
  0.1586
  0.2209
  0.1472
  0.1048
  0.0906
  0.0963
  0.4248
  0.1841
  0.2095
  0.1388
  0.0991
  0.0878
  0.0793
  0.0765
  0.0765
  0.0736
  0.0680
  0.0651
  0.0623
  0.0651
  0.0680
  0.0793
  0.0821
  0.5380
  0.4814
  0.1727
  0.1189
  0.3115
  0.1727
  0.1189
  0.0934
  0.0793
  0.0821
  0.1359
  0.0878
  0.0736
  0.0680
  0.0623
  0.0623
  0.0595
  0.0566
  0.0566
  0.0510
  0.0481
  0.0481
  0.0481
  0.0453
  0.0453
  0.0396
  0.0396
  0.0396
  0.0396
  0.0708
  0.1019
  0.0566
  0.0453
  0.0396
  0.0368
  0.0311
  0.0311
  0.0623
  0.0680
  0.0481
  0.0453
  0.0510
  0.0453
  0.0396
  0.0311
  0.0311
  0.0275
  0.0249
  0.0241
  0.0249
  0.0311
  0.0283
  0.0275
  0.0249
  0.0241
  0.0241
  0.0275
  0.0311
  0.0311
  0.0283
  0.3964
  3.0016
  0.7362
  0.1529
  0.0821
  0.0623
  0.0481
  0.0425
  0.0368
  0.0340
  0.0311
  0.0283
  0.0283
  0.0368
  0.0311
  0.1784
  0.1501
  0.1416
  0.1274
  0.1189
  0.1161
  0.1189
  0.2067
  0.1274
  0.1048
  0.1076
  0.1104
  0.1246
  0.0963
  0.0821
  0.0765
  0.0736
  0.0680
  0.0651
  0.0906
  0.1303
  0.0934
  0.2662
  0.9628
  0.3681
  0.2067
  0.1642
  0.0991
  0.3398
  0.1784
  0.1189
  0.0906
  0.0736
  0.0623
  0.0566
  0.0538
  0.0538
  0.0538
  0.0538
  0.0538
  0.0538
  0.0566
  0.0538
  0.0510
  0.0453
  0.0453
  0.0425
  0.0396
  0.0368
  0.0340
  0.0425
  0.4814
  0.4248
  0.2379
  0.1982
  0.2690
  0.3115
  0.1614
  0.1019
  0.0821
  0.0708
  0.0623
  0.0566
  0.0538
  0.0481
  0.0453
  0.0453
  0.0425
  0.0425
  0.0396
  0.0396
  0.0396
  0.0396
  0.0396
  0.0396
  0.0425
  0.0453
  0.0481
  0.0425
  0.0425
  0.0396
  0.0368
  0.0368
  0.0425
  0.0651
  0.1104
  0.1019
  0.2803
  0.4814
  0.1303
  0.1331
  0.1586
  0.2265
  0.2832
  0.1642
  0.1246
  0.1727
  0.1954
  0.7362
  0.2152
  0.1529
  0.1019
  0.2577
  0.1642
  0.0963
  0.1218
  0.5947
  0.2520
  0.1359
  0.0963
  0.0793
  0.0708
  0.1416
  1.6424
  0.5097
  0.4814
  0.4248
  0.1472
  0.1019
  0.0850
  0.0765
  0.0736
  0.0651
  0.1189
  0.0878
  0.0651
  0.0538
  0.0566
  0.0538
  0.0510
  0.0934
  0.0680
  0.0510
  0.0510
  0.0566
  0.1586
  0.2067
  0.1076
  0.4531
  0.1472
  0.1841
  0.1019
  0.0736
  0.0595
  0.1161
  0.0991
  0.0736
  0.0623
  0.0538
  0.0481
  0.0453
  0.0396
  0.0396
  0.0481
  0.0538
  0.0595
  0.0821
  0.0566
  0.0481
  0.0425
  0.0368
  0.0340
  0.0368
  0.0425
  0.0821
  0.0680
  0.0934
  0.0821
  0.5380
  0.2577
  0.2464
  0.1104
  0.0878
  0.0934
  0.0623
  0.0566
  0.0510
  0.0453
  0.0396
  0.0368
  0.0368
  0.0396
  3.9077
  0.0623
  0.1076
  0.2605
  0.2067
  1.3875
  1.3026
  0.5097
  0.2067
  0.1501
  0.7079
  0.3681
  0.2010
  2.2653
  0.3115
  0.1954
  0.1586
  0.1388
  0.1189
  0.1019
  0.0906
  0.0821
  0.0765
  0.0765
  0.0708
  0.0765
  0.3681
  0.5663
  0.4531
  0.7362
  0.2520
  0.1586
  1.9255
  2.4636
  0.4814
  0.5097
  0.2775
  0.1926
  0.1586
  0.1359
  0.1303
  0.1218
  0.1076
  0.1416
  3.9927
  0.5663
  0.3115
  0.2633
  0.2067
  0.1869
  0.1841
  0.1586
  0.1586
  0.1388
  0.1189
  0.1048
  0.1501
  0.1416
  0.1246
  0.2407
  0.1727
  0.1784
  0.1954
  0.2209
  0.1869
  0.1954
  0.1274
  0.0991
  0.0850
  0.0765
  0.0736
  0.0680
  0.0651
  0.1557
  0.3115
  0.2010
  0.2067
  0.1303
  0.0991
  0.0793
  0.0878
  0.1019
  0.0878
  0.0793
  0.0878
  0.1161
  0.0934
  0.0680
  0.0623
  0.0906
  0.1076
  0.0765
  0.0623
  0.0708
  0.1756
  0.0934
  0.0651
  0.0538
  0.0481
  0.1048
  0.8212
  0.1982
  1.4158
  0.2832
  0.1699
  0.1048
  0.0793
  0.0708
  0.1359
  0.1303
  0.0878
  0.0708
  0.0623
  0.3681
  0.3115
  0.1586
  0.1133
  0.0934
  0.0821
  0.0793
  0.0708
  0.0708
  0.0708
  0.0623
  0.0623
  0.0623
  0.0623
  0.0708
  0.0708
  0.0793
  0.0878
  0.1104
  0.1926
  0.1218
  0.1048
  0.0793
  0.0651
  0.0623
  0.1529
  0.1841
  0.1529
  0.0963
  0.0708
  0.0651
  0.4248
  0.4248
  0.2067
  0.1416
  0.1189
  0.0934
  0.0793
  0.0708
  0.0708
  0.0623
  0.0566
  0.0538
  0.0481
  0.0481
  0.0481
  0.0481
  0.0453
  0.0538
  0.0736
  0.1189
  0.0708
  0.0566
  0.0481
  0.0453
  0.0453
  0.0425
  0.0425
  0.0425
  0.0425
  0.0425
  0.2265
  0.1841
  0.1529
  0.0793
  0.0538
  0.0396
  0.0311
  0.0283
  0.0249
  0.0241
  0.0368
  0.0396
  0.0481
  0.0425
  0.0708
  0.0623
  0.0453
  0.0368
  0.0311
  0.0283
  0.0275
  0.0275
  0.0249
  0.0241
  0.0249
  0.0241
  0.0227
  0.0227
  0.0311
  0.0538
  0.0481
  0.0453
  0.0368
  0.0368
  0.0340
  0.1133
  0.0878
  0.0538
  0.0396
  0.0311
  0.0263
  0.0241
  0.0227
  0.0207
  0.0198
  0.0190
  0.0178
  0.0170
  0.0161
  0.0161
  0.0161
  0.0161
  0.0153
  0.0153
  0.0144
  0.0144
  0.0136
  0.0153
  0.0368
  0.0283
  0.0198
  0.0178
  0.0178
  0.0161
  0.0136
  0.0127
  0.0110
  0.0102
  0.0102
  0.0096
  0.0096
  0.0096
  0.0096
  0.0127
  0.0153
  0.0127
  0.0102
  0.0096
  0.0079
  0.0071
  0.0071
  0.0122
  0.0311
  0.0170
  0.0113
  0.0102
  0.0161
  0.0065
  0.0062
  0.0065
  0.0082
  0.0096
  0.0082
  0.0091
  0.0263
  0.0368
  0.1303
  0.0878
  0.0368
  0.0481
  0.0708
  0.0481
  0.1444
  0.0821
  0.0425
  0.0283
  0.0275
  0.0227
  0.0195
  0.0161
  0.0136
  0.0113
  0.0099
  0.0099
  0.0099
  0.0091
  0.0091
  0.0099
  0.0708
  0.0425
  0.0283
  0.0263
  0.0215
  0.0161
  0.0153
  1.4442
  1.2743
  0.1841
  0.1019
  0.0736
  0.0623
  0.0623
  0.0651
  0.0963
  0.0793
  0.0651
  0.0878
  0.0906
  0.1671
  0.1019
  0.0821
  0.0651
  0.0538
  0.0481
  0.0425
  0.0821
  0.0963
  0.0708
  0.0566
  0.0481
  0.0481
  0.0425
  0.0481
  0.0906
  0.2095
  0.3115
  0.3681
  0.7362
  0.2464
  0.1388
  0.0878
  0.0708
  0.0566
  0.0623
  0.0538
  0.0481
  0.0481
  0.0396
  0.0368
  0.0311
  0.0311
  0.0283
  0.0275
  0.0283
  0.0311
  0.0368
  0.0396
  0.0481
  0.0481
  0.0425
  0.0425
  0.0425
  0.0425
  0.0708
  0.0793
  0.0623
  0.0425
  0.0368
  0.0311
  0.0311
  0.0368
  0.0425
  0.0623
  0.2152
  0.2039
  0.1841
  0.1614
  0.4531
  0.2577
  0.1699
  0.3681
  1.2743
  3.3414
  5.0970
  2.1238
  0.8778
  1.1044
  1.1044
  0.4248
  0.2832
  0.2152
  0.1841
  0.1614
  0.1416
  0.1303
  0.1161
  0.1048
  0.1019
  0.0963
  0.0906
  0.0878
  0.0850
  0.0793
  0.0765
  0.0736
  0.0878
  0.0878
  0.0765
  0.0736
  0.0708
  0.0736
  0.0934
  0.0736
  0.0906
  0.0623
  0.0566
  0.0538
  0.0566
  0.0566
  0.0510
  0.0934
  0.0878
  0.2520
  2.0388
  9.3729
  1.3026
  0.3964
  0.2520
  0.2209
  0.1699
  0.1331
  0.1161
  0.1274
  0.1133
  0.0991
  0.0991
  0.0963
  0.0850
  0.0793
  0.0765
  0.0736
  0.0680
  0.0651
  0.0623
  0.0651
  0.0680
  0.0623
  0.0595
  0.0538
  0.0538
  0.0510
  0.0510
  0.0481
  0.0481
  0.0453
  0.0453
  0.0425
  0.0425
  0.0425
  0.0481
  0.0481
  0.0538
  0.0481
  0.0396
  0.0396
  0.0396
  0.0368
  0.0396
  0.0425
  0.0425
  0.0453
  0.2718
  0.1104
  0.0623
  0.0481
  0.0425
  0.1019
  0.0850
  0.0736
  0.0510
  0.0651
  0.1699
  0.0736
  0.0793
  0.6796
  0.2039
  0.0736
  0.0566
  0.0425
  0.0425
  0.0481
  0.0453
  0.0368
  0.0340
  0.0595
  0.0425
  0.0510
  0.0453
  0.0368
  0.0340
  0.0340
  0.0368
  0.0311
  0.3398
  0.5097
  0.1472
  0.0736
  0.1161
  0.0736
  0.0510
  0.0425
  0.0566
  0.1841
  0.0821
  0.0481
  0.0425
  0.0453
  0.0425
  0.0368
  0.0340
  0.0311
  0.0283
  0.0275
  0.0266
  0.0252
  0.0227
  0.0215
  0.0252
  0.0368
  0.0311
  0.0481
  0.0425
  0.0368
  0.1727
  0.2152
  0.1048
  0.0765
  0.0651
  0.0623
  0.1416
  0.0878
  0.0680
  0.0680
  0.0623
  0.0566
  0.0538
  0.0538
  0.0566
  0.0538
  0.0538
  0.0736
  0.0623
  0.0566
  0.0510
  0.0481
  0.0481
  0.2322
  0.1897
  0.1642
  0.1614
  0.1784
  0.1416
  0.1303
  0.1444
  1.6990
  2.5485
  0.4248
  0.2577
  0.2549
  0.2718
  0.1784
  0.2605
  0.3115
  0.1954
  0.6230
  1.0194
  0.3398
  0.2039
  0.1699
  0.4248
  0.4248
  0.2775
  0.2039
  0.2577
  0.2322
  0.2010
  0.2152
  0.2464
  0.1501
  0.2039
  0.5097
  0.2209
  0.1699
  0.1501
  0.1416
  0.1331
  0.1274
  0.1218
  0.1161
  0.1104
  0.1048
  0.1048
  0.1048
  0.1019
  0.0963
  0.0934
  0.0934
  0.0991
  0.0991
  0.0963
  0.0906
  0.0878
  0.0850
  0.0821
  0.0793
  0.0793
  0.0765
  0.0765
  0.0736
  0.0708
  0.0680
  0.0680
  0.0680
  0.0651
  0.0651
  0.0680
  0.0680
  0.0680
  0.0765
  0.0991
  0.1274
  0.1161
  0.1161
  0.1303
  0.0934
  0.0793
  0.0736
  0.0708
  0.0680
  0.0708
  0.0680
  0.0651
  0.0651
  0.0623
  0.0623
  0.0623
  0.3115
  0.1727
  0.1104
  0.0878
  0.0793
  0.0906
  0.0934
  0.0765
  0.0708
  0.0651
  0.0623
  0.0680
  0.2350
  0.3964
  0.1274
  0.0991
  0.0793
  0.0736
  0.0765
  0.0651
  0.0623
  0.0595
  0.0566
  0.5947
  0.4248
  0.1331
  0.0934
  0.0793
  0.0736
  0.0623
  0.0623
  0.0623
  0.1104
  0.0821
  0.0708
  0.0623
  0.0595
  0.0538
  0.0538
  0.0481
  0.0481
  0.0481
  0.0538
  0.0566
  0.1359
  0.0906
  0.0680
  0.0595
  0.0538
  0.0481
  0.0481
  0.0453
  0.0425
  0.0425
  0.0481
  0.0425
  0.0425
  0.0453
  0.0481
  0.0481
  0.0453
  0.0425
  0.0396
  0.0425
  0.0963
  0.1897
  0.0934
  0.0595
  0.0481
  0.0425
  0.0396
  0.0396
  0.0481
  0.0425
  0.0368
  0.0340
  0.0340
  0.0340
  0.0311
  0.0283
  0.0275
  0.0275
  0.0266
  0.0275
  0.0266
  0.0266
  0.0368
  0.0481
  0.0793
  0.1444
  0.0623
  0.0453
  0.0623
  0.9345
  0.6796
  0.3398
  0.2095
  0.2265
  0.2464
  0.2832
  0.2577
  0.1472
  0.1189
  0.1642
  0.2265
  0.1699
  0.1161
  0.0963
  0.0793
  0.0736
  0.0736
  0.0793
  0.7079
  0.3115
  0.1416
  0.1133
  0.0878
  0.0821
  0.0765
  0.0736
  0.2265
  0.1416
  0.2549
  0.1274
  0.2265
  0.1699
  0.1274
  0.0991
  0.1104
  0.0934
  0.0934
  0.9911
  1.6990
  1.1327
  0.2832
  0.3964
  0.2152
  0.1586
  0.1274
  0.0850
  0.0708
  0.0651
  0.0595
  0.0538
  0.0510
  0.0481
  0.0453
  0.0991
  0.0765
  0.0623
  0.0566
  0.0481
  0.0425
  0.0368
  0.0340
  0.0311
  0.0311
  0.0311
  0.0283
  0.0283
  0.0283
  0.0283
  0.0680
  0.1133
  0.1133
  0.0708
  0.0566
  0.0453
  0.0396
  0.0340
  0.0311
  0.0283
  0.0283
  0.0340
  0.0311
  0.0311
  0.0283
  0.0283
  0.1416
  0.0566
  0.1048
  0.2265
  0.1699
  0.2832
  0.1416
  0.1416
  0.1982
  0.1161
  0.0991
  0.3398
  0.9911
  0.6230
  0.3398
  0.1812
  0.1416
  0.1699
  0.2832
  0.2832
  1.1327
  0.3964
  0.2492
  0.1614
  0.5097
  0.3398
  0.1897
  0.1416
  0.1699
  0.1416
  0.1218
  0.0991
  0.0906
  0.0765
  0.0765
  0.0680
  0.0651
  0.0651
  0.0680
  0.0934
  0.0736
  0.0623
  0.0566
  0.0538
  0.1331
  0.1784
  0.0906
  0.1812
  0.1274
  0.0878
  0.2832
  0.1416
  0.1048
  0.0906
  0.0793
  0.0765
  0.1189
  0.1161
  0.0793
  0.0623
  0.0793
  0.0765
  0.0793
  0.2718
  0.1388
  0.0850
  0.0765
  0.1331
  0.1161
  0.0793
  0.0651
  0.1444
  0.1954
  0.1897
  0.1189
  0.0821
  0.0680
  0.0595
  0.0793
  0.0793
  0.0623
  0.0595
  0.0538
  0.0481
  0.0425
  0.1784
  0.1161
  0.0850
  0.1019
  0.4248
  0.1274
  0.0850
  0.0680
  0.0623
  0.0680
  0.1189
  0.1954
  0.3964
  0.1104
  3.2564
  1.8972
  0.3115
  0.1331
  0.0963
  0.0765
  0.0680
  0.0623
  0.0595
  0.0566
  0.0595
  0.1019
  0.5097
  0.1642
  0.1019
  0.0991
  0.0906
  0.3398
  1.8972
  0.2832
  0.3681
  1.2743
  0.2775
  0.3398
  0.3398
  0.4531
  0.1388
  0.2775
  0.1161
  0.0765
  0.0651
  0.1642
  0.1048
  0.0680
  0.0538
  0.0481
  0.0425
  0.0396
  0.0425
  0.0906
  0.0595
  0.0481
  0.0425
  0.0368
  0.0396
  0.0396
  0.0396
  0.0396
  0.0368
  0.0396
  0.0396
  0.0396
  0.0340
  0.0368
  0.0368
  0.0340
  0.0283
  0.0275
  0.0275
  0.0275
  0.0311
  0.0275
  0.0266
  0.0266
  0.0252
  0.0252
  0.0252
  0.0238
  0.0266
  0.0252
  0.0252
  0.0252
  0.0252
  0.0252
  0.0252
  0.0238
  0.0266
  0.0266
  0.0275
  0.0266
  0.0311
  0.0340
  0.0283
  0.0368
  0.0453
  0.0266
  0.0238
  0.0238
  0.0164
  0.0481
  0.0266
  0.0190
  0.0139
  0.0119
  0.0119
  0.0190
  0.0283
  0.0340
  0.0765
  0.0680
  0.0425
  0.1048
  0.0906
  0.0510
  0.0311
  0.0139
  0.0042
  0.0048
  0.0042
  0.0042
  0.0042
  0.0040
  0.0042
  0.0042
  0.0048
  0.1416
  0.0566
  0.0057
  0.0028
  0.0028
  0.0057
  0.0028
  0.0023
  0.0023
  0.0023
  0.0023
  0.0057
  0.0170
  0.0085
  0.0057
  0.0028
  0.0028
  0.0028
  0.0028
  0.0085
  0.0227
  0.0170
  0.0113
  0.0017
  0.0017
  0.0017
  0.0017
  0.0017
  0.0017
  0.0017
  0.0017
  0.0057
  0.0283
  0.0113
  0.0028
  0.0028
  0.0028
  0.0170
  0.0057
  0.0028
  0.0023
  0.0023
  0.0023
  0.0113
  0.0227
  0.0113
  0.0028
  0.0028
  0.0113
  0.0057
  0.0028
  0.0028
  0.0057
  0.0425
  0.4248
  0.2832
  0.0340
  0.0006
  0.0006
  0.0006
  0.0006
  0.0006
  0.0006
  0.0006
  0.0006
  0.0006
  0.0006
  0.2832
  0.2577
  0.2832
  0.5380
  1.3592
  1.7840
  0.5380
  0.1388
  0.1133
  0.0963
  0.0878
  0.0793
  0.0736
  0.0680
  0.0651
  0.0595
  0.0623
  0.0765
  0.4814
  0.6230
  0.2633
  0.2605
  0.6230
  1.2743
  0.3115
  0.1416
  0.1161
  0.1019
  0.0934
  0.0906
  0.1048
  0.0991
  0.0736
  0.0425
  0.0396
  0.0396
  0.0340
  0.0340
  0.0368
  0.0340
  0.0340
  0.0368
  0.0368
  0.0368
  0.0368
  0.0368
  0.0368
  0.0368
  0.0368
  0.0368
  0.0368
  0.0340
  0.0368
  0.0396
  0.0368
  0.0340
  0.0340
  0.0340
  0.0340
  0.0184
  0.0093
  0.0093
  0.0085
  0.0085
  0.0076
  0.0085
  0.0085
  0.0102
  0.0102
  0.0110
  0.0110
  0.0119
  0.0110
  0.0110
  0.0102
  0.0130
  0.0119
  0.0110
  0.0110
  0.0110
  0.0110
  0.0093
  0.0085
  0.0085
  0.0085
  0.0076
  0.0071
  0.0085
  0.0085
  0.0076
  0.0071
  0.0093
  0.0139
  0.0093
  0.0071
  0.0054
  0.0054
  0.0065
  0.0227
  0.0368
  0.0934
  0.0159
  0.0076
  0.0076
  0.0076
  0.0071
  0.0071
  0.0065
  0.0054
  0.0048
  0.0048
  0.0048
  0.0048
  0.0048
  0.0048
  0.0048
  0.0048
  0.0048
  0.0054
  0.0059
  0.0071
  0.0065
  0.0054
  0.0059
  0.0054
  0.0059
  0.0054
  0.0065
  0.0085
  0.0093
  0.0076
  0.0074
  0.0040
  0.0020
  0.0017
  0.0014
  0.0011
  0.0017
  0.0020
  0.0017
  0.0028
  0.0023
  0.0023
  0.0020
  0.0017
  0.0017
  0.0017
  0.0017
  0.0017
  0.0020
  0.0023
  0.0023
  0.0023
  0.0023
  0.0023
  0.0023
  0.0025
  0.0028
  0.0028
  0.0028
  0.0034
  0.0028
  0.0034
  0.0040
  0.0028
  0.0028
  0.0040
  0.0042
  0.0071
  0.0071
  0.0071
  0.0065
  0.0065
  0.0108
  0.0275
  0.0085
  0.0011
  0.0011
  0.0008
  0.0008
  0.0008
  0.0011
  0.0011
