  0.3115
  0.2492
  0.2407
  0.2095
  0.2265
  0.2067
  0.1926
  0.1926
  0.2095
  0.2577
  0.2832
  0.6230
  0.3681
  0.2718
  0.2407
  0.2095
  0.2067
  0.1926
  0.1897
  0.1841
  0.1841
  0.1841
  0.4248
  0.3398
  0.2718
  0.3681
  0.2718
  0.3964
  0.3115
  0.2662
  0.2322
  0.2095
  0.1982
  0.1926
  0.1897
  0.1841
  0.1841
  0.1841
  0.1841
  0.1841
  0.1841
  0.1841
  0.1841
  0.1841
  0.1841
  0.1756
  0.1699
  0.1699
  0.1699
  0.1699
  0.1756
  0.1699
  0.1699
  0.1699
  0.1699
  0.1699
  0.1699
  0.1699
  0.1699
  0.1756
  0.1756
  0.1756
  0.1699
  0.1699
  0.1699
  0.1699
  0.1671
  0.1671
  0.1671
  0.1671
  0.1671
  0.1671
  0.1671
  0.1671
  0.1671
  0.1671
  0.1671
  0.1699
  0.1699
  0.1699
  0.1699
  0.1671
  0.1671
  0.1671
  0.1671
  0.1671
  0.1671
  0.1671
  0.1699
  0.1671
  0.1671
  0.1671
  0.1671
  0.1671
  0.1671
  0.1756
  0.1699
  0.1699
  0.1671
  0.1671
  0.1671
  0.1671
  0.1671
  0.1756
  0.1699
  0.1671
  0.1671
  0.1586
  0.1586
  0.1756
  0.1926
  0.1699
  0.1671
  0.1586
  0.1444
  0.1444
  0.1388
  0.1388
  0.1388
  0.1388
  0.1388
  0.1388
  0.1359
  0.1359
  0.1444
  0.1699
  0.1501
  0.1388
  0.1359
  0.1444
  0.1444
  0.1388
  0.1444
  0.1388
  0.1359
  0.1359
  0.1359
  0.1359
  0.1359
  0.1359
  0.1359
  0.1359
  0.1359
  0.1359
  0.1359
  0.1359
  0.1359
  0.1359
  0.1359
  0.1303
  0.1303
  0.1303
  0.1303
  0.1303
  0.1303
  0.1303
  0.1303
  0.1303
  0.1274
  0.1274
  0.1274
  0.1303
  0.1303
  0.1274
  0.1303
  0.1303
  0.1303
  0.1274
  0.1218
  0.1218
  0.1218
  0.1218
  0.1218
  0.1218
  0.1218
  0.1218
  0.1218
  0.1218
  0.1218
  0.1218
  0.1218
  0.1218
  0.1218
  0.1133
  0.2633
  0.2577
  0.1756
  0.1501
  0.1359
  0.1274
  0.1218
  0.1218
  0.1189
  0.1189
  0.1189
  0.1189
  0.1189
  0.1189
  0.1133
  0.1133
  0.1133
  0.1133
  0.1133
  0.1133
  0.1133
  0.1133
  0.1133
  0.1133
  0.1133
  0.1133
  0.1133
  0.1133
  0.1133
  0.1133
  0.1133
  0.1133
  0.1133
  0.1133
  0.1133
  0.1133
  0.1133
  0.1189
  0.1218
  0.1926
  0.1614
  0.1359
  0.1218
  0.1359
  0.1218
  0.1218
  0.1189
  0.1189
  0.1274
  0.1218
  0.1189
  0.1189
  0.1189
  0.1189
  0.1189
  0.1189
  0.1189
  0.1189
  0.1189
  0.1189
  0.1189
  0.1189
  0.1218
  0.1218
  0.1218
  0.1218
  0.1274
  0.1274
  0.1274
  0.1274
  0.1218
  0.1218
  0.1218
  0.1218
  0.1189
  0.1189
  0.1189
  0.1189
  0.1189
  0.1189
  0.1218
  0.1274
  0.1274
  0.1274
  0.1303
  0.1359
  0.1359
  0.1359
  0.1359
  0.1614
  0.1359
  0.1359
  0.1303
  0.1303
  0.1274
  0.1274
  0.1218
  0.1218
  0.1189
  0.1274
  0.1274
  0.1274
  0.1218
  0.1274
  0.1218
  0.1218
  0.1359
  0.1303
  0.1274
  0.1218
  0.1218
  0.1218
  0.1218
  0.1218
  0.1218
  0.1218
  0.1274
  0.1218
  0.1218
  0.1218
  0.1218
  0.1218
  0.1189
  0.1189
  0.1189
  0.1274
  0.1274
  0.1189
  0.1189
  0.1189
  0.1189
  0.1189
  0.1189
  0.1189
  0.1189
  0.1189
  0.1189
  0.1189
  0.1189
  0.1189
  0.1189
  0.1189
  0.1189
  0.1189
  0.1189
  0.1189
  0.1189
  0.1189
  0.1189
  0.1133
  0.1133
  0.1104
  0.1104
  0.1104
  0.1104
  0.1104
  0.1104
  0.1104
  0.1104
  0.1104
  0.1104
  0.1104
  0.1048
  0.1048
  0.1048
  0.1048
  0.1048
  0.1104
  0.1104
  0.1104
  0.1104
  0.1104
  0.1048
  0.1048
  0.1048
  0.1048
  0.1048
  0.1048
  0.1048
  0.1048
  0.1048
  0.1048
  0.0963
  0.1784
  0.3115
  0.2577
  0.2152
  0.1784
  0.2633
  0.3115
  0.2832
  0.3681
  0.8495
  0.3964
  0.2265
  0.2747
  0.2549
  0.1926
  0.1529
  0.1359
  0.1274
  0.1189
  0.1133
  0.1104
  0.1104
  0.3115
  0.5663
  0.9061
  0.6513
  0.3681
  0.2832
  0.2464
  0.1699
  0.1784
  0.1784
  0.2379
  0.2549
  0.6230
  0.3398
  0.3398
  0.3398
  0.3398
  0.3398
  0.3398
  0.3398
  0.3398
  0.1501
  0.1501
  0.1501
  0.1501
  0.1501
  0.1501
  0.1104
  0.1104
  0.1104
  0.1104
  0.1104
  0.1104
  0.1104
  0.1104
  0.1104
  0.1104
  0.1104
  0.2095
  0.2095
  0.2095
  0.3964
  0.3964
  0.1303
  0.1303
  0.1303
  0.1303
  0.1303
  0.1303
  0.1303
  0.1133
  0.1133
  0.1104
  0.1048
  0.1133
  0.3398
  0.3398
  0.1841
  0.1841
  0.1841
  0.3681
  0.3681
  0.3681
  0.1671
  0.1671
  0.1671
  0.1671
  0.1671
  0.1303
  0.1303
  0.1274
  0.1274
  0.1274
  0.1303
  0.1303
  0.1303
  0.1274
  0.1274
  0.1359
  0.1359
  0.1359
  0.1359
  0.1359
  0.1303
  0.1303
  0.1303
  0.1359
  0.1303
  0.1274
  0.1274
  0.1218
  0.1218
  0.1218
  0.1218
  0.1218
  0.1218
  0.1161
  0.1161
  0.1218
  0.1218
  0.1218
  0.1218
  0.1161
  0.1161
  0.1133
  0.1104
  0.1104
  0.1104
  0.1104
  0.1104
  0.1104
  0.1048
  0.1048
  0.1048
  0.1048
  0.1048
  0.1048
  0.1019
  0.1104
  0.1133
  0.1048
  0.1019
  0.1019
  0.1019
  0.1019
  0.1019
  0.1019
  0.1019
  0.1019
  0.1048
  0.1104
  0.1189
  0.1104
  0.1104
  0.1303
  0.1359
  0.1189
  0.1133
  0.1104
  0.1189
  0.1303
  0.1161
  0.1218
  0.1161
  0.1161
  0.1104
  0.1104
  0.1104
  0.1104
  0.1104
  0.1104
  0.1218
  0.1218
  0.1161
  0.1161
  0.1161
  0.1161
  0.1104
  0.1161
  0.1161
  0.1586
  0.1529
  0.1501
  0.1642
  0.1529
  0.1501
  0.1501
  0.2095
  0.2803
  0.1982
  0.1727
  0.1642
  0.1586
  0.1699
  0.3115
  0.2407
  0.2180
  0.1982
  0.1727
  0.1699
  0.1586
  0.1642
  0.1642
  0.1529
  0.1501
  0.1501
  0.1501
  0.1501
  0.1501
  0.1501
  0.1501
  0.1501
  0.1501
  0.3115
  0.2407
  0.1926
  0.1699
  0.1642
  0.1586
  0.1529
  0.1501
  0.1501
  0.1501
  0.1501
  0.1501
  0.1501
  0.1501
  0.1501
  0.1501
  0.1501
  0.1501
  0.1501
  0.1501
  0.1444
  0.1444
  0.1444
  0.1444
  0.1444
  0.1444
  0.1444
  0.1444
  0.1444
  0.1501
  0.1501
  0.1926
  0.1699
  0.1529
  0.1529
  0.1529
  0.1529
  0.1699
  0.1642
  0.1586
  0.1529
  0.1529
  0.1529
  0.1529
  0.1529
  0.1529
  0.1529
  0.1529
  0.1529
  0.1529
  0.1529
  0.1529
  0.1529
  0.1586
  0.1642
  0.1642
  0.1586
  0.1586
  0.1642
  0.1642
  0.1586
  0.1586
  0.1586
  0.1642
  0.1642
  0.1642
  0.1642
  0.1699
  0.1642
  0.1642
  0.1529
  0.1529
  0.1529
  0.1699
  0.1586
  0.1586
  0.1586
  0.1529
  0.1529
  0.1529
  0.1529
  0.1529
  0.1529
  0.1586
  0.1586
  0.1529
  0.1472
  0.1472
  0.1472
  0.1472
  0.1472
  0.1472
  0.1472
  0.1416
  0.1331
  0.1331
  0.1331
  0.1331
  0.1331
  0.1331
  0.1331
  0.1331
  0.1331
  0.1331
  0.1331
  0.1331
  0.1303
  0.1303
  0.1784
  0.1303
  0.1246
  0.1246
  0.1246
  0.1246
  0.1218
  0.1218
  0.1218
  0.1218
  0.1218
  0.1218
  0.1161
  0.1161
  0.1161
  0.1161
  0.1161
  0.1303
  0.1218
  0.1104
  0.1104
  0.1104
  0.1104
  0.1161
  0.1161
  0.1161
  0.1104
  0.1104
  0.1104
  0.1104
  0.1104
  0.1104
  0.1104
  0.1104
  0.1104
  0.1104
  0.1104
  0.1104
  0.1331
  0.2010
  0.1529
  0.1218
  0.1416
  0.1331
  0.1303
  0.1246
  0.1529
  0.1388
  0.1303
  0.1303
  0.1303
  0.1246
  0.1246
  0.1246
  0.1982
  0.1331
  0.1416
  0.2010
  0.2010
  0.1586
  0.1416
  0.1331
  0.1303
  0.1303
  0.1303
  0.1303
  0.1331
  0.1388
  0.1388
  0.1472
  0.1472
  0.1388
  0.1388
  0.1529
  0.1388
  0.1331
  0.1331
  0.2662
  0.4531
  0.6513
  1.1044
  0.9911
  0.3964
  0.2747
  0.2265
  0.2067
  0.2067
  0.2067
  0.1926
  0.1926
  0.1897
  0.1756
  0.1897
  0.1897
  0.2010
  0.2549
  0.3681
  0.3681
  0.2577
  0.2067
  0.1756
  0.1642
  0.1529
  0.1472
  0.1472
  0.1472
  0.1416
  0.1416
  0.1416
  0.1416
  0.1388
  0.1388
  0.1388
  0.1416
  0.1388
  0.1388
  0.1388
  0.1388
  0.1388
  0.1416
  0.1416
  0.1388
  0.1416
  0.1416
  0.1416
  0.1388
  0.1416
  0.1529
  0.1671
  0.1586
  0.1388
  0.1388
  0.1388
  0.1331
  0.1331
  0.1331
  0.1388
  0.1529
  0.1416
  0.1586
  0.1784
  0.1586
  0.1472
  0.1416
  0.1388
  0.1388
  0.1416
  0.1472
  0.1416
  0.1416
  0.1472
  0.1472
  0.1472
  0.1897
  0.1586
  0.1529
  0.1642
  0.4248
  0.3681
  0.2010
  0.1699
  0.1472
  0.1472
  0.1416
  0.1416
  0.1416
  0.1416
  0.1756
  0.1472
  0.1472
  0.1699
  0.1586
  0.1699
  0.1586
  0.1472
  0.1586
  0.1472
  0.1472
  0.1472
  0.1756
  0.1642
  0.1529
  0.1472
  0.1472
  0.1472
  0.1472
  0.1472
  0.1699
  0.4248
  0.2832
  0.2010
  0.1756
  0.1586
  0.1472
  0.1472
  0.1472
  0.1472
  0.1472
  0.1472
  0.1472
  0.1472
  0.1472
  0.1472
  0.1472
  0.1472
  0.1472
  0.1472
  0.1472
  0.1472
  0.1982
  0.3115
  0.1926
  0.1642
  0.1472
  0.1472
  0.1472
  0.1416
  0.1416
  0.1416
  0.1416
  0.1416
  0.1416
  0.1416
  0.1416
  0.1416
  0.2010
  0.2067
  0.2010
  0.2010
  0.1926
  0.1926
  0.1926
  0.1926
  0.2010
  0.2067
  0.2067
  0.2067
  0.2067
  0.2067
  0.2067
  0.2067
  0.2067
  0.2067
  0.2152
  0.2549
  0.2152
  0.2067
  0.2067
  0.2067
  0.2067
  0.2067
  0.2067
  0.2067
  0.2549
  0.2265
  0.2067
  0.2379
  0.2464
  0.2832
  1.0477
  0.4248
  0.3115
  0.2662
  0.2577
  0.2379
  0.2379
  0.2237
  0.2237
  0.2237
  0.2237
  0.2237
  0.2237
  0.2237
  0.2265
  0.2379
  0.2832
  0.2549
  0.2379
  0.2265
  0.2237
  0.2152
  0.2152
  0.2152
  0.2152
  0.2152
  0.2152
  0.2152
  0.2152
  0.2152
  0.2152
  0.2152
  0.2152
  0.2152
  0.2152
  0.2152
  0.2152
  0.2152
  0.2095
  0.2095
  0.2095
  0.2095
  0.2095
  0.2095
  0.2095
  0.2095
  0.2095
  0.2095
  0.2095
  0.2095
  0.2095
  0.2095
  0.2095
  0.2152
  0.2095
  0.2095
  0.2095
  0.2067
  0.2067
  0.2265
  0.4248
  0.5947
  0.4531
  0.3681
  0.3115
  0.2577
  0.2265
  0.2152
  0.2152
  0.2152
  0.2067
  0.2010
  0.2379
  0.4248
  0.2662
  0.2464
  0.2577
  0.2464
  0.2237
  0.2152
  0.2152
  0.2379
  0.3964
  0.3398
  0.2577
  0.2265
  0.2152
  0.2152
  0.4248
  0.4248
  0.3115
  0.2662
  0.2379
  0.2237
  0.2152
  0.2067
  0.2067
  0.2010
  0.1926
  0.1926
  0.1926
  0.1926
  0.3398
  0.7079
  1.5291
  0.4248
  0.3115
  0.2549
  0.2237
  0.2067
  0.1926
  0.1897
  0.1897
  0.1926
  0.1926
  0.1926
  0.1897
  0.1784
  0.1756
  0.1699
  0.1699
  0.1784
  0.1784
  0.1756
  0.1699
  0.1699
  0.1699
  0.1699
  0.1642
  0.1642
  0.1642
  0.1642
  0.1642
  0.1642
  0.1642
  0.1642
  0.1642
  0.1642
  0.1642
  0.1642
  0.1642
  0.1642
  0.1642
  0.1642
  0.1699
  0.1642
  0.1642
  0.1642
  0.1756
  0.3681
  0.2577
  0.2265
  0.2067
  0.6796
  1.4442
  0.3681
  0.2832
  0.2577
  0.4531
  0.3681
  0.2747
  0.2265
  0.2152
  0.2010
  0.1926
  0.1926
  0.1897
  0.1784
  0.1784
  0.1756
  0.1756
  0.1699
  0.1699
  0.1699
  0.2265
  0.1897
  0.1784
  0.1756
  0.1926
  0.1926
  0.2464
  0.2237
  0.2010
  0.1897
  0.1784
  0.1784
  0.1784
  0.1897
  0.1897
  0.1897
  0.1926
  0.1897
  0.1926
  0.2010
  0.1897
  0.1897
  0.1784
  0.1784
  0.1784
  0.2464
  0.1897
  0.1784
  0.1784
  0.1897
  0.2010
  0.1897
  0.1784
  0.1784
  0.1784
  0.1784
  0.1926
  0.1926
  0.1784
  0.1784
  0.1784
  0.1756
  0.1756
  0.1784
  0.2067
  1.1893
  0.3681
  0.2577
  0.2067
  0.2464
  0.2832
  0.2095
  0.2095
  0.2265
  0.1926
  0.1784
  0.1756
  0.1699
  0.1642
  0.1642
  0.1586
  0.1586
  0.1586
  0.1586
  0.1586
  0.1586
  0.1529
  0.1586
  0.1529
  0.1529
  0.1529
  0.1756
  0.1926
  0.1784
  0.1642
  0.1586
  0.1586
  0.1586
  0.1586
  0.1586
  0.1642
  0.1529
  0.1586
  0.1529
  0.1529
  0.1529
  0.1529
  0.1529
  0.1529
  0.1529
  0.1529
  0.1529
  0.1529
  0.1529
  0.1529
  0.1642
  0.1529
  0.1529
  0.1472
  0.1472
  0.1472
  0.1472
  0.1472
  0.1472
  0.1529
  0.1926
  0.2464
  0.2010
  0.1897
  0.1784
  0.1756
  0.1756
  0.1756
  0.1756
  0.1784
  0.2067
  0.1784
  0.1756
  0.1756
  0.1699
  0.1699
  0.1699
  0.1642
  0.1642
  0.1642
  0.1642
  0.1642
  0.1586
  0.1586
  0.1529
  0.1529
  0.1586
  0.1529
  0.1529
  0.1529
  0.1529
  0.1529
  0.1529
  0.1529
  0.1529
  0.1529
  0.1529
  0.1529
  0.1472
  0.1472
  0.1472
  0.1472
  0.1472
  0.1472
  0.1472
  0.1472
  0.1472
  0.1472
  0.1472
  0.1472
  0.1642
  0.1529
  0.1529
  0.0991
  0.1218
  0.6796
  0.2662
  0.2237
  0.1699
  0.3398
  0.2067
  0.1756
  0.1841
  0.1586
  0.1388
  0.1331
  0.1246
  0.1218
  0.1784
  0.2067
  0.2718
  0.2747
  0.3681
  0.4248
  0.2549
  0.2237
  0.2010
  0.1784
  0.1784
  0.1529
  0.1416
  0.1331
  0.1303
  0.1246
  0.1218
  0.1218
  0.1218
  0.1218
  0.1218
  0.1218
  0.1303
  0.1303
  0.1472
  0.5947
  0.2747
  0.1756
  0.1416
  0.1303
  0.1246
  0.1218
  0.1246
  0.1586
  0.1331
  0.1388
  0.1246
  0.1218
  0.1218
  0.1161
  0.1161
  0.1161
  0.1161
  0.1218
  0.1161
  0.1104
  0.1048
  0.1104
  0.1104
  0.1104
  0.1048
  0.1048
  0.1019
  0.1048
  0.1048
  0.1048
  0.1104
  0.1104
  0.1104
  0.1104
  0.1048
  0.1048
  0.1048
  0.1048
  0.1048
  0.1048
  0.1048
  0.1104
  0.1388
  0.1104
  0.1048
  0.1048
  0.1104
  0.1048
  0.1048
  0.1104
  0.1218
  0.1501
  0.1642
  0.1529
  0.1303
  0.1331
  0.1331
  0.1303
  0.1303
  0.1303
  0.1331
  0.1331
  0.1331
  0.1388
  0.1218
  0.1218
  0.1218
  0.1218
  0.1218
  0.1218
  0.1218
  0.1218
  0.1218
  0.1218
  0.1161
  0.1161
  0.1161
  0.1161
  0.1161
  0.1161
  0.1161
  0.1161
  0.1161
  0.1218
  0.1161
  0.1303
  0.1218
  0.1218
  0.1218
  0.1218
  0.1218
  0.1218
  0.1218
  0.1218
  0.1246
  0.1218
  0.1218
  0.1218
  0.1218
  0.1218
  0.1218
  0.1218
  0.1218
  0.1218
  0.1218
  0.1161
  0.1104
  0.1104
  0.1104
  0.1104
  0.1104
  0.1104
  0.1104
  0.1104
  0.1104
  0.1699
  0.1104
  0.1104
  0.1104
  0.1104
  0.1104
  0.1104
  0.1104
  0.1104
  0.1104
  0.1104
  0.1104
  0.1104
  0.1104
  0.1104
  0.1104
  0.1104
  0.1104
  0.1104
  0.1104
  0.1104
  0.1104
  0.1104
  0.1104
  0.1104
  0.1104
  0.1104
  0.1331
  0.1331
  0.1331
  0.1388
  0.1784
  0.1501
  0.1388
  0.1388
  0.1444
  0.2067
  0.1642
  0.1501
  0.1444
  0.1388
  0.1586
  0.3681
  0.3964
  0.6513
  2.3220
  0.7362
  0.3681
  0.2803
  0.2237
  0.1982
  0.1727
  0.1642
  0.1586
  0.1586
  0.1501
  0.1501
  0.3115
  0.5097
  0.2718
  0.2152
  0.1982
  0.1784
  0.2464
  0.2633
  0.3115
  0.3398
  0.7079
  0.4531
  0.3398
  0.2718
  0.2237
  0.1897
  0.1784
  0.1727
  0.1642
  0.1586
  0.1642
  0.1586
  0.3115
  0.2067
  0.1784
  0.1897
  0.1784
  0.1727
  0.1897
  0.1642
  0.1642
  0.1642
  0.1586
  0.1586
  0.1586
  0.1586
  0.1586
  0.1586
  0.1586
  0.1501
  0.1501
  0.1501
  0.1501
  0.1501
  0.1501
  0.1444
  0.1444
  0.1444
  0.1444
  0.1444
  0.1444
  0.1444
  0.1444
  0.1501
  0.1501
  0.1501
  0.1501
  0.1444
  0.1388
  0.1388
  0.1388
  0.1444
  0.1388
  0.1444
  0.1501
  0.1444
  0.1444
  0.1444
  0.1444
  0.1444
  0.1444
  0.1444
  0.1444
  0.1444
  0.1444
  0.1444
  0.1444
  0.1444
  0.1444
  0.1444
  0.1444
  0.1444
  0.1388
  0.1388
  0.1388
  0.1388
  0.1388
  0.1388
  0.1388
  0.1388
  0.1444
  0.1897
  0.1586
  0.1444
  0.1444
  0.1501
  0.1444
  0.1444
  0.1444
  0.1444
  0.1444
  0.1444
  0.1444
  0.2010
  0.1982
  0.1586
  0.1586
  0.1642
  0.1586
  0.1501
  0.1501
  0.1501
  0.1501
  0.1444
  0.1444
  0.1444
  0.1444
  0.1388
  0.1388
  0.1388
  0.1388
  0.1444
  0.1444
  0.1444
  0.1444
  0.1388
  0.1388
  0.1388
  0.1388
  0.1388
  0.1388
  0.1388
  0.1388
  0.1388
  0.1388
  0.1388
  0.1388
  0.1388
  0.1388
  0.1388
  0.1388
  0.1388
  0.1388
  0.1388
  0.1388
  0.1388
  0.1388
  0.1388
  0.1388
  0.1388
  0.1331
  0.1331
  0.1501
  0.1444
  0.1388
  0.1388
  0.1388
  0.1331
  0.1274
  0.1274
  0.1274
  0.1274
  0.1274
  0.1274
  0.1274
  0.1274
  0.1274
  0.1274
  0.1274
  0.2322
  0.2322
  0.1642
  0.1501
  0.1388
  0.1388
  0.1388
  0.1331
  0.1331
  0.1274
  0.1274
  0.1274
  0.1274
  0.1274
  0.1274
  0.1274
  0.1274
  0.1274
  0.1274
  0.1331
  0.7079
  0.7929
  0.2803
  0.2237
  0.1897
  0.1727
  0.1642
  0.1642
  0.1982
  0.2067
  0.1727
  0.1586
  0.1501
  0.1501
  0.1444
  0.1444
  0.1444
  0.1388
  0.1388
  0.1388
  0.1586
  0.1586
  0.1444
  0.1388
  0.1388
  0.1388
  0.1388
  0.1388
  0.1388
  0.1388
  0.1388
  0.1388
  0.1388
  0.1388
  0.1388
  0.1388
  0.1388
  0.1331
  0.1331
  0.1274
  0.1274
  0.1274
  0.1274
  0.1331
  0.1331
  0.1331
  0.1331
  0.1331
  0.1331
  0.1331
  0.1331
  0.1331
  0.1331
  0.1331
  0.1331
  0.1274
  0.1274
  0.1444
  0.1444
  0.1331
  0.1274
  0.1274
  0.1274
  0.1274
  0.1274
  0.1274
  0.1274
  0.1274
  0.1274
  0.1274
  0.1274
  0.1331
  0.1274
  0.1274
  0.1274
  0.1274
  0.1274
  0.1274
  0.1274
  0.1274
  0.1274
  0.1274
  0.1218
  0.1218
  0.1189
  0.1189
  0.1189
  0.1189
  0.1218
  0.1218
  0.1218
  0.1218
  0.1218
  0.1274
  0.1501
  0.1274
  0.1218
  0.1218
  0.1218
  0.1218
  0.1218
  0.1218
  0.1218
  0.1218
  0.1218
  0.1331
  0.1274
  0.1218
  0.1218
  0.1218
  0.1218
  0.1218
  0.1218
  0.1218
  0.1218
  0.1218
  0.1274
  0.1331
  0.1388
  0.1274
  0.1274
  0.1218
  0.1274
  0.1274
  0.1218
  0.1218
  0.1218
  0.1218
  0.1218
  0.1218
  0.1189
  0.1189
  0.1189
  0.1189
  0.1189
  0.1189
  0.1189
  0.1189
  0.1133
  0.1133
  0.1133
  0.1133
  0.1133
  0.1133
  0.1133
  0.1133
  0.1133
  0.1784
  0.1727
  0.1642
  0.1642
  0.1982
  0.1897
  0.1784
  0.1727
  0.1897
  0.3398
  2.1521
  0.9061
  0.3398
  0.2237
  0.1897
  0.1642
  0.1586
  0.1501
  0.1444
  0.1501
  0.1444
  0.1388
  0.1388
  0.8495
  1.6141
  0.8495
  0.3398
  0.2464
  0.2067
  0.1897
  0.1784
  0.1727
  0.1642
  0.1586
  0.1501
  0.1501
  0.1501
  0.1501
  0.1501
  0.1444
  0.1388
  0.1388
  0.1388
  0.1388
  0.1388
  0.1388
  0.1388
  0.1444
  0.1444
  0.1444
  0.1388
  0.1388
  0.1388
  0.1388
  0.1388
  0.1388
  0.1444
  0.1444
  0.1444
  0.1444
  0.1444
  0.1444
  0.1444
  0.1444
  0.1501
  0.1501
  0.1501
  0.1501
  0.1501
  0.1501
  0.1501
  0.1501
  0.1501
  0.1501
  0.1586
  0.2010
  0.2180
  0.2180
  0.1727
  0.1642
  0.1586
  0.1501
  0.1501
  0.1501
  0.1501
  0.1501
  0.1501
  0.1642
  0.1642
  0.1727
  0.1586
  0.1586
  0.1642
  0.1897
  0.1727
  0.1642
  0.1727
  0.1727
  0.1642
  0.1642
  0.1642
  0.1727
  0.1727
  0.1727
  0.1727
  0.1727
  0.1727
  0.1727
  0.1727
  0.1727
  0.1727
  0.1727
  0.1727
  0.2492
  0.1897
  0.1897
  0.1727
  0.1642
  0.1642
  0.1642
  0.1642
  0.1642
  0.1642
  0.1586
  0.1586
  0.1586
  0.1586
  0.1586
  0.1586
  0.1586
  0.1586
  0.1586
  0.1586
  0.1586
  0.1586
  0.1586
  0.1586
  0.1586
  0.1586
  0.1586
  0.1586
  0.1586
  0.1586
  0.1586
  0.1586
  0.1586
  0.1586
  0.1586
  0.1586
  0.1586
  0.1586
  0.1586
  0.1586
  0.1586
  0.1586
  0.1586
  0.1586
  0.1586
  0.1586
  0.1586
  0.1586
  0.1586
  0.1501
  0.1501
  0.1501
  0.1501
  0.1501
  0.1586
  0.1501
  0.1501
  0.1501
  0.1501
  0.1501
  0.1501
  0.1501
  0.1501
  0.1501
  0.1501
  0.1501
  0.1501
  0.1501
  0.1444
  0.1444
  0.1586
  0.1501
  0.1444
  0.1501
  0.1444
  0.1444
  0.1444
  0.1444
  0.1501
  0.3115
  0.2832
  0.2832
  0.2464
  0.2237
  0.2237
  0.1897
  0.1784
  0.1727
  0.1727
  0.1642
  0.2067
  0.2322
  0.1897
  0.1784
  0.1727
  0.1642
  0.1586
  0.1586
  0.1586
  0.1586
  0.1586
  0.1586
  0.1586
  0.1586
  0.1586
  0.1586
  0.1586
  0.1642
  0.1982
  0.1784
  0.1982
  0.2718
  0.2322
  0.1982
  0.1897
  0.1784
  0.1727
  0.1642
  0.1642
  0.1642
  0.1727
  0.1727
  0.1784
  0.1727
  0.1727
  0.1784
  0.2067
  0.1784
  0.1727
  0.1727
  0.1671
  0.2010
  0.1642
  0.1642
  0.1642
  0.1642
  0.1642
  0.1642
  0.1642
  0.1586
  0.1586
  0.1642
  0.1642
  0.1642
  0.1642
  0.1642
  0.1642
  0.1784
  0.1784
  0.1784
  0.1897
  0.1897
  0.1784
  0.1784
  0.1784
  0.1784
  0.1784
  0.1784
  0.1784
  0.1784
  0.1784
  0.1982
  0.1897
  0.1784
  0.1784
  0.1897
  0.1784
  0.2095
  0.2322
  0.1897
  0.1784
  0.1784
  0.1784
  0.1784
  0.1784
  0.1926
  0.1897
  0.1756
  0.1756
  0.1699
  0.1699
  0.1699
  0.1699
  0.1699
  0.1699
  0.1699
  0.1671
  0.1671
  0.1671
  0.1671
  0.1671
  0.1671
  0.1699
  0.1841
  0.1841
  0.1699
  0.1699
  0.1699
  0.1699
  0.1699
  0.1699
  0.1699
  0.1926
  0.1756
  0.1671
  0.1642
  0.1642
  0.1642
  0.1586
  0.1586
  0.1586
  0.1586
  0.1586
  0.2010
  0.1586
  0.1501
  0.1501
  0.1501
  0.1642
  0.1642
  0.1586
  0.1586
  0.1501
  0.1501
  0.1642
  0.1586
  0.1501
  0.1501
  0.1501
  0.1501
  0.1501
  0.1501
  0.1501
  0.1501
  0.1501
  0.1501
  0.1501
  0.1444
  0.1444
  0.1444
  0.1501
  0.1501
  0.1501
  0.1501
  0.1501
  0.1501
  0.1501
  0.1501
  0.1501
  0.1501
  0.1444
  0.1444
  0.1388
  0.1586
  0.3115
  0.2067
  0.1642
  0.1444
  0.1388
  0.1331
  0.1274
  0.1218
  0.1218
  0.1218
  0.1218
  0.1218
  0.1218
  0.1218
  0.1218
  0.1218
  0.1218
  0.1189
  0.1133
  0.1133
  0.1133
  0.1133
  0.1133
  0.1133
  0.1133
  0.1133
  0.1133
  0.1189
  0.1189
  0.1189
  0.1274
  0.1331
  0.1274
  0.1189
  0.1189
  0.1189
  0.1133
  0.1133
  0.1133
  0.1133
  0.1133
  0.1133
  0.1104
  0.1104
  0.1104
  0.1104
  0.1104
  0.1104
  0.1104
  0.1104
  0.1104
  0.1104
  0.1133
  0.1133
  0.1133
  0.1133
  0.1133
  0.1133
  0.1133
  0.1133
  0.1133
  0.1133
  0.1133
  0.1133
  0.1189
  0.1189
  0.1189
  0.1189
  0.1189
  0.1218
  0.1218
  0.1189
  0.1189
  0.1189
  0.1189
  0.1189
  0.1189
  0.1189
  0.1189
  0.1189
  0.1189
  0.1189
  0.1189
  0.1218
  0.1218
  0.1218
  0.1218
  0.1218
  0.1218
  0.1331
  0.1218
  0.1218
  0.1274
  0.1388
  0.1274
  0.1274
  0.1218
  0.1218
  0.1218
  0.1218
  0.1218
  0.1189
  0.1133
  0.1133
  0.1189
  0.1189
  0.1189
  0.1189
  0.1189
  0.1189
  0.1218
  0.1218
  0.1218
  0.1218
  0.1218
  0.1218
  0.1218
  0.1218
  0.1218
  0.1218
  0.1218
  0.1218
  0.1189
  0.1189
  0.1189
  0.1189
  0.1189
  0.1189
  0.1189
  0.1189
  0.1133
  0.1133
  0.1189
  0.1189
  0.1189
  0.1189
  0.1189
  0.1189
  0.1189
  0.1133
  0.1133
  0.1133
  0.1133
  0.1133
  0.1133
  0.1133
  0.1133
  0.1133
  0.1189
  0.1189
  0.1189
  0.1189
  0.1189
  0.1189
  0.1133
  0.1133
  0.1133
  0.1133
  0.1104
  0.1104
  0.1104
  0.1104
  0.1104
  0.1048
  0.1048
  0.1048
  0.1048
  0.1048
  0.1048
  0.1048
  0.1048
  0.1048
  0.1048
  0.1104
  0.1048
  0.1048
  0.1019
  0.1019
  0.1019
  0.1019
  0.1019
  0.1019
  0.1019
  0.0963
  0.0963
  0.0963
  0.1019
  0.7362
  0.5097
  0.1756
  1.2176
  0.2379
  0.1388
  0.1133
  0.9911
  0.2747
  0.1642
  0.1586
  0.1388
  0.1189
  0.1104
  0.1019
  0.0963
  0.1756
  2.1804
  0.3398
  0.2549
  0.2322
  1.5008
  0.5380
  0.3115
  0.2464
  0.2067
  0.1218
  0.1048
  0.0963
  0.0934
  0.0906
  0.0878
  0.0906
  0.0878
  0.0850
  0.0821
  0.0821
  0.0821
  0.0793
  0.0793
  0.0793
  0.0793
  0.0793
  0.0793
  0.0793
  0.0793
  0.0793
  0.0793
  0.0793
  0.0793
  0.0793
  0.0793
  0.0793
  0.0793
  0.0793
  0.0793
  0.0793
  0.0793
  0.0793
  0.0793
  0.0793
  0.0793
  0.0793
  0.0793
  0.0793
  0.0793
  0.0793
  0.0793
  0.0793
  0.0821
  0.0793
  0.0793
  0.0793
  0.0793
  0.0793
  0.0793
  0.0793
  0.0793
  0.0793
  0.0793
  0.0793
  0.0793
  0.0821
  0.0821
  0.0821
  0.0821
  0.0850
  0.0850
  0.0850
  0.0850
  0.0906
  0.0906
  0.0906
  0.0906
  0.0906
  0.0906
  0.0906
  0.0906
  0.0906
  0.0906
  0.0906
  0.0906
  0.0906
  0.0906
  0.0906
  0.0906
  0.0906
  0.0906
  0.0906
  0.0906
  0.0906
  0.0906
  0.0906
  0.0906
  0.0906
  0.0906
  0.0850
  0.0850
  0.0850
  0.0850
  0.0850
  0.1104
  0.1019
  0.0850
  0.0850
  0.0850
  0.0850
  0.0850
  0.0850
  0.0850
  0.0850
  0.0850
  0.0850
  0.0850
  0.0850
  0.0850
  0.0850
  0.0906
  0.0850
  0.0850
  0.0850
  0.0850
  0.0850
  0.0850
  0.0850
  0.0850
  0.0850
  0.0850
  0.0850
  0.0850
  0.0850
  0.0850
  0.0850
  0.0850
  0.0850
  0.0850
  0.0850
  0.0850
  0.0850
  0.0850
  0.0878
  0.0850
  0.0850
  0.0850
  0.0850
  0.0850
  0.0850
  0.0850
  0.0850
  0.0850
  0.0850
  0.0850
  0.0906
  0.0906
  0.0850
  0.0850
  0.0850
  0.0850
  0.1501
  0.1501
  0.1926
  0.1586
  0.1642
  0.1501
  0.1416
  0.1416
  0.1359
  0.1303
  0.1303
  0.1274
  0.1274
  0.1218
  0.1218
  0.2662
  0.4248
  0.2152
  0.2492
  0.2633
  0.2067
  0.1699
  0.1529
  0.2662
  0.1926
  0.1699
  0.1529
  0.1416
  0.1359
  0.1897
  0.1699
  0.1529
  0.1501
  0.1416
  0.1416
  0.1416
  0.1303
  0.1218
  0.1218
  0.1218
  0.1218
  0.1218
  0.1161
  0.1161
  0.1133
  0.1133
  0.1133
  0.1133
  0.1133
  0.1133
  0.1133
  0.1133
  0.1133
  0.1133
  0.1133
  0.1161
  0.1189
  0.1133
  0.1133
  0.1133
  0.1133
  0.1133
  0.1133
  0.1189
  0.1133
  0.1133
  0.1133
  0.1133
  0.1133
  0.1133
  0.1133
  0.1133
  0.1133
  0.1133
  0.1133
  0.1189
  0.1133
  0.1133
  0.1133
  0.1133
  0.1133
  0.1189
  0.1133
  0.1133
  0.1133
  0.1133
  0.1133
  0.1133
  0.1133
  0.1133
  0.1133
  0.1359
  0.1303
  0.1303
  0.1303
  0.1303
  0.1303
  0.1303
  0.1642
  0.1642
  0.1303
  0.1274
  0.1444
  0.1416
  0.1303
  0.1274
  0.1274
  0.1274
  0.1218
  0.1218
  0.1218
  0.1246
  0.1274
  0.1218
  0.1218
  0.1218
  0.1274
  0.1218
  0.1841
  0.1501
  0.1274
  0.1274
  0.1218
  0.1218
  0.1218
  0.1218
  0.1218
  0.1218
  0.1218
  0.1218
  0.1218
  0.1218
  0.1218
  0.1218
  0.1218
  0.1218
  0.1218
  0.1218
  0.1218
  0.1218
  0.1161
  0.1161
  0.1161
  0.1161
  0.1161
  0.1161
  0.1161
  0.1161
  0.1161
  0.1161
  0.1161
  0.1161
  0.1161
  0.1161
  0.1161
  0.1161
  0.1161
  0.1133
  0.1133
  0.1133
  0.1133
  0.1161
  0.1161
  0.1161
  0.1161
  0.1161
  0.1161
  0.1161
  0.1161
  0.1218
  0.1161
  0.1161
  0.1161
  0.1161
  0.1161
  0.1161
  0.1161
  0.1218
  0.1218
  0.1218
  0.1218
  0.1218
  0.1218
  0.2379
  0.2237
  0.2152
  0.2152
  0.2152
  0.2237
  0.3398
  0.2747
  0.2464
  0.2662
  1.0194
  0.5097
  0.3681
  0.2832
  0.2633
  0.2464
  0.2379
  0.2237
  0.2152
  0.2152
  0.2152
  0.2152
  0.2067
  0.2152
  0.2152
  0.2067
  0.2067
  0.2067
  0.2067
  0.2067
  0.3964
  0.6513
  0.9628
  0.3964
  0.3398
  0.2832
  0.2633
  0.2464
  0.2407
  0.2379
  0.2379
  0.2379
  0.2379
  0.2549
  0.2379
  0.2379
  0.2549
  0.2379
  0.2379
  0.2803
  0.2549
  0.2464
  0.2322
  0.2322
  0.2237
  0.2152
  0.2152
  0.2152
  0.2152
  0.2152
  0.2067
  0.2067
  0.2067
  0.2067
  0.2067
  0.2067
  0.2067
  0.2067
  0.2067
  0.2067
  0.2067
  0.2067
  0.2067
  0.2067
  0.2067
  0.2067
  0.2067
  0.2152
  0.2152
  0.2152
  0.2152
  0.2152
  0.2152
  0.2152
  0.2152
  0.2152
  0.2237
  0.2152
  0.2152
  0.2322
  0.2549
  0.2322
  0.3681
  0.2549
  0.2379
  0.2067
  0.1982
  0.2067
  0.1982
  0.2067
  0.2067
  0.2067
  0.2152
  0.2237
  0.2152
  0.2152
  0.2152
  0.2152
  0.2152
  0.2152
  0.2152
  0.2152
  0.2152
  0.2152
  0.2067
  0.2067
  0.2067
  0.2067
  0.2067
  0.2067
  0.2067
  0.2067
  0.2067
  0.2067
  0.2067
  0.2067
  0.1982
  0.1982
  0.1982
  0.1982
  0.1982
  0.1982
  0.1982
  0.2067
  0.1982
  0.2067
  0.1982
  0.1982
  0.2322
  0.2067
  0.1982
  0.1982
  0.1982
  0.1982
  0.1982
  0.1982
  0.2095
  0.2152
  0.2067
  0.1982
  0.1982
  0.1982
  0.1982
  0.1982
  0.1982
  0.2407
  0.2464
  0.2067
  0.2067
  0.1982
  0.1982
  0.1982
  0.1982
  0.2067
  0.1926
  0.1926
  0.1926
  0.1926
  0.1926
  0.1926
  0.1841
  0.1841
  0.1841
  0.1841
  0.1841
  0.1841
  0.1841
  0.1841
  0.1841
  0.1841
  0.1841
  0.1841
  0.1841
  0.5097
  0.5663
  0.4814
  0.3681
  0.3115
  0.3115
  0.3115
  0.5097
  0.3964
  0.3681
  0.3681
  0.3115
  0.3115
  0.2832
  0.2803
  0.2718
  0.2633
  0.2633
  0.2633
  0.2633
  0.2633
  0.2633
  0.2633
  0.3964
  0.3681
  0.3115
  0.2718
  0.2633
  0.2549
  0.2549
  0.2549
  0.2464
  0.2464
  0.2464
  0.2464
  0.2464
  0.2464
  0.2464
  0.2464
  0.2464
  0.2464
  0.2464
  0.2464
  0.2464
  0.2322
  0.2322
  0.2322
  0.2322
  0.2322
  0.2322
  0.2322
  0.2322
  0.2322
  0.2322
  0.2322
  0.2322
  0.2322
  0.2322
  0.2322
  0.2322
  0.2322
  0.2322
  0.2322
  0.2322
  0.2322
  0.2322
  0.2322
  0.2322
  0.2237
  0.2237
  0.2237
  0.2322
  0.2322
  0.2322
  0.2322
  0.2237
  0.2237
  0.2237
  0.2237
  0.2237
  0.2237
  0.2237
  0.2237
  0.2237
  0.2152
  0.2152
  0.2152
  0.2152
  0.2549
  0.2237
  0.2152
  0.2237
  0.2237
  0.2237
  0.2237
  0.2237
  0.2407
  0.2322
  0.2322
  0.2237
  0.2180
  0.2180
  0.2322
  0.2237
  0.2237
  0.2549
  0.2407
  0.3115
  0.3398
  0.2718
  0.2577
  0.2322
  0.2322
  0.2322
  0.2237
  0.2237
  0.2237
  0.2237
  0.2180
  0.2180
  0.2180
  0.2180
  0.2180
  0.2180
  0.2180
  0.2180
  0.2180
  0.2180
  0.2180
  0.2180
  0.2095
  0.2095
  0.2095
  0.2095
  0.2180
  0.2095
  0.2095
  0.2095
  0.2095
  0.2095
  0.2095
  0.2095
  0.2095
  0.2010
  0.2095
  0.2095
  0.2095
  0.2095
  0.2095
  0.2095
  0.2010
  0.2010
  0.1982
  0.1982
  0.1982
  0.1982
  0.1897
  0.1897
  0.1897
  0.1897
  0.1897
  0.1897
  0.1841
  0.1756
  0.1756
  0.1841
  0.1756
  0.1756
  0.1756
  0.1699
  0.1699
  0.1699
  0.1699
  0.1699
  0.1699
  0.1699
  0.1642
  0.1642
  0.1642
  0.1699
  0.1897
  0.1699
  0.1642
  0.1501
  0.1501
  0.1501
  0.1501
  0.1501
  0.1472
  0.1472
  0.1472
  0.1472
  0.1501
  0.1841
  0.1642
  0.1642
  0.1586
  0.1501
  0.1501
  0.1501
  0.1501
  0.1501
  0.1501
  0.1501
  0.1586
  0.1699
  0.1841
  0.1642
  0.1841
  0.1982
  0.1699
  0.1586
  0.1642
  0.1642
  0.1586
  0.1501
  0.1501
  0.1501
  0.1472
  0.1472
  0.1472
  0.1472
  0.1472
  0.1472
  0.1472
  0.1501
  0.1501
  0.1472
  0.1586
  0.5663
  0.2265
  0.1841
  0.1699
  0.1586
  0.1586
  0.1586
  0.1586
  0.1642
  0.1586
  0.1586
  0.1642
  0.1586
  0.1586
  0.1501
  0.1501
  0.1501
  0.1586
  0.1586
  0.1586
  0.1586
  0.1586
  0.1586
  0.1586
  0.1586
  0.1586
  0.1586
  0.1586
  0.1586
  0.1586
  0.1586
  0.1586
  0.1586
  0.1586
  0.1586
  0.1642
  0.1642
  0.1642
  0.1642
  0.1642
  0.1642
  0.1586
  0.1586
  0.1586
  0.1586
  0.1586
  0.1586
  0.1586
  0.1586
  0.1501
  0.1501
  0.1501
  0.1501
  0.1501
  0.1501
  0.1501
  0.1586
  0.1586
  0.1529
  0.1388
  0.1359
  0.1359
  0.1303
  0.1303
  0.1303
  0.1274
  0.1274
  0.1274
  0.1274
  0.1359
  0.1359
  0.1303
  0.1303
  0.1303
  0.1472
  0.1359
  0.1359
  0.1359
  0.1359
  0.1359
  0.1359
  0.1359
  0.1359
  0.1359
  0.1359
  0.1359
  0.1359
  0.1359
  0.1359
  0.1359
  0.1359
  0.1359
  0.1359
  0.1359
  0.1359
  0.1359
  0.1359
  0.1388
  0.1388
  0.1388
  0.1388
  0.1388
  0.1388
  0.1359
  0.1359
  0.1359
  0.1359
  0.1359
  0.1359
  0.1359
  0.1359
  0.1359
  0.1359
  0.1359
  0.1359
  0.1303
  0.1303
  0.1303
  0.1303
  0.1303
  0.1303
  0.1303
  0.1303
  0.1274
  0.1274
  0.1274
  0.1274
  0.1274
  0.1274
  0.1274
  0.1274
  0.1274
  0.1274
  0.1274
  0.1274
  0.1218
  0.1218
  0.2237
  0.1897
  0.1699
  0.1586
  0.1501
  0.1388
  0.1388
  0.1359
  0.1303
  0.1303
  0.1303
  0.1274
  0.1274
  0.1274
  0.1274
  0.3115
  0.2718
  0.2010
  0.1699
  0.1501
  0.1642
  0.1586
  0.2010
  0.1699
  0.1699
  0.1586
  1.6424
  1.3026
  0.4814
  0.3115
  0.2492
  0.2095
  0.1982
  0.1841
  0.1699
  0.1586
  0.1642
  0.1642
  0.1501
  0.1472
  0.1472
  0.1388
  0.1359
  0.1359
  0.1359
  0.1841
  0.1501
  0.1472
  0.1388
  0.1388
  0.1388
  0.1388
  0.1388
  0.1388
  0.1388
  0.1897
  0.2067
  0.1586
  0.1472
  0.1388
  0.1501
  0.1501
  0.1472
  0.1472
  0.1444
  0.1416
  0.1388
  0.1388
  0.1388
  0.1359
  0.1331
  0.1303
  0.1359
  0.1359
  0.1359
  0.1359
  0.1359
  0.1359
  0.1359
  0.1359
  0.1359
  0.1359
  0.1359
  0.1388
  0.1388
  0.1501
  0.1586
  0.1472
  0.1388
  0.1359
  0.1359
  0.1303
  0.1303
  0.1303
  0.1303
  0.1303
  0.1303
  0.1303
  0.1303
  0.1303
  0.1303
  0.1359
  0.1303
  0.1303
  0.1303
  0.1274
  0.1274
  0.1274
  0.1274
  0.1274
  0.1274
  0.1274
  0.1218
  0.1218
  0.1218
  0.1218
  0.1218
  0.1218
  0.1218
  0.1218
  0.1218
  0.1274
  0.1274
  0.1303
  0.1303
  0.1303
  0.1274
  0.1274
  0.1274
  0.1274
  0.1274
  0.1274
  0.1274
  0.1274
  0.1274
  0.1359
  5.4652
  4.3891
  1.9822
  0.4814
  0.3115
  0.2832
  0.2633
  0.2464
  0.2265
  0.2180
  0.2095
  0.2067
  0.2010
  0.2067
  0.1982
  0.1926
  0.1897
  0.1841
  0.1756
  0.1756
  0.1756
  0.1699
  0.1699
  0.1982
  0.1841
  0.1756
  0.2010
  0.2633
  0.2180
  0.1982
  0.1897
  0.1897
  0.1982
  0.2265
  0.1841
  0.1756
  0.1671
  0.1614
  0.1586
  0.1529
  0.1501
  0.1501
  0.1444
  0.1444
  0.1444
  0.1444
  0.1444
  0.3398
  1.0194
  1.1610
  0.6796
  0.4531
  0.3681
  0.3398
  0.3115
  0.2832
  0.2747
  0.2577
  0.3115
  0.2010
  0.1982
  0.1897
  0.1841
  0.1841
  0.1841
  0.1897
  0.1841
  0.1841
  0.1841
  0.1841
  0.1841
  0.1841
  0.1841
  0.1841
  0.1841
  0.1841
  0.1841
  0.1841
  0.1841
  0.1841
  0.1841
  0.1841
  0.1841
  0.1841
  0.1841
  0.1841
  0.1841
  0.1841
  0.1841
  0.1841
  0.1841
  0.1841
  0.1841
  0.1841
  0.1841
  0.1841
  0.1841
  0.1841
  0.1841
  0.1841
  0.1841
  0.1841
  0.1841
  0.1897
  0.1897
  0.1897
  0.1897
  0.1897
  0.1982
  0.1982
  0.1982
  0.1982
  0.1982
  0.1982
  0.1982
  0.1982
  0.1982
  0.1982
  0.1982
  0.1982
  0.1982
  0.1982
  0.1982
  0.1982
  0.1982
  0.1982
  0.1982
  0.1982
  0.1982
  0.1982
  0.1982
  0.1982
  0.1897
  0.1897
  0.1897
  0.1897
  0.1897
  0.1897
  0.1897
  0.1897
  0.1897
  0.1841
  0.1841
  0.1841
  0.1784
  0.1784
  0.1784
  0.1784
  0.1784
  0.1784
  0.1784
  0.1784
  0.1784
  0.1784
  0.1784
  0.1784
  0.1784
  0.1784
  0.1699
  0.1699
  0.1699
  0.1699
  0.1699
  0.1699
  0.1699
  0.1699
  0.1699
  0.1699
  0.1699
  0.1699
  0.1699
  0.1699
  0.1699
  0.1784
  0.1841
  0.2095
  0.1699
  0.1699
  0.1699
  0.1671
  0.1671
  0.1671
  0.1784
  0.1784
  0.1784
  0.1671
  0.1671
  0.1671
  0.1586
  0.1586
  0.1586
  0.1586
  0.1586
  0.1586
  0.1529
  0.1529
  0.1529
  0.1529
  0.1529
  0.1529
  0.1529
  0.1586
  0.1529
  0.1529
  0.1501
  0.1501
  0.1501
  0.1529
  0.1529
  0.1501
  0.1501
  0.1501
  0.1501
  0.1501
  0.1444
  0.1444
  0.1444
  0.1501
  0.1444
  0.1444
  0.1501
  0.3398
  0.1841
  0.1529
  0.1501
  0.1444
  0.1388
  0.1388
  0.1388
  0.1331
  0.1841
  0.1784
  0.1727
  0.1727
  0.1671
  0.1671
  0.1671
  0.1671
  0.1614
  0.1671
  0.1727
  0.1727
  0.1841
  0.1756
  0.1699
  0.1671
  0.1699
  0.1699
  0.1671
  0.1699
  0.2010
  0.1841
  0.1756
  0.1671
  0.1671
  0.1756
  0.1756
  0.1756
  0.1756
  0.1756
  0.1756
  0.1756
  0.2180
  0.1897
  0.1756
  0.1699
  0.1671
  0.1671
  0.1671
  0.1671
  0.1671
  0.1671
  0.1671
  0.1671
  0.1671
  0.1671
  0.1671
  0.1671
  0.1671
  0.1841
  0.2265
  0.1784
  0.1699
  0.1671
  0.1671
  0.1671
  0.1671
  0.1671
  0.1671
  0.1671
  0.1614
  0.1614
  0.1614
  0.1614
  0.1614
  0.1614
  0.1614
  0.1614
  0.1614
  0.1614
  0.1614
  0.1614
  0.1614
  0.1614
  0.1614
  0.1614
  0.1614
  0.1614
  0.1614
  0.1614
  0.1614
  0.1614
  0.1557
  0.1557
  0.1557
  0.1557
  0.1557
  0.1614
  0.1614
  0.1557
  0.1557
  0.1557
  0.1557
  0.1614
  0.1557
  0.1557
  0.1557
  0.1501
  0.1557
  0.1671
  0.1614
  0.1557
  0.1501
  0.1501
  0.1501
  0.2095
  0.1727
  0.1614
  0.1557
  0.1557
  0.1501
  0.1444
  0.1444
  0.1444
  0.1444
  0.1444
  0.1444
  0.1444
  0.1444
  0.1444
  0.1388
  0.1388
  0.1388
  0.1388
  0.1388
  0.1388
  0.1388
  0.1388
  0.1388
  0.1388
  0.1388
  0.1331
  0.1331
  0.1331
  0.1331
  0.1331
  0.1331
  0.1331
  0.1331
  0.1331
  0.1331
  0.1331
  0.1331
  0.1274
  0.1331
  0.1331
  0.1388
  0.1444
  0.1388
  0.1331
  0.1331
  0.1388
  0.1331
  0.1331
  0.1331
  0.1331
  0.1331
  0.1331
  0.1331
  0.1331
  0.1388
  0.1388
  0.1331
  0.1331
  0.1331
  0.1331
  0.1331
  0.1274
  0.1274
  0.1274
  0.1274
  0.1274
  0.1274
  0.1274
  0.1274
  0.1274
  0.1274
  0.1274
  0.1274
  0.1274
  0.1274
  0.1274
  0.1331
  0.1161
  0.1161
  0.1161
  0.1161
  0.1161
  0.1161
  0.1161
  0.1274
  0.1218
  0.1161
  0.1161
  0.1161
  0.1161
  0.1161
  0.1614
  0.1388
  0.1784
  0.1982
  0.1727
  0.1501
  0.1388
  0.1331
  0.1274
  0.1274
  0.1274
  0.1274
  0.1274
  0.1274
  0.1274
  0.1218
  0.1218
  0.1331
  0.1841
  0.1444
  0.1444
  0.1557
  0.1444
  0.1388
  0.1331
  0.1274
  0.1274
  0.1274
  0.1274
  0.1274
  0.1274
  0.1274
  0.1274
  0.1274
  0.1274
  0.1218
  0.1218
  0.1218
  0.1218
  0.1218
  0.1218
  0.1218
  0.1218
  0.1274
  0.1218
  0.1218
  0.1218
  0.1218
  0.1218
  0.1218
  0.1218
  0.1218
  0.1218
  0.1218
  0.1218
  0.1218
  0.1218
  0.1218
  0.1274
  0.1274
  0.1274
  0.1274
  0.1218
  0.1274
  0.1274
  0.1274
  0.1274
  0.1274
  0.1274
  0.1274
  0.1218
  0.1218
  0.1274
  0.1274
  0.1274
  0.1274
  0.1274
  0.1274
  0.1274
  0.1274
  0.1274
  0.1274
  0.1274
  0.1274
  0.1274
  0.1274
  0.1274
  0.1274
  0.1274
  0.1274
  0.1274
  0.1274
  0.1274
  0.1274
  0.1274
  0.1274
  0.1218
  0.1218
  0.1218
  0.1218
  0.1218
  0.1218
  0.1218
  0.1218
  0.1274
  0.1274
  0.1274
  0.1274
  0.1274
  0.1274
  0.1274
  0.1274
  0.1274
  0.1274
  0.1274
  0.1218
  0.1218
  0.1218
  0.1218
  0.1161
  0.1161
  0.1161
  0.1161
  0.1161
  0.1161
  0.1104
  0.1104
  0.1104
  0.1104
  0.1104
  0.1104
  0.1104
  0.1104
  0.1104
  0.1104
  0.1104
  0.1104
  0.1104
  0.1104
  0.1104
  0.1104
  0.1104
  0.1104
  0.1104
  0.1104
  0.1104
  0.1104
  0.1048
  0.1048
  0.1048
  0.1048
  0.1048
  0.1048
  0.1048
  0.1019
  0.1019
  0.1019
  0.1019
  0.1019
  0.1019
  0.1019
  0.1019
  0.1019
  0.1019
  0.1019
  0.1019
  0.1019
  0.1019
  0.1019
  0.2265
  0.1727
  0.1501
  0.1444
  0.1756
  0.1671
  0.1501
  0.1388
  0.1331
  0.1274
  0.1218
  0.1218
  0.1218
  0.1161
  0.1161
  0.1388
  0.2407
  0.1671
  0.1444
  0.1388
  0.1331
  0.1388
  0.1388
  0.1274
  0.1274
  0.1218
  0.1218
  0.4814
  2.1804
  0.4814
  0.2832
  0.2379
  0.2152
  0.2747
  0.2662
  0.2464
  0.2265
  0.2464
  0.4248
  0.3681
  0.2577
  0.2180
  0.1982
  0.1784
  0.1727
  0.1614
  0.1557
  0.1557
  0.1501
  0.1501
  0.1501
  0.1444
  0.1671
  0.1727
  0.1557
  0.1614
  0.1727
  0.1671
  0.1614
  0.4248
  0.2464
  0.2067
  0.1841
  0.1727
  0.1671
  0.1614
  0.1557
  0.1671
  0.1727
  0.1727
  0.1727
  0.1614
  0.1557
  0.1557
  0.1614
  0.1614
  0.1557
  0.1501
  0.1501
  0.1501
  0.1444
  0.1444
  0.1444
  0.1444
  0.1444
  0.1444
  0.1444
  0.1557
  0.1557
  0.1727
  0.1671
  0.1784
  0.2492
  0.3115
  0.3398
  0.2492
  0.2152
  0.1926
  0.1727
  0.1671
  0.2152
  0.5380
  0.4248
  0.4248
  0.3115
  0.2492
  0.2152
  0.2180
  0.2747
  0.2265
  0.2067
  0.1926
  0.1982
  0.1841
  0.1784
  0.1727
  0.1671
  0.1671
  0.1671
  0.1671
  0.1897
  0.1727
  0.1671
  0.1614
  0.1614
  0.1614
  0.1671
  0.1671
  0.1671
  0.1671
  0.1671
  0.1671
  0.1671
  0.1614
  0.1614
  0.1614
  0.1614
  0.1557
  0.1557
  0.1614
  0.1614
  0.1614
  0.1614
  0.1614
  0.1614
  0.1614
  0.1614
  0.1614
  0.1614
  0.1614
  0.1557
  0.1557
  0.1557
  0.1557
  0.1557
  0.1614
  0.1614
  0.1614
  0.1614
  0.1614
  0.1671
  0.1614
  0.1614
  0.1557
  0.1557
  0.1557
  0.1557
  0.1557
  0.1557
  0.1614
  0.1557
  0.1557
  0.1557
  0.1557
  0.1557
  0.1557
  0.1557
  0.1557
  0.1557
  0.1557
  0.1557
  0.1557
  0.1557
  0.2747
  0.2662
  0.2577
  0.2577
  0.2577
  0.2577
  0.2577
  0.2492
  0.2464
  0.2464
  0.2464
  0.2464
  0.2464
  0.2492
  0.2832
  0.2832
  0.3681
  0.2832
  0.2832
  0.2662
  0.2662
  0.2747
  0.2747
  0.2832
  0.2832
  0.2747
  0.2662
  0.2577
  0.2577
  0.2492
  0.2492
  0.2662
  0.2832
  0.2577
  0.2492
  0.2492
  0.2492
  0.2464
  0.2464
  0.2464
  0.2464
  0.2492
  0.2492
  0.2492
  0.2464
  0.2464
  0.2464
  0.2464
  0.2464
  0.2464
  0.2464
  0.2464
  0.2379
  0.2379
  0.2379
  0.2379
  0.2379
  0.2464
  0.2379
  0.2379
  0.2379
  0.2379
  0.2265
  0.2265
  0.2265
  0.2265
  0.2265
  0.2265
  0.2265
  0.2265
  0.2265
  0.2265
  0.2180
  0.2180
  0.2180
  0.2180
  0.2180
  0.2180
  0.2379
  0.2379
  0.2464
  0.2265
  0.2180
  0.2180
  0.2180
  0.2180
  0.2180
  0.2180
  0.2180
  0.2180
  0.2180
  0.2180
  0.2180
  0.2180
  0.2152
  0.2180
  0.2180
  0.2180
  0.2152
  0.2152
  0.2152
  0.2152
  0.2152
  0.2180
  0.2265
  0.2747
  0.2379
  0.2379
  0.2379
  0.2265
  0.2180
  0.2180
  0.2152
  0.2152
  0.2152
  0.2152
  0.2067
  0.2067
  0.2067
  0.2067
  0.2067
  0.1982
