  1.4725
  1.6707
  1.9539
  2.4919
  2.5485
  2.5768
  1.8123
  2.5485
  3.0299
  1.9822
  2.8600
  2.0954
  4.9554
  2.6335
  2.5485
  2.0671
  1.8972
  2.0954
  3.3414
  2.9733
  4.1626
  2.4636
  2.0671
  1.9822
  3.2281
  2.0954
  1.8972
  1.8689
  2.2370
  2.2653
  2.0954
  1.7840
  1.7840
  1.8406
  2.0671
  3.5396
  2.0954
  1.7840
  2.7184
  2.4919
  1.9822
  5.0404
  2.6335
  2.7184
  2.3220
  2.4069
  2.8600
  2.9733
  4.0776
  3.0582
  2.5768
  2.7467
  2.0954
  1.9822
  2.2653
  2.1804
  2.7184
  2.3220
  2.2370
  1.8406
  1.8689
  1.8689
  1.6990
  1.6990
  1.7840
  1.8123
  1.5857
  1.5008
  1.5008
  1.8689
  4.8139
  4.6440
  2.7467
  2.0954
  2.6618
  2.0671
  1.7556
  1.6990
  1.6424
  1.6990
  1.5857
  1.5291
  1.6707
  1.4725
  1.4442
  1.4158
  1.4725
  1.4158
  1.4158
  1.3309
  1.3309
  1.3309
  1.9822
  4.7289
  2.9166
  2.1804
  2.0388
  1.8972
  1.7840
  1.7840
  1.8972
  2.0671
  1.6990
  1.5857
  1.0477
  2.1238
  2.7184
  2.0671
  3.1149
  1.8406
  1.6707
  1.6141
  1.8406
  1.8406
  1.9255
  1.6707
  1.6141
  1.6141
  3.1432
  2.2370
  2.1804
  1.8406
  1.8406
  1.6141
  2.1804
  3.6812
  2.3786
  2.4069
  2.3503
  1.8406
  1.8406
  3.2281
  2.6618
  2.8034
  2.1521
  2.4069
  6.2580
  3.9360
  3.5113
  2.5485
  3.0299
  2.9733
  2.1804
  1.9539
  1.8406
  1.8972
  1.7273
  1.7840
  1.6141
  1.5857
  5.0404
  7.5040
  2.2653
  2.2370
  3.1432
  3.3697
  2.7184
  3.7378
  3.0299
  8.0137
  4.1059
  3.0299
  2.4069
  2.3220
  2.1804
  1.9822
  1.8123
  1.8123
  1.8972
  1.9822
  1.6424
  1.5857
  1.5574
  1.7273
  1.8972
  2.3786
  1.8123
  2.3786
  2.1521
  3.1149
  2.4069
  2.3220
  2.7467
  3.1998
  3.9077
  2.3220
  3.9927
  2.6618
  2.3786
  1.9822
  2.6335
  2.0954
  2.3220
  1.8972
  1.7840
  1.6424
  1.9255
  1.7556
  1.8972
  2.5768
  2.2653
  1.8406
  1.9255
  1.7556
  1.6990
  1.9255
  1.8972
  2.0105
  2.4636
  3.1149
  2.1804
  2.0954
  3.9927
  2.4069
  2.6618
  2.7184
  3.1432
  2.4919
  2.6618
  3.2281
  2.0671
  1.8972
  1.9822
  2.0671
  2.0671
  1.6990
  1.5857
  1.5574
  1.4725
  1.5857
  1.5008
  1.5574
  1.6424
  1.4158
  1.3592
  1.3309
  1.3309
  1.3026
  1.3026
  1.3026
  1.2743
  1.4158
  1.3875
  1.3309
  1.3026
  1.3026
  1.4442
  1.3026
  1.4442
  1.6707
  2.0954
  1.3309
  3.1149
  1.6707
  1.5574
  1.6707
  1.5857
  1.9822
  1.6990
  1.4442
  1.6424
  1.4725
  2.2370
  1.6141
  1.4158
  1.6141
  1.5857
  1.5008
  1.5008
  1.4158
  1.4158
  1.3875
  1.7840
  1.4442
  1.4158
  0.9911
  1.4158
  1.4725
  1.3875
  1.2459
  1.2176
  4.7289
  2.9450
  1.6990
  3.3414
  4.1626
  1.7273
  1.3875
  1.9822
  1.4725
  1.4725
  1.6990
  1.2176
  1.2176
  1.2176
  1.1893
  1.6707
  1.4158
  8.1553
  8.9481
 18.1794
 10.0242
  3.6812
  2.8034
  2.3220
  1.9822
  2.3220
  1.6707
  1.8972
  3.0299
  5.3519
  5.8616
  2.8600
  2.1804
  2.5768
  3.1998
  2.0954
  1.7556
  2.1521
  5.1820
  5.2953
  2.2370
  2.7467
  2.0105
  1.9255
  1.6990
  1.5008
  1.4158
  1.3592
  1.3026
  3.0299
  1.5008
  1.3309
  1.3026
  1.2459
  1.4158
  2.0105
  2.1804
  4.7006
  9.9392
  3.5962
 10.9869
  3.2281
  2.9450
  2.3220
  1.8406
  1.7273
  1.7273
  1.5008
  1.5574
  2.4919
  1.5857
  2.1521
  3.9927
  3.3414
  2.9450
  1.9822
  2.0954
  2.7184
  5.1820
  4.3042
  2.1804
  2.4069
  2.4636
  7.5040
  3.3414
  2.1804
  1.8972
  1.6424
  1.5291
  1.5008
  2.0671
  6.6545
  7.3057
  3.3980
  3.0582
  4.2192
  4.2475
  3.2281
  3.6246
  3.2564
  3.6529
  2.0954
  1.8689
  2.0671
  1.6141
  1.5574
  4.1343
  2.0671
  1.6424
  1.8972
  3.1432
 12.6010
  3.0299
  2.1521
  1.8689
  1.9539
  1.8689
  1.8689
  2.2653
  1.7273
  2.2370
  1.8406
  1.5574
  1.6141
  1.4442
  1.3592
  1.3875
  1.9255
  1.3309
  1.2743
  1.2743
  2.3503
  2.6335
  1.8689
  2.0105
  2.6618
  1.9822
  1.6141
  1.4158
  1.3309
  1.2743
  1.4725
  1.2459
  1.2176
  1.1893
  1.1610
  1.6990
  6.5412
  6.1731
  5.4368
  2.2937
  1.9822
  2.2653
  1.8406
  1.9539
  1.6424
  2.3220
  5.4085
  6.4846
  2.6618
  2.0388
  4.0210
  1.9255
  1.9255
  3.5396
  2.7751
  2.1238
  3.2281
  2.0388
  4.6440
  2.4352
  1.8972
  1.9255
  1.6707
  1.5857
  1.5291
  3.1715
  1.4725
  1.3592
  1.3309
  1.9822
  1.6424
  1.4158
  1.3309
  2.0105
  2.5202
  1.5857
  1.4442
  2.0954
  1.4725
  1.5574
  2.8600
  7.3907
  7.5606
  4.4457
  2.5202
  2.2087
  2.1521
  2.6335
  2.1804
  1.8972
  1.8123
  1.6141
  1.5008
  1.5008
  1.3875
  1.3875
  1.3309
  1.3026
  1.2743
 10.4772
  6.6261
  2.4919
  1.8406
  1.7840
  1.7840
  1.5008
  1.5574
  1.4725
  1.5857
  1.4158
  1.3592
  2.0105
  2.4069
  1.6424
  1.4725
  1.4158
  1.5574
  1.8972
  1.3309
  1.3026
  1.2459
  1.2176
  1.3592
  1.3026
  1.2743
  1.4725
  1.3026
  1.2743
  1.4158
  1.1893
  2.7467
  3.1149
  2.7467
  2.5768
  1.8689
  1.5574
  1.7556
  1.6424
  1.4158
  1.3309
  1.3592
  1.2743
  1.2459
  1.2459
  1.2743
  2.1238
  1.7273
  1.4725
  1.3875
  1.7840
  1.3309
  3.1998
  2.9450
  3.2848
  2.1804
  1.8123
  1.9255
  1.7273
  1.5857
  2.2653
  1.6424
  1.8123
  1.9255
  1.7556
  2.2087
  1.9255
  2.1521
  3.5962
  3.3414
  2.0388
  1.8972
  1.6424
  1.4725
  1.4442
  1.4442
  1.7556
  1.6707
  1.3592
  1.4442
  1.2743
  1.3875
  1.4158
  1.8123
  2.5768
  1.3875
  4.3042
  2.3503
  2.8600
  3.1715
  4.3891
  7.1075
  2.7751
  2.4636
  1.7840
  1.6141
  1.5291
  1.6424
  1.7556
  6.5695
  2.3503
  2.9166
  3.5396
  1.8406
  1.6990
  1.7556
  1.5008
  1.5574
  6.5695
  7.3624
  2.4636
  2.5485
  3.0865
  1.9822
  1.8123
  1.6990
  1.6424
  1.5574
  1.5008
  1.4158
  2.6335
  2.3220
  1.6424
  1.4725
  1.5008
 13.4505
  3.3980
  2.3503
  1.9255
  3.5396
  2.7467
  1.9539
  1.6990
  1.8689
  1.6990
  1.5291
  1.8972
  2.0105
  1.7840
  1.5291
  1.4158
  1.3309
  2.2653
  2.6618
  4.8139
  2.0388
  4.5873
  2.8600
  2.0671
  1.7840
  1.4158
  1.2459
  1.2176
  1.1610
  1.4442
  1.9822
  1.3026
  1.1893
  1.4725
  1.2459
  1.1610
  1.1610
  7.1358
  2.6618
  2.2087
  2.7184
  2.4919
  1.8406
  1.6424
  1.4442
  1.3875
  1.3592
  1.3026
  1.2743
  1.2459
  2.5768
  1.5574
  1.3592
  1.4158
  2.2937
  2.4069
  2.4352
  1.6707
  1.5008
  1.6707
  4.0493
  3.6246
  4.5307
  5.3236
  3.9644
  2.4069
  1.9539
  2.0671
  2.3786
  3.8228
  5.7483
  5.6634
  4.9838
  4.0210
  3.1998
  3.1432
  2.7184
  3.5396
  3.1715
  2.8600
  2.2653
  1.9539
  4.4457
  1.9822
  1.7556
  2.8600
  1.7840
  1.6141
  1.5857
  1.4725
  1.4158
  1.3875
  1.3309
  1.3309
  1.2459
  1.2176
  1.3309
  1.2743
  1.1893
  1.3026
  1.1893
  1.1327
  1.1327
  1.2459
  1.7840
  1.1893
  1.1044
  1.1044
  1.2459
  2.4919
  1.2743
  2.2087
  4.0210
  1.6707
  1.3309
  1.1893
  1.5857
  1.2743
  1.3875
  1.6990
  2.4636
  2.3786
  5.0121
  4.9554
  3.6529
  3.0016
  3.6246
  2.4636
  2.0105
  2.1804
  3.5396
  4.3891
  2.2370
  2.3220
  2.0105
  2.0954
  2.9733
  3.2281
  3.3131
  5.6351
 10.1657
  7.7022
  3.8794
  2.9166
  3.2564
  4.0210
  3.1998
  2.3220
  2.6051
  2.7467
  4.2758
  2.4919
  1.9255
  2.4919
  2.4919
  2.8034
  2.5485
  5.9749
 15.9990
  4.7855
  3.0582
  2.4919
  3.8228
  2.7467
  2.9450
  2.0671
  4.1059
  4.3608
  2.3786
  2.0671
  2.5768
 22.7667
  7.3907
  3.7945
  2.9166
  3.8228
  3.7661
  3.3414
  2.5202
  2.3786
  3.5396
  2.6618
  4.0776
  2.4636
  2.1804
  4.3042
  2.6618
  1.9822
  1.8972
  1.8689
  2.0105
  1.9255
  2.6618
  4.5024
  4.6156
  2.8317
  2.2653
  2.6051
  2.1238
  2.0105
  1.8972
  1.8123
  1.8972
  8.3252
  3.9360
  2.5485
  2.4919
  3.1432
  1.8406
  1.8972
  2.4069
  1.8972
  1.8406
  1.7840
  1.6990
  1.6990
  1.7273
  2.6051
  2.2653
  2.0671
  1.7273
  1.7840
  3.3697
  2.6051
  3.6812
  6.3147
  2.6618
  6.7677
  2.9450
  2.6335
  3.4263
  2.6051
  2.5202
  2.2087
  2.3220
  4.4741
  5.8616
 11.2701
 20.3598
 16.1972
  7.1358
  5.7766
 20.9261
 14.4982
  6.2297
  2.9733
  4.9838
  3.2281
  2.9166
  2.5768
  2.3786
  2.4352
  2.2653
  2.2653
  2.0954
  2.0671
  2.1521
  2.3786
  4.9838
  5.8333
  2.6901
  2.4352
  2.4636
  3.4547
  2.7467
  2.0671
  2.0105
  1.9822
  1.9822
  1.9255
  1.8689
  1.8406
  1.8123
  1.8972
  1.8972
  2.0671
  2.0105
  2.2653
  1.8689
  1.7273
  1.6707
  1.5857
  1.5574
  1.6424
  1.5574
  1.5291
  1.8123
  1.6707
  1.5291
  1.5008
  1.5008
  1.5857
  1.5008
  1.6990
  2.0671
  2.2087
  1.5857
  1.5291
  1.4442
  1.3875
  1.5008
  2.0671
  4.1626
  2.9450
  4.5873
  5.6917
  2.4069
  4.0776
  2.8600
  2.5768
  2.5768
  2.0954
  2.1521
  2.6618
  5.1820
  6.6261
  3.3131
  2.6901
  4.3325
  3.3697
  3.0865
  2.9166
  2.3786
  4.4174
  3.6812
  3.5396
  2.6901
  3.7378
  3.2281
  2.6051
  3.9360
  7.2774
  7.3057
  4.2475
  3.1715
  3.3980
  2.4352
  2.2937
  2.1804
  1.9822
  2.3503
  2.5485
  1.9822
  2.2653
  4.4174
 10.5905
 20.3598
  4.1059
  3.0016
  2.5485
  2.2370
  2.0954
  2.3220
  1.9822
  2.0671
  2.2087
  2.1804
  3.4547
  4.4741
  2.5768
  2.1521
  1.9539
  1.8972
  2.1238
  2.8600
  2.2370
  2.6901
  3.0016
  2.3503
  1.9255
  1.7840
  1.8972
  2.7467
  1.7273
  1.6424
  1.5857
  1.7840
  1.5857
  1.5857
  1.5008
  1.4725
  1.4725
  1.7273
  1.8406
  2.0671
  2.5485
  2.0105
  2.2087
  9.9958
  2.5768
  2.7467
  5.2953
  2.8883
  3.1715
  2.2370
  6.3713
  7.0509
  3.0582
  2.6618
  4.7289
 16.9052
 11.2135
  4.9838
  4.7006
  3.6246
  3.0865
  2.6051
  2.5202
  2.2087
  2.2653
  2.0105
  1.8689
  1.7840
  1.6990
  1.6424
  1.5008
  2.4352
  1.6990
  1.6141
  1.6990
  2.0671
  2.7184
  3.9360
  3.9927
  5.5218
  2.7467
  2.1804
  2.4919
  3.0016
  3.0016
  2.6618
  2.2653
  2.6618
  3.1715
  2.4636
  2.1238
  1.8689
  1.7556
  1.6424
  1.5857
  1.8123
  4.1626
  1.8406
  1.6707
  1.5574
  2.9166
  6.3147
  2.4636
  2.8600
  3.2281
  3.0016
  4.4174
 10.9020
  7.7588
  4.4174
  2.9450
  2.3786
  2.1521
  2.0671
  2.0105
  2.7467
  9.0331
  8.1553
  4.3891
  2.7467
  3.0865
  3.3131
  2.5768
  2.9450
  2.4636
  2.0954
  2.1238
  2.0954
  2.1238
  1.8972
  1.6990
  1.6424
  1.5857
  1.6424
  1.6707
  2.0671
  2.1521
  2.7467
  6.5412
  2.0671
  1.8406
  1.9255
  4.1059
  4.7855
  2.8600
  2.0954
  1.9255
  2.2370
  2.8317
  2.7184
  2.3786
  3.6529
  2.2937
  2.2653
  1.8689
  1.7556
  1.6707
  1.6141
  2.4636
  1.6141
  1.5291
  2.0105
  1.8689
  2.1238
  1.5857
  1.5857
  4.7289
  2.1804
  2.8883
  1.7840
  1.6141
  6.2014
  2.4352
  2.0671
  1.7840
  2.2653
  6.6261
  8.9764
  4.6440
  2.5768
  3.4830
  3.1998
  4.1626
  2.3786
  2.4352
  5.8333
  5.8616
  6.8244
  3.6529
  2.9450
  2.4919
  2.3220
  2.4636
  1.9822
  1.8406
  1.7556
  1.8406
  1.6990
  1.6141
  1.5857
  1.5574
  1.5574
  5.5218
  1.8972
  2.0671
  2.1238
  3.9360
  2.4636
  2.1804
  1.9822
  1.6990
  1.5857
  1.5008
  1.4158
  1.6141
  1.4725
  1.4158
  1.4158
  1.5291
  1.5008
  1.3875
  1.5008
  1.6141
  1.6990
  1.4158
  1.3309
  2.6335
  1.9539
  1.4725
  1.6424
  1.4442
  3.4263
  1.8972
  1.5291
  3.7661
 11.2135
  7.4473
  3.2848
  2.8600
  2.2653
  1.8972
  1.6990
  1.7840
  1.5574
  3.5113
  5.7483
  7.5889
  3.5679
  4.0776
  5.5501
  2.7751
  2.3786
  2.2087
  5.5501
  6.8244
 18.6042
  9.5428
  6.2297
  3.9360
  2.9733
  2.6051
  2.3220
  2.0954
  1.9255
  1.9255
  1.8406
  1.8123
  2.2937
  3.6529
  6.3430
  3.3414
  2.2937
  2.0388
  2.4352
  2.2653
  2.3220
  3.1998
  3.4263
  3.6246
  5.4368
  3.8228
  6.7394
  2.8317
  2.5768
  2.3220
  2.1804
  2.1238
  1.9255
  1.9255
  2.2937
  1.6990
  1.6141
  2.2653
  1.6424
  1.6990
  2.7751
  1.7556
  1.6141
  1.8123
  1.8972
  1.6990
  1.7556
  3.5679
  7.3057
  7.3057
  3.3980
  4.0776
 10.4206
  4.8139
  2.6618
  2.3503
  2.6335
  6.1731
  3.1149
  2.2653
  2.0388
  2.5202
  1.7273
  1.6424
  1.6141
  1.7556
  3.0299
  4.6440
  2.7184
  2.0105
  3.9077
  3.8511
  2.1521
  1.8123
  1.9822
  1.8123
  2.6618
  1.8972
  3.6246
  2.2653
  2.4919
  2.9450
  1.8689
  1.7840
  3.5113
  4.3042
  5.9182
  3.9360
  2.3220
  1.8972
  1.7556
  1.7840
  1.6990
  1.6424
  1.6424
  1.6424
  1.5857
  1.5291
  1.7840
  1.5574
  2.4352
  1.9822
  2.6335
  1.5857
  1.5857
  1.7840
  1.8123
  1.5857
  1.5291
  4.3891
  1.8406
  1.7840
  1.6707
  1.6141
  2.2653
  1.7840
  2.3786
  1.9255
  1.6424
  1.5574
  1.5291
  1.5291
  1.6424
  3.1432
  3.1715
  2.2087
  1.6707
  1.5857
  1.5291
  1.5574
  7.2208
  4.2192
  2.7184
  2.9450
  1.9255
  1.6707
  1.6424
  1.6141
  1.5574
  1.5574
  1.6141
  1.5291
  1.7840
  1.7840
  1.5008
  1.4725
  1.4442
  1.4442
  1.4158
  1.4442
  1.4725
  1.4158
  1.3875
  1.3592
  1.4158
  1.3592
  1.3309
  1.1327
  8.0703
  1.8689
  1.5008
  1.4158
  1.2743
  1.2176
  1.1893
  1.1893
  1.1893
  1.1327
  1.1610
  1.7556
  3.5396
  1.7556
  8.8915
  6.0315
 10.9586
 11.5250
  5.6917
  3.5113
  2.9450
  2.2937
  2.1238
  1.8972
  2.8600
  2.0105
  1.7556
  1.5857
  1.5291
  3.6812
  5.9182
  4.4741
  2.6618
  2.0671
  1.8406
  1.7273
  1.6424
  7.0792
 12.2329
  8.7216
  4.0210
 15.7158
  4.5024
  3.0582
  2.4919
  2.1804
  1.9822
  1.8689
  1.7840
  2.0388
  1.6424
  2.2653
  2.1804
  2.3786
  2.3503
  2.0388
  2.0954
  2.8600
  1.7273
  1.6707
  1.6707
  2.2370
  1.9255
  3.4263
  2.2087
  1.7273
  1.5857
  1.4725
  1.6424
  1.6990
  1.6707
  1.4442
  1.4442
  1.4442
  1.3592
  1.8972
  1.7556
  1.4158
  1.3026
  1.6424
  1.3309
  1.9255
  1.6990
  1.9822
  3.2281
  2.2370
  1.6424
  1.5857
  1.5857
  1.5857
  1.4158
  1.3592
  1.9539
  3.2564
  2.4352
  2.4636
  3.0865
  2.5768
  1.9822
  2.2370
  2.2087
  2.1238
  2.5485
  3.6246
  2.5768
  1.9539
  1.7840
  1.9822
  3.0865
  9.5145
  2.5485
  2.1804
  1.8972
  1.6990
  1.6424
  1.5857
  1.5857
  1.8406
  2.9450
  4.4174
  7.6172
  6.4846
  3.7661
  3.6529
  3.5396
  2.5768
  2.1804
  2.4352
  4.2758
  5.8333
  2.9733
  2.3786
 15.6309
 23.8711
  4.3891
  3.9644
  4.4174
  5.5218
  3.7378
  5.3519
  3.0582
  2.4352
  2.3786
  2.5485
  2.6901
  4.3042
  2.2937
  2.3220
  2.3503
  2.8883
  4.1059
  2.8600
  4.0210
  4.7289
  2.9450
  6.0881
  6.1448
  3.3980
  3.5396
  2.6335
  2.4636
  2.2653
  1.9822
  2.0105
  2.0105
  1.8972
  1.7273
  2.2087
  1.9539
  1.6707
  1.5857
  1.5291
  1.5008
  1.4725
  1.4442
  2.3786
  1.8689
  5.0970
  1.7840
  1.6707
  1.5574
  4.3891
  1.5008
  1.4158
  1.5008
  2.9166
  1.9255
  1.5008
  1.3592
  1.3309
  1.2459
  1.2176
  1.1893
  1.1610
  1.2459
  1.2176
  1.1044
  1.1610
  3.6812
  2.2370
  2.4919
  2.0954
  1.4725
  1.2743
  1.2459
  1.2176
  1.1893
  1.1327
  1.1610
  1.1044
  1.1044
  1.1044
  1.0477
  1.1327
  1.0760
  1.1893
  1.9539
  1.2176
  7.5889
  6.5129
  2.4636
  2.4919
  2.7751
  2.8034
  3.0865
  2.4636
  2.6901
  2.5768
  3.3980
  4.7572
  2.4636
  1.8972
  2.0388
  1.6707
  2.1238
  1.7556
  1.6141
  2.6618
  5.3802
  3.8794
  2.1238
  1.8123
  1.6424
  1.5857
  1.4725
  1.4158
  1.3309
  1.3592
  1.2459
  3.6812
  2.2653
  1.5291
  1.2743
  2.0105
  1.8123
  1.4158
  1.2743
  1.2176
  1.1610
  1.1327
  1.1610
  1.7840
  1.2176
  1.4725
  1.1893
  2.3786
  2.1804
  3.9077
  1.8406
  1.5008
  1.3875
  1.4158
  1.9539
  9.9392
  2.6901
  2.8600
  2.8883
  2.1238
  1.8123
  1.5574
  1.7556
  1.5574
  2.3786
  1.5291
  1.3592
  1.2743
  1.2176
  1.1893
  1.5857
  2.2087
  1.4442
  2.9733
  5.8899
  1.7840
  1.5008
  1.5857
  1.5008
  1.3026
  1.2459
  1.2176
  1.3026
  1.2743
  1.1610
  1.5857
  1.3026
  1.1610
  1.3875
  2.9450
  2.4919
  5.0404
  2.8317
  4.6156
  9.5145
  9.5994
  3.2848
  2.1521
  1.8689
  1.6424
  1.5008
  1.6141
  1.3875
  1.3309
  1.6424
  2.9450
  3.6246
  2.2370
  4.0493
  2.9733
  1.7556
  1.5291
  1.4158
  1.3875
  1.8123
  1.9822
  2.6335
  3.8511
  6.7111
  5.9465
  2.9450
  2.2653
 10.6755
 13.1390
 11.2701
  3.8511
  3.4547
  2.5768
  3.5396
  2.2087
  1.9255
  1.8406
  3.4830
  2.2087
  1.9255
  1.8689
  1.8689
  2.6901
  1.6990
  2.8317
  3.7945
  2.8883
  5.5501
  4.0776
  4.3608
  2.5768
  2.3220
  1.9539
  1.8972
  2.2370
  3.4263
  3.8228
  2.2937
  1.8972
  1.7556
  2.1238
  3.5962
 10.2507
  9.2313
  6.3430
  4.5590
  4.5590
  3.1149
  2.6051
  2.2653
  2.0671
  2.4069
  2.3220
  2.3786
  1.9822
  7.3907
 11.1285
 13.7620
  6.0315
  6.4846
  4.3042
  3.2564
  3.0299
  4.5024
  5.2103
  3.1432
  2.1804
  2.1804
  2.7751
  2.0954
  2.7184
  1.8972
  1.9822
  1.7273
  1.6990
  1.9822
  1.6141
  1.5008
  1.5008
  2.4352
  2.2370
  3.2281
  2.6618
  2.0671
  1.8406
  1.6424
  1.5291
  1.6141
  5.8333
  1.9539
  2.0388
  1.6990
  1.8123
  2.7467
  1.6424
  1.5291
  1.5857
  1.5291
  1.5574
  1.5008
  1.4442
  3.2281
  6.3996
  2.3786
  3.4830
  2.0105
  2.3786
  4.4174
  4.7855
  2.4919
  2.4919
 11.8364
  3.7378
  2.5768
  2.2087
  1.9822
  1.8406
  1.8123
  1.8972
  4.8988
  5.6067
  3.7945
  2.4636
  2.0954
  2.5768
  2.1238
  2.3220
  1.6990
  2.1804
  3.2564
  2.0105
  2.1521
  1.9539
  3.1998
  2.7467
  2.2370
  2.0671
  1.7556
  1.6424
  1.5574
  1.5008
  1.4725
  1.4442
  1.4158
  1.4158
  1.8689
  4.3891
  2.0105
  1.5291
  1.4158
  1.3875
  1.8972
  1.6707
  1.8406
  2.1238
  2.0388
  5.6634
  3.5396
  1.9255
  1.9255
  1.6707
  1.8972
  2.0671
  1.7840
  1.6990
  1.5574
  3.6812
  1.9255
  1.6141
  1.5574
  1.9822
  2.1238
  5.2953
  2.2653
  1.7840
  3.4547
  2.6618
  1.8123
  2.2370
  1.6424
  1.5291
  1.6990
  2.5485
  1.6424
  2.4636
  2.0388
  1.6141
  1.5008
  1.4725
  1.3875
  1.3592
  1.6141
  2.5202
  1.5857
  2.0388
  1.4442
  1.5291
  4.6440
 16.8768
 12.8842
 19.6802
  3.7095
  2.6618
  2.2937
  3.1998
  2.4919
  2.2937
  1.8406
  1.6707
  1.5857
  1.5857
  2.9450
  1.8972
  1.6141
  1.5857
  3.3980
  3.5679
  2.1804
  3.8511
  2.5202
  2.7467
  1.8689
  2.0105
  1.6707
  2.7467
  2.6901
  2.6901
  2.0105
  2.8883
  2.3786
  3.0016
  2.1804
  1.8689
  1.6707
  1.5857
  2.8034
  3.1149
  2.2653
  1.6990
  1.8406
  1.5008
  1.4442
  1.3875
  1.3592
  1.3309
  1.6141
  1.3592
  1.4442
  1.3026
  1.3592
  3.6246
  1.5857
  2.9450
  3.6246
  3.5113
  3.8511
  3.2564
  1.9822
  5.2669
  2.3786
  1.7273
  1.6141
  1.5008
  1.5857
  3.6529
  2.0671
  1.5857
  2.5202
  3.5113
  2.6618
  6.2863
  8.8065
  3.0299
  2.4919
  3.3414
  1.8406
  5.2669
 22.6535
  5.8050
  3.5679
  2.3786
  2.0388
  1.8123
  1.7556
  1.5857
  1.5291
  1.7840
  1.6424
  2.9166
  1.6141
  1.5291
  1.5857
  1.8406
  1.7840
  2.5202
  4.9838
  1.9822
  1.6990
  1.5008
  1.5291
  2.5202
  6.5412
  2.1521
  3.0016
  3.6529
  3.3980
  3.6246
  5.5501
  3.6529
  2.4919
  3.4830
  2.0671
  3.2281
  6.2014
  2.2937
  1.9822
  1.8123
  1.7273
  4.9271
  3.3980
  3.5962
  2.1238
  2.0671
  2.0671
  1.8123
  1.6424
  1.7556
  1.5008
  2.0105
  1.5291
  1.4442
  1.3309
  1.5574
  1.6141
  1.3309
  1.3875
  1.4442
  2.5768
  5.8899
  2.9450
  3.4263
  2.5202
  2.4352
  4.7855
  2.4352
  2.3503
  5.3802
 19.8784
  3.2848
  2.3786
  2.1521
  2.1238
  3.3980
  1.9255
  1.8406
  1.6990
  1.5857
  1.6990
  4.2475
  2.4069
  1.7840
  1.6707
  1.9539
  2.1804
  1.8123
  2.6618
  4.7855
  2.2653
  7.0226
 15.5459
  3.5679
  2.4636
  2.1804
  2.0105
  1.8406
  2.1521
  2.0105
  2.1804
  2.3503
  2.0954
  1.8123
  1.8406
  1.5574
  1.5008
  1.5008
  2.0671
  2.2653
  2.1521
  1.5291
  1.4442
  1.4158
  1.3592
  1.4725
  1.4158
  1.3592
  1.6424
  2.3786
  1.9539
  3.8228
  6.1731
  4.8705
  2.0671
  1.8123
  1.7273
  1.6141
  1.5008
  1.4725
  1.3875
  1.4725
  1.3592
  1.4442
  1.8689
  2.5202
  1.8972
  1.9822
  1.5291
  1.6141
  1.4442
  2.1521
  1.8406
  1.4158
  1.3026
  1.3592
  1.2743
  1.2176
  1.3875
  1.2176
  1.1610
  1.1327
  2.5202
  4.9838
  3.3697
  1.6141
  3.2564
  2.6901
  1.6707
  1.6141
  4.3891
  1.7556
  1.7556
  4.1059
  2.3503
  1.6707
  2.0388
  1.5574
  1.5857
  4.8988
  4.4174
  3.7661
  2.0671
  1.6990
  2.0954
  1.6141
  1.4442
  1.8972
  1.4725
  1.6141
  1.3875
  1.3026
  1.2743
  1.2459
  1.2176
  1.2743
  1.5574
  2.2370
  1.4725
  1.3875
  1.4158
  1.8406
  1.6707
  1.5574
  2.9166
  1.4725
  1.3026
  2.2937
  1.5008
  1.7840
  1.3875
  1.5574
  1.3309
  1.4725
  2.4919
  1.3592
  1.5291
  1.5574
  1.9822
  1.7840
  1.3875
  2.9166
  1.7273
  1.9539
  2.7751
  3.4263
  3.1998
  6.2297
  3.3980
  2.2653
  1.7840
  1.6990
  2.5485
  1.8123
  2.6618
  2.5485
  3.3131
  1.7840
  1.6707
  1.5291
  1.4442
  1.5008
  2.8317
  3.4263
  2.2653
  5.0404
 12.7426
  3.5962
  3.3414
  2.5485
  1.8406
  1.9539
  1.7556
  1.5857
  1.4725
  1.5857
  1.3875
  1.3309
  1.3026
  1.3026
  1.4725
  1.6424
  1.3875
  1.3592
  1.3309
  1.4725
  1.3309
  1.8123
  1.3309
  1.3309
  3.1432
  1.8406
  1.3875
  1.4442
  1.6707
  1.6424
  1.6141
  1.9822
  2.0954
  1.8123
  1.6424
  1.5291
  2.6618
  1.6141
  1.4158
  1.6141
  1.3309
  1.3309
  1.2459
  1.2743
  1.2459
  1.1893
  1.1610
  1.1610
  1.1893
  1.2743
  1.2176
  1.2459
  1.1610
  1.8406
  2.2653
  2.0954
  1.3026
  1.2743
  1.3309
  1.4725
  1.2459
  1.1610
  1.1044
  1.1044
  1.1044
  1.0760
  1.0760
  1.0760
  2.5768
  2.6901
  9.6560
  3.5113
  4.5024
 13.7054
  5.6917
  3.0299
 18.8307
  4.7289
  3.0865
  2.5768
  2.5768
  2.1521
  4.2475
  6.4279
  4.1059
  2.9733
  2.3786
  2.0671
  1.9255
  9.0614
 15.7158
  4.1626
  7.8438
  5.5218
  6.0881
  4.5873
  3.4263
  2.8883
  4.2192
  3.5679
  2.9166
  2.5768
  2.4069
  2.1804
  2.0388
  2.2937
  2.0105
  1.8123
  1.7273
  1.6424
  1.5857
  1.5291
  1.5291
  2.3786
  1.9255
  1.5574
  1.5008
  1.4158
  1.6141
  1.4158
  1.3592
  1.3026
  1.2743
  1.2459
  1.2176
  1.2176
  1.2176
  1.2176
  1.2176
  1.1893
  1.2176
  1.3309
  1.6141
  1.5008
  1.2743
  1.3026
  1.3026
  2.0671
  1.2459
  1.2459
  1.3875
  1.5008
  2.6618
  1.5291
  1.2743
  1.2176
  1.1610
  1.3592
  1.4442
  1.3875
  1.3875
  1.2743
  1.1893
  1.5857
  1.8406
  1.7840
  1.3592
  1.2459
  1.1893
  1.1610
  3.0865
  3.4263
  1.6707
  1.5008
  1.3592
  1.2459
  1.1893
  1.2176
  1.1610
  1.3592
  1.1610
  1.1327
  1.1327
  1.1893
  2.2653
  1.2743
  1.3592
  1.1893
  1.2459
  1.1893
  1.7840
  4.7006
  4.7572
  3.9927
  3.0299
  1.7840
  1.5291
  1.4158
  1.7273
  1.5291
  1.8972
  3.0016
  1.5574
  1.4442
  3.7378
  4.0210
  1.9255
  3.5113
  4.4457
  2.3220
  1.9255
  2.1804
  1.6707
  2.9450
  3.0016
  2.6618
  2.1804
  2.4352
  2.3220
  2.2653
  1.8406
  1.8972
  1.6990
  3.9360
  3.1432
  1.9539
  1.6990
  1.6707
  2.0388
  1.7556
  1.5008
  1.5291
  1.4442
  1.3592
  1.3875
  1.5008
  1.8972
  1.5008
  1.7840
  1.3875
  1.4158
  1.2743
  1.3309
  1.2459
  1.3592
  8.9481
  2.6901
  1.7556
  1.6141
  1.4158
  1.3309
  1.3026
  1.2743
  1.5291
  2.7184
  1.6707
  1.3592
  1.6707
  1.4442
  3.0016
  1.6707
  3.0582
  3.8228
  6.4279
  3.0299
  4.0493
  2.7467
  3.3414
  3.6246
  2.6618
  2.0671
  1.8972
  1.7556
  4.4741
  2.4352
  2.0105
  8.9481
  8.7499
  8.3535
 14.2717
 10.1091
  6.1448
  3.2564
  4.7006
 14.7248
  3.3414
  3.1432
  2.5202
  2.3786
  2.2653
  3.1998
  2.3220
  2.0671
  3.0016
  1.8689
  1.7556
  1.6424
  1.6141
  1.5574
  1.5291
  1.4725
  1.4442
  1.3875
  1.3875
  1.3592
  1.3309
  1.3309
  1.2743
  1.2743
  1.2459
  1.2743
  1.2459
  1.2176
  1.2176
  1.2176
  1.2176
  1.2176
  1.1893
  1.1610
  1.1327
  1.1327
  1.1327
  1.1044
  1.3026
  1.5574
  2.5202
  2.6618
  1.3309
  1.2459
  1.4725
  3.0582
  1.6707
  1.3875
  1.2743
  1.6707
  1.4442
  3.8794
  1.4158
  1.3026
  1.2743
  1.3592
  1.6707
  2.8883
  2.2087
  2.2653
  1.8406
  2.6051
  1.7556
  1.5291
  1.4158
  1.3309
  1.5857
  2.6051
  1.8689
  2.0671
  1.4725
  2.6051
  2.3503
  1.9822
  4.1626
  2.8317
  1.8406
  1.6141
  1.9539
  2.0388
  1.8689
  1.5857
  3.3980
  3.0582
  2.3220
  2.0954
  1.7556
  4.8705
  9.6844
  2.2937
  1.9255
  1.9539
  1.9255
  2.3220
  6.9093
  3.9360
  2.7467
  2.4919
  2.0105
  4.9554
  3.3414
  3.7945
  2.1804
  2.4636
  2.7467
  2.0671
  1.9255
  2.0105
  1.8972
  1.6424
  1.9539
  2.5485
  1.7273
  1.8406
  1.8972
  2.8034
  1.7273
  1.5574
  1.8972
  1.4725
  1.3875
  1.3875
  1.8972
  1.8689
  2.0105
  1.9822
  1.9539
  1.5857
  4.1909
  1.8972
  1.8123
  2.4919
  1.7273
  1.9539
  1.6707
  2.4352
  1.9255
  1.5857
  1.5008
  1.4158
  1.3875
  1.3592
  1.4442
  1.5008
  2.0954
  1.9822
  1.6141
  1.4158
  1.4158
  1.3875
  1.3026
  1.3026
  1.2459
  1.2176
  1.2176
  1.1893
  1.6141
  1.8972
  1.3592
  3.2848
  2.0954
  3.9927
  2.3786
  1.8406
  2.1804
  2.9450
  2.6618
  2.9450
  2.2937
  6.0881
  2.8600
  2.1238
  1.8123
  1.6990
  1.6707
  1.4725
  1.4442
  1.5857
  1.5008
  1.3309
  1.6990
  1.4158
  1.5291
  2.3786
  1.4442
  1.3309
  1.3026
  1.2176
  1.2176
  4.5590
  7.5323
  6.8244
  3.2848
  2.0671
  1.7556
  1.5857
  1.8406
  1.7556
  1.4725
  1.4725
  1.4725
  2.2653
  1.9822
  1.5291
  5.2953
  4.2475
  3.2848
  1.9255
  5.9465
  2.0388
  1.9255
  2.0105
  1.6707
  1.5574
  1.6424
  1.5008
  2.0671
  1.5008
  1.3592
  1.3026
  1.2459
  1.2176
  1.2459
  1.1610
  1.1327
  1.1327
  1.0760
  1.0760
  1.0760
  1.0760
  1.0760
  1.4158
  1.4725
  2.1521
  1.4158
  1.2176
  1.3026
  1.2459
  1.1327
  2.3503
  2.2653
  1.6990
  1.5574
  2.8600
  2.9166
  3.0582
  2.5485
  2.9166
  4.0776
  3.9077
  3.2281
  3.3414
  2.9733
  3.4263
  4.2192
  3.2281
  3.2281
  2.1804
  2.1521
  4.1626
  3.7661
  5.4368
  3.7378
  2.4069
  2.4069
  2.1804
  2.0105
  1.8123
  1.6141
  1.5291
  1.5291
  1.4442
  1.6424
  1.5574
  1.4158
  1.8406
  8.9764
  2.2370
  1.5857
  1.5574
  1.3875
  1.7840
  1.3026
  2.1238
  1.4725
  1.5857
  1.5008
  1.4725
  1.3026
  1.4725
  1.8406
  1.7273
  2.2653
  1.6707
  8.8349
  2.4352
  1.9822
  6.8244
  2.0105
  5.0121
  2.1521
  1.8972
  2.6618
  2.0671
  4.0210
  9.8543
 14.4133
  5.0687
  2.9733
  2.4352
  2.6051
  2.1521
  2.0388
  2.8883
  7.0226
  7.7022
  2.9166
  4.3042
  4.9838
  2.6901
  2.1521
  1.9255
  1.9822
  5.4652
  4.1343
  2.6618
  1.9539
  1.7840
  2.1238
  1.7556
  1.5574
  1.5291
  1.4442
  1.3875
  1.4442
  1.3875
  1.3309
  1.3026
  1.3026
  1.3309
  1.4158
  1.5291
 26.1081
 13.4222
  9.8543
 11.7798
  3.9927
  3.5113
  4.1343
  2.6051
  2.2937
  2.1238
  4.2758
  5.1537
  2.8317
  2.9450
  3.6812
  3.2848
  2.6901
  2.0671
  1.9539
  2.0671
  1.8689
  1.7556
  2.0671
  4.3325
  6.6545
  2.2087
  2.2937
  1.8123
  2.3786
  3.9644
  5.7766
  3.8794
  8.4384
  2.9166
  3.0299
  2.3786
  2.0954
  1.8406
  1.8123
  1.8406
  1.8123
  2.7184
  2.3220
  1.7273
  1.6141
  1.9255
  2.6901
  3.1998
  4.7289
  4.0493
  3.7661
  2.2937
  5.6067
  8.6933
 10.9586
  4.8422
  5.7200
  8.8349
  3.4547
  2.8034
  8.7782
  3.4547
  3.3697
  2.5768
  2.3220
  2.1521
  3.3697
  2.1804
  1.9822
  1.8406
  1.9255
  2.3786
  4.9554
  2.4636
  2.0954
  1.9822
  1.8123
  2.8883
  2.8034
  1.9255
  2.1521
  1.8972
  1.7273
  1.6990
  1.6424
  1.6990
  1.7273
  2.1521
  2.2370
 17.3016
  3.2848
  2.2653
  4.0210
  4.9554
  3.1432
  2.8317
  2.9450
  2.4636
  3.6529
  3.7945
  2.3786
  2.0954
  6.3430
  4.3608
  2.2937
  5.2953
  2.8883
  3.5679
  2.7467
  2.3220
  2.2087
  2.2370
  3.0865
  2.0388
  1.8123
  1.7273
  1.6707
  1.7556
  1.5008
  1.6424
  1.6707
  1.7273
  1.5574
  1.5008
  1.5857
  3.7378
  9.0331
  2.0105
  2.4352
  1.6707
  1.6424
  1.8689
  3.3414
  3.3414
  7.1358
  2.2370
  2.0954
  9.2313
 11.0436
 12.7709
  4.8705
  4.5873
  2.6335
  2.2937
  2.0388
 13.0541
 11.5533
  8.5517
  6.0315
 16.8202
  5.5501
  3.6529
  2.7184
  3.0016
  2.4352
  4.7006
  2.2087
  2.0105
  2.3503
  6.7394
  2.3786
  1.9822
  1.8689
  1.7840
  1.8972
  1.6990
  1.6141
  1.5857
  1.5857
  1.6424
  1.5857
  1.5857
  1.7273
  1.4725
  2.8600
  3.1715
  3.5396
  3.0016
  2.5202
  6.1448
  5.4652
  3.0299
  2.6051
  2.0954
  1.8972
  1.6707
  1.5574
  1.5291
  1.4725
  1.4442
  1.3592
  1.3026
  1.7556
  2.6051
  2.0671
  1.5574
  1.8123
  1.6707
  1.3592
  1.3309
  1.3875
  1.5008
  1.5291
  1.2743
  3.8794
  4.1909
  4.1343
  1.7840
  1.6424
  1.4725
  1.3875
  1.3309
  1.6990
  1.5574
  1.2743
  1.2459
  1.2176
  1.1893
  1.1327
  1.5008
  1.1610
  1.1610
  1.1610
  0.9345
  0.9911
  2.1238
  1.7840
  1.0760
  1.9822
 11.2701
  1.9539
  1.5574
  1.4442
  1.4158
  1.5008
  1.3309
  1.3026
  1.6141
  2.5485
  2.0105
  5.5784
  2.6618
  2.0388
  1.8123
  1.6424
  1.5291
  1.5008
  1.5008
  1.4442
  1.3875
  1.3309
  1.3309
  1.3026
  1.2743
  1.6141
  1.3309
  1.5008
  1.3875
  1.4158
  1.7840
  1.2743
  1.3592
  1.3026
  2.9166
  4.1909
  3.6812
  2.9733
  1.6990
  2.5485
  1.9822
  1.5291
  1.7840
  2.9733
  3.2281
  3.2281
  2.5485
  2.8034
  3.0016
  5.1820
  2.5485
  2.0671
  1.9255
  1.7273
  1.5574
  1.5291
  1.7840
  2.8600
  1.6424
  3.0582
  1.8689
  1.5574
  1.5291
  1.4725
  1.4442
  1.4442
  1.4158
  1.5857
  1.5857
  2.0671
  1.9822
  1.4725
  1.7556
  1.8406
  2.8883
  1.6424
  1.5857
  1.4158
  2.3503
  1.8972
  1.5291
  2.3786
  1.7556
  1.5291
  2.0954
  2.2087
  2.9450
  1.7556
  1.7840
  1.8123
  1.5291
  1.6141
  2.2937
  2.4636
  3.2281
  3.3414
  3.2848
  6.0032
  5.2669
  2.6901
  2.0954
  2.1804
  1.8689
  1.6424
  1.5574
  1.4725
  1.4442
  1.4158
  1.3875
  1.3309
  1.3026
  1.3026
  1.3309
  1.2743
  1.5008
  1.3026
  1.2459
  1.3026
  1.2176
  1.2176
  1.2176
  1.3026
  1.3026
  1.3592
  1.2743
  1.2176
  1.7840
  1.2176
  1.1893
  1.1893
  1.3875
  1.2459
  1.2176
  1.1610
  1.1610
  1.1327
  1.1044
  3.1432
  2.1521
  3.8511
  4.5307
  2.2937
  2.0105
 10.9303
  6.8244
  2.8600
  2.3503
  2.2370
  1.9539
  6.6261
 14.6964
  4.2192
 10.2790
  7.1642
  3.2281
  2.4919
  2.1804
  3.8511
  7.7588
 10.3356
  5.4368
  7.0226
  5.8050
  7.9004
 14.0168
  4.3608
  2.9733
  3.1432
  2.7751
  2.9450
  2.9733
  2.6051
  2.0954
  1.6990
  5.1537
  2.0954
  1.8689
  1.7840
  1.7273
  2.8883
  1.8689
  4.8139
 10.6188
 17.3016
  8.1269
  4.5873
  5.0404
  4.7572
  2.5768
  2.6335
  2.1521
  2.2937
  3.7661
  3.0582
  2.0671
  1.8689
  1.9539
  1.8406
  1.6424
  1.5857
  1.5857
  1.5857
  1.5008
  1.4442
  1.3875
  1.4442
  1.8406
  2.4352
  2.0388
  2.1238
  1.9255
  1.4725
  1.3875
  1.4158
  1.4158
  1.3026
  1.2743
  1.2743
  1.4442
  1.3592
  1.6141
  2.0388
  3.6529
  2.6901
  2.3503
  2.0954
  1.5857
  1.4158
  1.3309
  2.2370
  1.4158
  1.3309
  1.2743
  1.3592
  1.2743
  1.3026
  1.2459
  1.3875
  1.5857
  1.5291
  1.2459
  1.3309
  1.6141
  1.4725
  2.2370
  1.7556
  1.5857
  1.3875
  1.3592
  1.8972
  1.5008
  3.1998
  2.1804
  1.5291
  1.5291
  3.0865
  1.7840
  1.5857
  1.6990
  1.6707
  2.4636
  1.6707
  4.1059
  1.7273
  1.4725
  2.0954
  1.7840
  1.7556
  2.4352
  1.5574
  1.4158
  1.3592
  2.2653
 23.9844
 25.1454
 38.5109
  7.1925
  3.7661
  2.8600
  2.3503
  2.0671
  1.8972
  1.7556
  1.6990
  1.5857
  1.5857
  1.7273
  1.4442
  1.3875
  1.3592
  1.6141
  1.3592
  1.3026
  1.6707
  1.3592
  1.3026
  2.1238
  1.6990
  1.5008
  2.1238
  7.7871
  3.8794
  2.2087
  1.8689
  1.7840
  2.0388
  3.0299
  1.8123
  1.5574
  1.4158
  1.3592
  1.3309
  1.3026
  1.2743
  1.2459
  1.2459
  1.2176
  1.2176
  1.1610
  1.1610
  2.4069
  6.2297
  7.7588
  4.8422
  2.7751
  2.5768
  2.4069
  2.2087
  2.2937
  2.4919
  3.5396
  6.0032
  2.2370
  3.0016
  2.0954
  1.9539
  1.8689
  1.7840
  3.2848
  2.9166
  2.5768
  2.6051
  1.8689
  1.7273
  1.6990
  1.6707
  1.5857
  1.8972
  3.5113
  2.6618
  1.9539
  2.2653
  2.1238
  1.7273
  1.6424
  1.5291
  1.4725
  1.4725
  1.4158
  1.5008
  1.6424
  1.3592
  1.3309
  1.3026
  1.3026
  1.3875
  1.3309
  1.6141
  1.5857
  1.4158
  1.3026
  1.2743
  1.2743
  1.3026
  1.3026
  1.2459
  1.4442
  1.2743
  1.2176
  1.5008
  1.2176
  1.1893
  1.1893
  1.1327
  1.1610
  1.1610
  1.2743
  1.4725
  1.1893
  1.1610
  1.1893
  1.2176
  1.2459
  1.3875
  1.2176
  1.2459
  1.8972
  1.4442
  1.2176
  1.1610
  1.1327
  1.1327
  1.1610
  1.1327
  1.1610
  1.1327
  1.1327
  1.1327
  1.1327
  1.2176
  1.1610
  1.8406
  1.7556
  2.2087
  1.7556
  1.6707
  1.6141
  1.5291
  1.5008
  2.3786
  1.8123
  1.5008
  1.5291
  1.4442
  1.5291
  8.6083
  7.4190
  4.5590
  3.5962
  3.4830
  2.2937
  2.1238
  1.8123
  1.7273
  1.8123
  1.7556
  3.6812
  3.8228
  2.1238
  2.8034
  1.8123
  1.7273
  1.9255
  1.6424
  2.1238
  1.6141
  1.5291
  1.5008
  1.8123
  1.5291
  1.5008
  1.6141
  1.4725
  1.3592
  1.3592
  1.3026
  1.3592
  1.3592
  1.3026
  1.2743
  1.2743
  1.2459
  1.2459
  1.6424
  1.3592
  1.7273
  1.4725
  2.5202
  3.5113
  1.7273
  1.4442
  1.4158
  1.9255
  5.0121
  2.8883
  2.9450
  1.9255
  1.9255
  2.2937
  4.2475
  2.2937
  2.1238
  3.2848
  3.0016
  1.9255
  1.7556
  2.2370
  1.9255
  1.6707
  1.5857
  1.5291
  1.4158
  1.3875
  1.4442
  1.3592
  1.3026
  1.2743
  1.2743
  1.2743
  1.2743
  1.2459
  1.2176
  1.2459
  1.7273
  1.5574
  1.4442
  1.6424
  1.4442
  1.3592
  1.5574
  2.2087
  1.7273
  1.4442
  1.3592
  1.2743
  1.2459
  1.2743
  3.5962
  1.8123
  1.9255
  1.5574
  1.4725
  1.3592
  1.1893
  1.1610
  1.0760
  1.0760
  0.9911
  0.9911
  0.9911
  0.9345
  0.9345
  0.9345
  0.9911
  1.0194
  4.8139
  2.2653
  1.6707
  2.3220
  1.6141
  1.5574
  2.1238
  1.6990
  1.3592
  1.4158
  1.4725
  1.3592
  2.1521
  1.8406
  1.5857
  1.3309
  1.5574
  1.3309
  1.6990
  1.2743
  1.3592
  1.2176
  1.3309
  1.6990
  1.2176
  3.4547
  2.6335
  1.5291
  2.1804
  1.6424
  1.7556
  1.4158
  1.2743
  1.2459
  1.1610
  1.4725
  1.3309
  1.3309
  1.3309
  1.8972
  1.8972
  2.3503
  1.6141
  1.4725
  1.5008
  2.4636
  2.8317
  1.7556
  1.5857
  1.3592
  1.3026
  1.2459
  1.1893
  1.2459
  1.2459
  1.2459
  1.1893
  1.1893
  1.1327
  1.1610
  1.6990
  1.4158
  1.7556
  1.2743
  1.1327
  1.1893
  1.1893
  1.1327
  1.1044
  1.3592
  1.1610
  1.1044
  1.8123
  1.3875
  1.3875
  1.3026
  1.3026
  1.2459
  1.1610
  1.1044
  1.3875
  1.1044
  1.2459
  1.0477
  1.1327
  1.1610
  1.1610
  2.1804
  1.1610
  1.1044
  1.0760
  2.5202
  2.0105
  1.5008
  1.2176
  1.1610
  1.6990
  2.6901
  2.2653
  1.3875
  1.4158
  1.6424
  2.9733
  1.6990
  1.3309
  1.1893
  1.1610
  1.1610
  1.1044
  1.1893
  1.1327
  1.1044
  1.4158
  1.8406
  1.2459
  1.1610
  1.3592
  1.2459
  1.1327
  1.0477
  1.0477
  1.0477
  1.0194
  0.9911
  1.0477
  1.1044
  0.9911
  0.9628
  1.1327
  1.1893
  2.3503
  1.2176
  1.0477
  0.9628
  0.9345
  0.9345
  0.9345
  0.9061
  0.9061
  0.8778
  0.9628
  0.9061
  0.9345
  0.9345
  1.0760
  1.4158
  1.1327
  0.9911
  1.2176
  1.1610
  1.6141
  1.9539
  1.1893
  1.0760
  1.0760
  2.5768
  1.5008
  1.2743
  1.1610
  1.0477
  1.0477
  1.0194
  0.9911
  1.0194
  0.9911
  0.9628
  5.5501
 11.2984
  3.2564
  1.9539
  1.5857
  1.4442
  1.4725
  1.6141
  1.5008
  1.3875
  1.2459
  1.3026
  7.1075
  4.8139
  2.0671
  1.6424
  1.5291
  1.5574
  2.2370
  1.9822
  1.7840
  1.5857
  1.5574
  1.7273
  1.5574
  1.3309
  1.2459
  1.2459
  1.1893
  1.2176
  1.2176
  1.6141
  1.2743
  1.1893
  1.2176
  1.2176
  1.5857
  3.1715
  3.9077
  2.1804
  3.4547
  4.8705
  4.3042
  3.2281
  7.5606
  4.1626
  3.5962
  2.6618
  2.8600
  2.2653
  2.9166
  2.2653
  3.1149
  3.2564
  2.5202
  2.3503
  2.0954
  1.9255
  1.9539
  3.0582
  5.3802
  2.4919
  2.5768
  2.6051
  2.2937
  2.4069
  1.8406
  1.6707
  1.5574
  2.2937
  3.5679
  1.7273
  2.8600
  2.0671
  1.9539
  1.8689
  3.4547
  2.7184
  2.3503
  3.6246
  2.2370
  1.7840
  1.5857
  1.6424
  1.7273
  3.8511
  6.0032
  5.7766
 11.6949
  3.2281
  2.5768
  2.5485
  2.2937
  3.9077
  2.1804
  2.6335
  2.0388
  3.1432
  2.0388
  1.9822
  1.7840
  2.0954
  1.7273
  2.5485
  5.2669
  8.7782
  3.5679
  2.8600
  2.1804
  2.0954
  2.0671
 12.3461
  3.6246
  2.8034
  2.8317
  2.0388
  2.4069
  3.1998
  2.5485
  2.2087
  1.9539
  2.4069
  1.9822
  1.8406
  4.9271
  3.1149
  3.5113
  7.9004
  4.2192
  2.8317
  4.1626
  2.4636
  2.0671
  2.2653
  3.1998
  2.1238
  1.8406
  1.6990
  2.3786
  1.8972
  2.4636
  2.2653
  1.7840
  2.0671
  1.8972
  2.8600
  3.1149
  1.7556
  1.5574
  1.5574
  3.0016
  1.9822
  1.8406
  1.9539
  2.3503
  2.4919
  2.4069
  1.7840
  1.6707
  1.5574
  1.7556
  1.5574
  2.9450
  1.8123
  1.6990
  1.5574
  1.4158
  1.3592
  3.0865
  5.4085
  5.5218
  2.1804
  1.8689
  1.7840
  1.5857
  1.5574
  1.5291
  1.4725
  1.4442
  1.4442
  1.4442
  1.9255
  2.6901
  3.6812
  5.6067
  2.7467
  2.2087
  1.8123
  1.9822
  1.9822
  2.3220
  3.2848
  3.0016
  2.4636
  5.9465
  4.1909
  7.0226
  3.6529
  2.3786
  2.7184
  3.0865
  2.1804
  2.0105
  2.0105
  1.8689
  1.7840
  1.7840
  1.8689
  1.7840
  1.7273
  1.6424
  1.7273
  1.5574
  1.5008
  1.4442
  2.6618
  2.5768
 10.2790
  3.8228
  2.1804
  2.1804
  2.3786
  4.4174
  4.0210
  7.3624
  8.4667
  4.0776
  2.9733
  2.6901
  2.5768
  1.9822
  2.1521
  1.9822
  1.8406
  1.7273
  1.7556
  1.5857
  1.5574
  1.6707
  1.5291
  1.6707
  1.9539
  2.1521
  1.6141
  2.3786
  1.7273
  2.5202
  3.3131
  3.0299
  1.8123
  1.6424
  2.4069
  2.3786
  1.6990
  1.7556
  1.5291
  1.7840
  2.0671
  1.6707
