0.1926
0.1218
0.0906
0.0793
0.0651
0.0623
0.0538
0.0538
0.0538
0.0481
0.0425
0.0396
0.0396
0.0340
0.0311
0.0311
0.0311
0.0311
0.1529
0.2464
0.0906
0.0481
0.0396
0.0651
0.0651
0.0396
0.0311
0.0311
0.0906
0.0425
0.4531
0.5947
0.7362
0.1614
0.1133
0.7646
0.2322
0.3115
0.1501
0.2265
0.1926
0.1218
0.5663
0.2832
0.1614
0.1048
0.1019
1.7840
0.3398
0.2407
0.2407
0.7079
0.2010
0.1388
0.5663
2.6335
0.2322
0.6230
0.2464
0.1756
0.1388
0.1133
0.0963
0.0793
0.4814
0.1388
0.0963
0.1926
0.1388
0.1274
0.0821
0.0651
0.0623
0.0538
0.1699
0.1048
0.0623
0.0481
0.0425
0.0396
0.0396
0.0340
0.0340
0.0311
0.0396
0.0311
0.0311
0.0396
0.0736
0.8212
1.1044
0.0176
0.0130
0.0130
0.0130
0.0130
0.0130
0.0130
0.0130
0.0130
0.0130
0.0130
0.0130
0.0130
0.0130
0.0130
0.0176
0.0218
0.0263
0.0218
0.0218
0.0263
0.0566
0.0396
0.0218
0.0176
0.0130
0.0130
0.0130
0.0130
0.0176
0.0176
0.0396
0.0263
0.0176
0.0176
0.0176
0.0130
0.0130
0.0130
0.0130
0.0088
0.0088
0.0088
0.0088
0.0088
0.0088
0.0088
0.3398
1.4442
0.1841
0.0736
0.0481
0.0340
1.5008
0.6230
0.1218
0.1529
0.1359
0.3681
0.1048
0.0821
0.0736
0.0623
0.0481
0.0396
0.0340
0.0263
0.0263
0.0218
0.0218
0.0425
0.0311
0.0218
0.0311
1.7840
1.6990
0.2492
0.1104
0.0793
0.0651
0.0538
0.0396
0.0340
0.0311
0.0311
0.0396
0.0708
0.1359
0.3115
0.3681
0.2633
0.2633
0.2407
0.2407
0.2407
0.0963
0.0963
0.0963
0.0538
0.0538
0.0538
0.0538
0.0538
0.0538
0.0538
0.0538
0.1784
0.1784
0.1784
0.1784
0.1784
0.1784
0.1784
0.3398
0.3398
0.3398
0.2633
0.3115
0.7079
0.2803
0.1699
0.1218
0.4531
0.1671
0.1218
0.1133
0.1133
0.0736
0.0566
0.0538
0.0793
0.1926
0.0651
0.0906
0.1982
0.1048
0.0963
0.0623
0.0878
0.0538
0.0481
0.0651
0.4248
0.1699
0.0906
0.0623
0.0481
0.0396
0.0340
0.0311
0.0263
0.0425
0.1784
0.8212
0.5663
2.0671
2.9733
1.2743
0.3115
0.1699
0.1274
0.0906
0.0793
0.0651
0.0566
0.0481
0.0425
0.0538
0.1841
0.1218
0.0623
0.0821
0.1048
0.1699
0.0821
0.1784
0.1104
0.0623
0.2633
0.1926
0.0906
0.0651
0.0136
0.0136
0.0136
0.0136
0.0258
0.0538
0.0651
0.0566
0.0368
0.0258
0.0201
0.0153
0.0153
0.0176
0.0227
0.0176
0.0153
0.0153
0.0153
0.0136
0.0119
0.0119
0.0099
0.0099
0.0099
0.0099
0.0099
0.0099
0.0099
0.0119
0.0119
0.2095
0.0623
0.0258
0.2549
0.1303
0.0793
0.0368
0.0258
0.0227
0.0396
0.0201
0.0176
0.0272
0.0201
0.0153
0.0136
0.0119
0.0119
0.0099
0.0099
0.0099
0.0088
0.0088
0.0088
1.5291
0.0651
0.0651
0.0263
0.0263
0.0263
0.0201
0.0201
0.0176
0.0201
0.0176
0.0153
0.0176
0.0368
0.0201
0.0258
0.0201
1.0194
0.1274
0.0481
0.0368
0.0283
0.0258
0.0201
0.0201
0.0425
1.0477
0.2067
0.3398
0.3964
0.0736
0.0566
0.0481
0.0368
0.0283
0.0258
0.0227
0.0201
0.0201
0.0176
0.0176
0.0176
0.0176
0.0153
0.0153
0.0136
0.0136
0.0153
0.0153
0.0136
0.0119
0.0119
0.0119
0.0099
0.0099
0.0167
0.0227
0.0311
0.0538
0.0538
0.0538
0.0218
0.0218
0.0218
0.0218
0.0218
0.0218
1.3026
0.1303
0.1303
0.0218
0.0218
0.0218
0.0218
0.0218
0.1897
0.1897
0.1897
0.0311
0.0311
0.0311
0.0311
0.0906
0.0906
0.0340
0.0340
0.1189
0.1189
0.1189
0.0218
0.0218
0.0218
0.0218
0.0218
0.0218
0.0218
0.0130
0.0130
0.0119
0.0119
0.0119
0.0099
0.0099
0.0481
0.0311
0.0136
0.0099
0.0099
0.0099
0.0153
0.0136
0.0201
0.0176
0.0119
0.0099
0.0088
0.0088
0.0088
0.9061
0.0736
0.1359
0.0765
0.0651
0.1671
0.0878
0.0481
0.0481
0.0481
0.0396
0.0425
0.0651
0.2180
0.1529
0.0878
0.0538
0.0425
0.0425
0.0340
0.0340
0.0340
0.0340
0.0566
0.0566
0.0425
0.0340
0.0651
0.1529
0.3964
0.1104
0.0963
0.0566
0.1529
0.5097
0.5380
0.2237
0.1218
0.0708
0.0538
0.0425
0.0396
0.0368
0.0425
0.4531
0.0963
0.0538
0.0425
0.0481
0.1642
1.6141
0.1926
0.1274
0.0963
0.0651
0.0566
0.0481
0.0425
0.0396
0.0396
0.0566
0.1501
0.2379
0.1529
0.0821
0.0623
0.0538
2.1521
1.7840
0.2803
0.1699
0.1218
0.0821
0.0708
0.0623
0.0538
0.0481
0.0425
0.0425
0.1756
1.3026
0.2180
0.0878
0.0651
0.0538
0.0481
0.0425
0.0425
0.0425
0.0481
0.1756
0.6513
0.2180
0.1529
0.2633
0.2633
0.4248
0.1756
0.0878
0.1104
0.3115
0.2633
0.2803
0.3115
0.1303
0.0651
0.1529
0.8778
0.7079
0.2633
0.1756
0.1529
0.1529
0.1189
0.0651
0.0736
0.0623
0.1982
0.2633
0.3115
0.1104
0.0651
0.2633
0.1104
0.0878
0.0736
0.0708
0.1303
0.0821
0.0708
0.2180
0.1529
0.1982
0.1104
0.0736
0.0566
0.0538
0.0481
0.0425
0.0396
0.0396
0.0396
0.0396
0.1982
0.2633
0.0878
0.0651
0.1529
0.0878
0.0651
0.0566
0.0538
0.1303
0.1529
0.1303
0.1104
2.6335
3.0582
2.1804
0.8778
1.1044
0.3115
0.8778
0.5663
0.3964
0.3398
1.1044
0.4248
0.2180
0.1756
0.3964
1.7556
0.4814
0.2633
0.1756
0.2633
0.1529
0.1104
0.0878
0.0651
0.1529
0.0623
0.2633
0.0651
0.0878
0.5380
0.1303
0.0708
0.0538
0.0425
0.0425
0.0368
0.0283
0.0258
0.0227
0.0201
0.0227
0.0201
0.0176
0.0176
0.2464
0.1019
0.0481
0.0651
0.0396
0.0258
0.0201
0.0201
0.0201
0.0176
0.0176
0.0153
0.0176
0.0176
0.0227
0.0283
0.0311
0.1076
0.0283
0.0201
0.0176
0.0153
0.0153
0.0153
0.1104
0.0566
0.0566
0.0368
0.0227
0.0201
0.0258
0.0201
0.0227
0.0368
0.0201
0.0201
0.0153
0.0153
0.0275
0.1218
0.8495
0.1274
0.0566
0.0396
0.0311
0.0258
0.0258
0.0227
0.0201
0.0793
0.8212
0.7646
0.5380
0.1218
0.0906
0.0623
0.0481
0.0425
0.0425
0.0396
2.0671
2.4069
0.3681
0.1756
0.1104
0.0878
0.0765
0.0623
0.0538
0.0425
1.1893
0.1756
0.0708
0.4248
0.1586
0.0651
0.0538
0.0396
0.0340
0.0311
0.0311
0.0263
0.0263
0.0538
0.3681
0.1019
0.3398
0.0736
0.0538
0.0425
0.0263
0.0263
0.0623
0.0396
0.0263
0.0218
0.0311
0.0311
0.2379
0.0878
0.0651
0.0538
0.0425
0.0340
0.0340
0.0263
0.0176
0.0176
0.0176
0.0340
0.0396
0.0218
0.0793
0.0566
0.5380
0.4248
0.4814
1.6707
0.4814
0.1756
0.0963
0.0793
0.0821
0.0566
0.0538
0.0425
0.0396
0.0340
0.0311
0.0311
0.0263
0.0263
0.2180
0.0708
0.0425
0.0340
0.0425
0.0708
0.0538
0.2832
0.0963
0.0538
0.4248
2.4636
3.9360
0.7079
0.6513
0.2832
0.1274
0.1926
0.1841
0.0906
0.0821
1.4158
0.3964
0.1841
0.1133
0.0963
0.1133
0.2718
0.2803
2.1804
0.3398
0.2010
0.1331
0.0963
0.0708
0.0651
0.0566
0.1104
0.0566
0.0481
0.0425
0.2832
0.0368
0.0311
0.0283
0.0283
0.0283
0.0283
0.0283
0.0258
0.0258
0.0396
0.0311
0.0258
0.0258
0.0227
0.0227
0.0201
0.0201
0.0201
0.0425
0.0258
0.0283
1.0477
2.0105
0.8495
0.4814
2.1804
1.1610
0.6513
0.4814
0.1699
0.1218
0.1274
0.0821
0.0651
0.0708
0.3398
0.4531
0.8778
0.6513
0.2832
0.2095
0.1388
0.1019
0.1104
0.4248
0.1331
0.1444
1.7840
0.2492
0.1388
0.1841
0.1699
0.1019
2.2370
0.5947
0.2549
0.1331
0.1019
0.0821
0.0708
0.0708
0.0651
0.0963
0.0566
0.0566
0.0651
0.1472
0.1019
0.0821
1.4158
0.3681
0.3115
0.3681
0.7646
2.4069
0.7646
0.2237
0.1699
0.1529
0.1274
0.1133
0.4531
0.5097
0.3398
0.3115
0.1841
0.1331
0.1076
0.0963
1.3875
1.1044
1.1327
0.3964
0.1926
0.1331
0.1133
0.0963
0.0906
0.0708
0.0651
0.0623
0.0623
0.0651
0.0566
0.5947
0.3115
0.4248
0.5947
0.2010
0.1331
0.1133
0.1019
0.0821
0.0708
0.0651
0.0566
0.0566
0.0481
0.0481
0.0481
0.0538
0.1614
0.0708
0.0538
0.9061
1.2743
0.2633
0.1472
0.4248
0.2010
0.3398
0.3115
0.1699
0.1331
0.3398
0.1529
0.3681
3.3414
0.5097
0.2010
0.3681
0.1841
0.6230
1.6424
1.0194
0.3115
0.1756
0.1331
0.1699
0.1218
0.0963
0.9911
0.8212
0.1699
0.3398
1.0760
0.9061
1.3026
0.7362
0.7646
0.3964
0.5663
1.1610
0.3681
0.3964
0.3398
0.2492
0.2152
2.7184
2.7184
0.9345
0.3115
0.1926
0.1472
0.1274
0.1076
0.0963
0.0821
0.0765
0.0708
0.0651
0.0623
0.0708
0.0566
0.0481
0.2464
0.0765
0.0821
0.0651
0.0623
0.0651
0.0425
0.0425
0.0396
0.0396
0.0368
0.0311
0.0283
0.0538
0.1161
0.0538
0.0396
0.0850
0.1388
0.0906
0.0765
0.0765
0.0538
0.0425
0.1359
2.0954
0.2747
0.4814
1.3592
0.3398
0.1388
0.1133
0.1841
0.2407
0.3115
0.3681
0.2010
0.1926
0.1218
0.0821
0.0651
0.0623
0.0566
0.0538
0.0481
0.0425
0.0425
0.0566
0.0765
0.0425
0.0396
0.0396
0.0821
0.0481
0.0396
0.0368
0.0311
0.0311
0.0283
0.0283
0.0258
0.0368
0.0258
0.0258
0.0258
0.0227
0.2322
0.0623
0.0396
0.3115
0.0623
0.0481
0.0396
0.0311
0.0311
0.0283
0.0283
0.0368
0.0368
0.0258
1.1610
0.8495
1.3309
1.1610
0.6796
0.5380
0.3681
0.5663
0.2010
0.1274
0.1076
0.0708
0.0566
0.0481
0.0425
0.0425
1.2743
0.1218
0.0623
0.0538
0.0425
0.0396
0.0368
0.0311
0.0283
0.0283
0.0258
0.0258
0.0258
0.0227
0.0227
0.3398
0.0793
0.0311
0.0368
0.0566
1.1044
1.5857
0.1926
0.1472
0.1019
1.3026
0.3681
0.2152
0.1472
0.0765
0.0566
0.0538
0.0425
0.0396
0.0425
0.2180
0.1416
0.0538
0.0481
0.0368
0.0311
0.0311
0.0283
0.0283
0.0258
0.0258
0.4531
0.1019
0.1076
0.0623
0.2577
0.1699
0.7362
0.0963
0.0623
0.0481
0.0396
0.0396
0.6513
2.0671
0.3681
0.3398
0.2492
0.7646
1.1610
1.5857
1.0760
0.3398
0.1756
0.1926
0.1472
0.1019
0.0765
0.0623
0.0963
0.0566
0.0538
1.3026
0.8212
0.1472
0.1133
0.1614
0.8495
0.0218
0.0207
0.0207
0.0207
0.0235
0.0680
0.0255
0.0235
0.0218
0.0218
0.0207
0.0207
0.0218
0.0218
0.0255
0.0340
0.0235
0.0218
0.0368
0.0255
0.0218
0.0207
0.0207
0.0218
0.0207
0.0207
0.4814
0.3115
0.0623
0.0368
0.0311
0.0255
0.0235
0.0235
0.0218
0.0218
0.0218
0.0218
0.0235
0.0340
0.0275
0.2095
0.2152
0.3115
0.1982
0.5380
0.1444
0.0850
0.0623
0.0793
0.1501
0.0623
0.0538
0.0396
0.0340
0.0311
0.0368
0.0311
0.0275
0.0368
0.1133
0.1501
0.0396
0.0311
0.0275
0.0255
0.0275
0.0453
0.0275
0.0425
0.3964
0.0736
0.0481
0.0340
0.0275
0.0255
0.1897
0.0680
0.0368
0.0368
0.0595
0.0453
0.0311
0.0595
0.1472
0.0963
0.0850
0.0481
0.7646
1.3592
0.2577
0.2832
0.1331
0.0793
0.0623
0.0481
0.0396
0.3115
0.2803
0.0963
0.0680
0.2067
0.1359
0.1388
0.2492
0.1331
0.1671
0.0906
0.2067
0.1388
0.0906
0.0623
0.0538
0.0453
0.0396
0.0453
0.0368
0.0821
0.3681
0.1727
0.0680
0.0481
0.0623
0.0878
0.0623
0.0396
0.0453
0.2747
0.1048
0.3398
0.0736
0.0538
0.0453
0.0368
0.0311
0.0275
0.0275
0.0275
0.0275
0.0275
0.0255
0.0235
0.0235
0.0396
0.0235
0.0218
0.0235
0.0340
0.0218
0.0275
0.0340
0.3681
0.2407
0.1388
0.2662
0.1019
0.1104
0.0623
0.0481
0.0453
0.0340
0.0340
0.0311
0.0275
0.0275
0.0275
0.0255
0.0275
0.0235
0.0368
0.1586
0.0736
0.0538
0.0340
0.0275
0.0255
0.0235
0.0218
0.0218
0.0218
0.0218
0.0218
0.0144
0.0144
0.0144
0.0144
0.0144
0.0453
0.0396
0.2803
0.0510
0.0218
0.0187
0.0176
0.0311
0.4814
0.1699
0.1104
0.0680
0.0368
0.0311
0.0275
0.0275
0.0368
0.0595
0.0538
0.1303
0.0680
0.0368
0.0623
0.0538
0.0793
0.0538
0.0311
0.0255
0.0255
0.0235
0.0453
0.0963
0.1104
0.2492
0.1218
0.0793
0.0595
0.1671
0.1019
0.0481
0.0453
0.0368
0.0311
0.0275
0.0255
0.0255
0.0235
0.0651
0.4248
0.2577
0.0850
0.1019
4.3325
1.9255
0.2379
0.1897
0.1218
0.0850
0.0708
0.9061
0.1359
0.0850
0.0708
0.1274
0.1926
0.0793
0.0623
0.0708
0.0538
0.0453
0.0425
0.0368
0.0368
0.7646
0.1444
0.0708
0.0538
0.0453
0.2464
0.2832
0.0708
0.0538
0.0481
0.1529
0.3964
0.1897
0.2747
0.1104
0.3115
0.0906
0.2379
0.1841
0.0736
2.1804
0.6230
0.1501
0.1019
0.0793
0.0708
0.0623
0.4248
0.0850
0.0623
0.0538
0.0481
0.0481
0.0736
0.0425
0.0368
0.2662
0.0850
0.0538
0.0538
0.0453
0.0538
0.0453
0.0425
0.0425
0.0368
0.0340
0.0340
0.1359
0.0736
0.0453
0.0340
0.0340
0.0425
0.0850
0.0538
0.0425
0.0311
0.0283
0.1841
0.2379
0.0708
0.0481
0.0453
0.0425
0.3681
0.0991
0.0538
0.0425
0.0368
0.1104
0.0453
0.0340
0.0311
0.0311
0.0283
0.0258
0.0258
0.0258
0.0232
0.0207
0.8212
1.0760
0.2067
0.0850
0.0623
0.0793
0.0623
0.0453
0.0368
0.3681
0.0708
0.0453
0.0368
0.3398
0.3115
0.0736
0.0538
0.0425
0.0368
0.0340
0.2180
0.0793
0.0453
0.0340
0.1444
2.2370
0.5663
0.2180
0.0850
0.0708
0.0623
0.0481
0.0425
0.0368
0.0453
0.0623
0.0425
0.0368
0.0340
0.0311
0.1416
0.0623
0.0368
0.0340
0.0340
0.0311
0.0283
0.0283
0.0258
0.0258
0.0736
0.1841
0.1529
0.0538
0.1472
0.1388
0.3398
0.1784
0.1841
0.0906
0.0651
0.0481
0.0425
0.0368
0.0736
0.0453
0.0425
0.0368
0.0340
0.0481
0.0453
0.0340
0.0283
0.1926
0.1104
0.0481
0.1501
0.1274
0.0538
0.0425
0.0340
0.0368
0.0368
0.0425
0.0283
0.0258
0.0258
0.0623
0.0311
0.0283
0.0425
0.0311
0.0258
0.0651
0.0453
0.0283
0.0258
0.2067
0.0623
0.0368
0.0425
0.0283
0.0396
0.2803
0.0453
0.0340
0.0283
0.1727
0.1756
0.3115
0.0793
0.0651
0.0736
0.0651
0.6513
0.3964
1.2176
0.1897
0.0850
0.0623
0.0481
0.0481
0.0595
0.0425
0.0396
1.6990
0.1189
0.0651
0.0538
0.0453
0.0425
0.0425
0.1076
0.0453
0.0425
0.0368
0.0453
0.0481
0.0340
0.0311
0.0283
0.0538
0.0425
0.0311
0.0283
0.0481
0.0311
0.0258
0.0232
0.0311
0.5097
0.0623
0.0425
1.3592
0.1076
0.0623
0.0481
0.0453
0.0425
0.0340
0.0311
0.0283
0.0340
0.0283
0.0258
0.0258
0.0232
0.2407
0.3398
0.2180
0.0793
0.0566
0.0368
0.0311
0.0340
0.0283
0.0258
0.0258
0.0232
0.0258
0.0283
0.0207
0.0207
0.0425
0.0283
0.0232
0.0207
0.7646
0.3115
0.1218
0.7079
0.2803
0.4248
0.1218
0.0736
0.0566
0.0481
0.0481
0.0623
0.0651
0.1218
0.1444
0.3115
0.8495
0.1586
0.0850
0.0187
0.0207
0.0187
0.0878
0.0258
0.0207
0.0187
0.0232
0.0736
0.0680
0.2803
0.2662
0.1388
0.5663
0.1897
0.3398
0.1841
0.1218
0.1727
0.0708
0.0538
0.1926
1.2176
2.0105
0.8495
0.2662
0.1218
0.0963
0.1331
0.0850
0.0623
0.0538
0.0481
0.0453
0.0538
0.5947
0.1841
0.0736
0.0538
0.1388
0.2067
0.0708
0.0538
0.0453
0.0934
0.4531
0.1897
0.0793
0.0906
0.0651
0.0623
0.0453
0.1161
0.0538
0.1048
0.0538
0.0425
0.1019
0.0906
0.5380
0.1331
0.1218
0.0850
0.2095
0.7079
0.6230
0.3681
0.1982
0.7079
0.6796
0.1642
0.3115
0.1303
0.0906
0.0736
0.1019
0.0850
0.0566
0.0538
0.0566
0.1218
0.0623
0.0481
0.0425
0.0368
0.0340
0.0340
0.0368
0.0340
0.0311
0.5097
0.0566
0.7646
0.2633
0.0708
0.0538
0.3964
0.0736
0.0736
0.0538
0.0453
0.0340
0.0368
0.1104
0.0963
0.0453
0.0340
0.0311
0.0283
0.0258
0.0283
0.0258
0.0232
0.0207
0.0207
0.0263
0.0481
0.0258
0.0207
0.3398
0.0453
0.1104
0.0538
0.0340
0.0283
0.0232
0.0258
0.0538
0.0311
0.0258
0.0232
0.0232
0.0232
0.0232
0.2237
0.2633
0.1048
0.0651
0.0566
0.1019
0.1104
1.7840
0.1671
0.0850
0.0623
0.0481
0.0453
0.0878
0.8778
0.9061
1.5857
0.2747
0.1218
0.2067
0.2464
0.1926
0.1218
0.8212
1.2176
0.7362
0.3681
3.5396
1.4158
0.3681
0.3398
0.6796
1.2176
0.3398
0.1642
0.1699
0.1727
0.7079
0.2010
0.1444
0.2549
0.3115
1.4158
0.2832
0.3115
0.4248
0.1444
0.1019
0.0176
0.0207
0.0453
0.0311
0.0538
0.0283
0.0207
0.0187
0.0232
0.0187
0.0176
0.0176
0.0283
0.1388
0.0283
0.0207
0.0176
0.0176
0.0176
1.5008
1.1893
0.1104
0.0651
0.0481
0.0368
0.0340
0.0311
0.0311
0.0680
0.0340
0.0258
0.1076
0.0481
0.0311
0.0258
0.0232
0.0207
0.0207
0.0207
0.0207
0.0207
0.0258
0.0340
0.0207
0.0453
0.0991
0.0425
0.0283
0.0232
0.0207
0.0207
0.0187
0.0187
0.0176
0.0176
0.0176
0.0176
0.0176
0.0176
0.6796
0.7362
0.1699
0.1274
0.0623
0.0453
0.3964
0.7929
0.1303
0.1274
0.0708
0.0538
0.0453
0.0595
1.4158
1.4442
0.5663
0.2095
0.1104
0.0793
0.0708
1.1893
0.5947
0.1331
0.0850
0.0708
0.0566
0.0538
0.0538
1.1610
2.3220
0.1982
0.1161
0.0850
0.2718
0.1841
1.3309
0.2464
0.1359
0.7079
1.3592
0.1586
0.1019
0.0793
1.4158
2.1521
0.6230
0.3115
0.4248
1.9822
0.5380
0.1982
0.1189
0.0878
0.0651
0.0538
0.0425
0.3115
0.0481
0.0425
0.0368
0.0311
0.0283
0.0283
0.0283
0.0283
0.0263
0.0263
0.0878
0.0425
0.5380
0.4248
0.2718
0.1699
0.8778
0.1161
0.6513
0.7646
0.1104
0.0736
0.0623
0.0538
0.0481
0.0453
0.0934
0.0481
0.0425
0.4814
0.1019
0.0566
0.2832
0.0736
0.0481
0.0425
0.0651
0.0906
0.0538
0.0368
0.0340
0.7646
1.7556
2.2653
0.2718
0.1501
0.1104
0.0736
0.0934
0.0651
0.0538
0.0708
0.0538
0.1727
0.0878
0.0566
0.0821
0.0878
1.1327
0.2067
0.0906
0.0793
0.1501
0.2832
0.0963
0.0566
0.0340
0.0232
0.0207
0.0207
0.0207
0.0207
0.0207
0.0207
0.0207
0.0232
0.0187
0.0176
0.0176
0.0187
0.0187
0.0311
0.0340
0.0232
0.0176
0.0176
0.0159
0.0159
0.0235
0.0283
0.0207
0.0187
0.0232
0.0340
0.0258
0.0207
0.0176
0.0159
0.0159
0.0139
0.0139
0.0139
0.0122
0.0139
0.0244
0.0176
0.0623
0.1472
0.0623
0.0311
0.0368
0.1019
0.0481
0.0283
0.2577
0.0566
0.0708
0.0878
0.0368
0.0453
0.0538
0.0425
0.0283
0.0283
0.0340
0.0793
0.0340
0.0283
0.0258
0.0595
0.2322
0.8778
0.1218
0.9911
0.1614
0.0850
0.0623
0.0453
0.0368
0.0453
0.0368
0.0340
0.0396
0.0481
0.0340
0.0283
0.0263
0.0227
0.0210
0.0215
0.0227
1.9822
1.7556
0.3115
0.1303
0.0878
0.0708
0.0623
0.0963
0.0878
0.0425
0.0340
0.6513
0.0878
0.0425
0.0340
0.0311
0.1529
0.0651
0.0425
0.0368
0.3115
0.0850
0.0538
0.0425
0.0340
0.0311
0.0283
0.0258
0.0258
0.0258
0.0258
0.0232
0.0311
0.0283
0.0232
0.0207
0.0207
0.0187
0.0187
0.0187
0.0187
0.0176
0.0187
0.0207
0.0176
0.0340
0.0207
0.4531
0.0708
0.0538
0.0425
0.0283
0.0232
0.0595
0.0340
0.0258
1.7556
0.2407
0.3115
0.2577
0.2180
0.0850
0.3115
0.1359
0.0708
0.8495
0.1303
0.0793
1.0194
0.4814
0.2407
0.7646
0.3398
0.5663
0.8495
0.1784
0.1161
0.0850
0.0708
0.0623
0.0538
0.7929
0.9061
0.1472
0.1331
0.5097
0.1019
0.1076
0.0963
0.0850
0.0793
0.3115
0.1019
0.0623
0.0538
0.0566
0.0736
0.0187
0.0187
0.0187
0.0187
0.0207
0.0207
0.0207
0.0187
0.0187
0.0187
0.0187
0.0207
0.0258
0.0595
0.1841
0.1218
0.3964
0.1076
0.0481
0.0340
0.0258
0.0207
0.0207
0.0207
0.2464
0.0765
0.0793
0.0481
0.0425
0.0311
0.0368
0.0283
0.0275
0.0207
0.0187
0.0187
0.0187
0.0187
0.0176
0.0187
0.0176
0.0176
0.0176
0.0159
0.0159
0.0139
0.0139
0.0139
0.0139
0.0311
0.0232
0.0275
0.0651
0.0311
0.0187
0.0176
0.0159
0.0159
0.0159
0.0425
0.1444
0.0934
0.0425
0.0311
0.2718
2.8600
0.5947
0.4248
0.1501
0.0850
0.0651
0.0821
0.0538
0.0425
0.0368
0.0708
0.0623
0.0368
0.0340
0.0538
0.1388
0.0623
0.0425
0.0340
0.0283
0.0396
0.0736
0.3115
0.0991
0.0623
0.0425
0.0311
0.0311
0.0283
0.0258
0.0232
0.0232
0.0232
0.0232
0.0232
0.0187
0.0187
0.0176
0.0176
0.0176
0.0176
0.0176
0.0176
0.0159
0.0159
0.0159
0.0159
0.3964
0.1048
0.0368
0.0258
0.0232
0.0207
0.0187
0.0187
0.0187
0.0187
0.0176
0.0176
0.0159
0.0159
0.0159
0.0159
0.0159
0.0159
0.0159
0.0159
0.0159
0.0159
0.0159
0.0176
0.0176
0.0176
0.0176
0.0176
0.0176
0.0176
0.0176
0.0176
0.0159
0.0159
0.0139
0.0139
0.0244
0.0934
0.0258
0.0176
0.0396
0.0850
0.2747
0.3398
0.3115
0.1218
0.1133
0.2265
0.0793
0.0538
0.0708
0.0481
0.0340
0.0283
0.0258
0.0595
0.0425
0.0538
0.0481
0.0283
0.0232
0.0187
0.0176
0.0207
0.0708
0.1671
0.1472
0.1048
0.0566
0.1019
0.0130
0.0878
0.0425
0.0218
0.0195
0.0176
0.0153
0.0139
0.0136
0.0130
0.0122
0.0113
0.0110
0.0105
0.0105
0.0113
0.0119
0.0263
0.0176
0.0130
0.0127
0.0167
0.0184
0.0176
0.1529
0.0481
0.0623
0.0566
0.0396
0.1104
0.1303
0.0396
0.0340
0.0272
0.0241
0.0227
0.0224
0.0218
0.0311
0.2180
0.8778
0.3398
0.1529
0.0878
0.0566
0.0453
0.0368
0.0311
0.0283
0.0311
0.0283
0.0258
0.0232
0.0368
0.0283
0.0207
0.0207
0.0187
0.0176
0.0176
0.0176
0.0176
0.3681
0.1104
0.0481
0.3681
2.5768
0.6230
0.1897
2.6618
0.5097
0.1926
0.2067
0.1104
0.0793
0.1104
0.0566
0.0538
0.0453
0.0453
0.0453
0.0368
0.0340
0.1784
0.0623
0.0453
0.0340
0.0311
0.0283
0.0368
0.0311
0.0258
0.0232
0.0207
0.0207
0.0207
1.4442
0.7929
0.1161
0.0736
0.0623
0.1501
0.6513
0.0963
0.0623
0.0481
0.2180
0.5380
0.1756
0.1019
0.0538
0.0396
0.0566
1.1893
0.4814
0.1218
1.5574
1.5857
0.1841
0.1161
0.3681
0.4814
0.4248
0.5380
0.1586
0.1019
0.1218
0.0850
0.2095
0.1444
0.0736
0.0566
0.0538
0.0453
0.0538
0.1019
0.0651
0.0425
0.7929
0.7362
0.1303
0.0850
0.0651
0.0538
0.0453
0.0368
0.0340
0.0481
0.0368
0.0311
0.0283
0.0258
0.0232
0.0232
0.0258
0.0207
0.0340
0.0425
0.0736
0.0425
0.1274
0.0566
0.0963
0.2379
0.2322
0.3681
0.1303
0.1699
0.4531
0.2322
0.1586
0.1161
0.0963
0.0736
0.0651
0.1841
0.1303
0.5097
0.3115
0.1019
0.1218
0.2407
0.0159
0.0139
0.0139
0.0139
0.0139
0.0176
0.0176
0.0176
0.0159
0.1076
0.0396
0.0207
0.0176
0.0159
0.0139
0.0139
0.0139
0.0139
0.0139
0.0139
0.0139
0.0275
0.0207
0.0176
0.0159
0.0159
0.0159
0.0159
0.0159
0.0396
0.0311
0.0283
0.0207
0.0176
1.6990
0.3398
0.0963
0.0566
0.1501
0.0651
0.0453
0.0340
0.6230
1.5291
0.7079
0.2832
0.1104
0.0736
0.0566
0.0481
0.0425
0.0368
0.0425
0.0340
0.0283
0.0283
0.0258
0.0283
0.0708
0.0793
0.3115
0.0651
0.0425
0.2549
0.0934
0.0566
0.0566
1.3309
0.1359
0.5380
0.1756
0.0850
0.0963
0.2237
1.2743
0.1841
2.4919
0.5663
1.1044
0.9061
1.5008
7.9854
3.1432
0.5380
2.7467
1.0194
0.3115
0.1982
0.1501
0.4531
0.6513
0.3398
0.1897
0.3398
0.3398
0.6230
0.6230
0.2180
0.2265
0.2067
0.1444
0.1671
0.1218
0.0991
0.0878
0.0765
0.0708
0.0821
0.0595
0.0566
0.0510
0.0481
0.0453
0.0453
0.0396
0.0396
0.0368
0.0368
0.0311
0.0311
0.0595
0.0311
0.0280
0.0280
0.0368
0.0651
0.0368
0.0241
0.0311
0.0396
0.0241
0.2180
0.0510
0.0368
0.0241
0.0241
0.0218
0.0201
0.0241
0.0201
0.0201
0.0184
0.0184
0.0184
0.0184
0.0161
0.0184
0.0878
0.1218
0.1642
0.0906
0.0595
0.0396
0.0765
0.1161
0.0396
0.0311
0.0368
0.1104
0.0453
0.0368
0.0280
0.0218
0.1019
0.0566
0.0368
0.5663
0.1529
0.0765
0.0481
0.0396
0.0311
0.0311
0.0510
0.3681
0.1586
0.1699
2.0671
1.5008
0.5663
0.2322
0.1926
0.0258
0.0187
0.0176
0.0187
0.0538
0.0425
0.0258
0.0258
0.0207
0.0187
0.0176
0.0159
0.0139
0.0176
0.0340
0.0311
0.0187
0.0159
0.0176
0.0249
0.0258
0.0207
0.0176
0.0159
1.6141
0.4531
0.6230
0.1104
0.0623
0.0453
0.0368
0.0340
0.0283
0.0258
0.0232
0.0258
0.0232
0.0207
0.0207
0.0244
0.0258
0.2549
0.1501
0.7079
0.1586
0.0736
0.0538
0.0425
0.0368
0.0311
0.0283
0.0258
0.0232
0.0207
0.9628
0.4248
0.0906
0.0566
0.0453
0.0340
0.0340
0.0481
0.0623
0.0453
0.0453
0.0340
0.0368
0.0311
0.0453
0.0311
0.0510
0.3398
3.4547
0.3681
1.5857
0.4531
1.4725
2.0954
1.1893
0.9628
1.3026
0.2180
0.1444
0.9061
0.2180
0.1359
0.1019
0.1104
0.0736
0.0651
0.0623
0.0538
0.0481
0.1784
1.0194
0.2464
0.1019
0.0793
0.3115
0.2832
0.1444
0.0906
0.1501
0.2095
0.0736
0.0651
0.0566
0.8778
0.7362
0.1388
0.0850
0.0708
0.0623
1.2743
0.5380
3.1149
0.4531
1.1044
2.8883
3.2281
3.1149
2.1804
0.5380
0.2803
0.5947
0.1897
0.1359
0.1104
0.1529
0.2379
0.5097
0.1671
0.1019
0.0850
0.0736
0.0708
0.0651
0.0566
0.0538
0.0481
0.0453
0.0453
0.0453
0.0425
0.0368
0.0340
0.0736
0.0481
0.0340
0.0311
0.1076
0.0368
0.0453
0.0340
0.1699
0.1303
0.0736
0.1359
0.0651
0.0651
0.0850
0.0566
0.2492
0.2407
0.7079
0.1614
0.1359
0.1586
0.3115
0.1218
0.0736
0.0623
0.1756
0.4248
0.3115
0.1019
0.0934
0.6230
0.3115
0.4531
0.5663
0.4531
0.3115
0.1303
0.1104
0.1274
0.0680
0.0595
0.0453
0.0425
0.0340
0.0283
0.0283
0.0283
0.0258
0.0510
0.0425
0.0258
0.0232
0.0232
0.0207
0.0184
0.2747
0.0850
0.5097
0.3115
0.1897
0.1331
0.1699
0.3681
0.2832
0.2265
0.3115
0.3964
0.1416
0.4814
0.5097
0.1501
0.1104
0.0793
0.9061
0.3681
0.1331
0.1444
0.4814
0.1699
0.2379
0.1019
0.1133
0.1303
0.6513
0.1274
0.0850
0.0736
0.0595
0.0595
0.2237
0.1019
0.0850
0.1218
0.7362
0.2832
0.5947
0.3964
1.0477
0.2718
0.1501
0.1104
0.1218
0.1104
0.0934
0.1756
2.3220
0.9061
0.3681
0.3398
0.6796
0.2718
0.2067
0.1416
0.2633
0.1897
0.1416
0.2633
0.2180
0.1756
0.6230
0.7929
0.3398
0.1756
0.1756
0.3115
0.8778
0.9628
0.2633
0.1756
0.1218
0.1019
0.0878
0.0963
0.4814
0.2180
0.8212
0.2633
0.7079
0.2180
0.1756
0.1756
0.1756
0.8778
2.0671
1.3026
0.9628
1.3026
1.2743
0.2633
0.1756
0.1274
0.1048
0.0821
0.0736
0.7362
0.1303
0.0793
0.0680
0.0651
0.0566
0.0566
0.0538
0.0538
0.0538
0.0538
4.2192
0.6230
0.6513
0.2180
0.1274
0.0906
0.0906
0.0793
0.0736
0.1303
0.0736
0.0566
0.0566
0.0538
0.0481
0.0481
0.0481
0.0481
0.0481
0.0481
0.0481
0.0481
0.1756
0.1303
0.0708
0.0481
0.0481
0.0481
0.4248
0.5380
0.0793
0.0538
0.0481
0.6230
0.3115
0.0708
0.0566
0.0538
0.0538
0.0481
0.0793
0.0680
0.0453
0.4248
0.1841
0.1218
0.1501
0.2152
0.0736
0.1444
0.0934
0.1416
0.0680
0.0184
0.0184
0.0184
0.0184
0.0680
0.0396
0.0207
0.0184
0.0595
0.0340
0.0283
0.0425
0.0311
0.0232
0.0232
0.0207
0.0232
0.0258
0.0368
0.0283
0.0184
0.0184
0.0184
0.0161
0.0139
0.0122
0.0122
0.0122
0.0122
0.0566
0.0850
0.3115
0.1331
0.2832
0.8495
0.2747
0.4248
0.7362
0.1756
0.0850
0.0595
0.0566
1.4725
0.4248
0.3398
0.3964
0.1727
0.2662
0.2180
0.1557
0.1019
0.0736
0.0595
0.0566
0.0538
0.0481
0.0425
0.0368
0.0368
0.0340
0.1303
0.0821
0.1444
0.2265
0.0850
0.0566
0.0453
0.0368
0.0368
0.0368
0.0311
0.0283
0.0258
0.0311
0.0340
0.0258
0.2549
0.1161
0.3681
0.0736
0.0481
0.0368
0.0538
0.0538
0.0453
0.0311
0.0340
0.0283
0.0283
0.0258
0.0311
0.0232
0.0207
0.0510
0.0453
0.0283
0.0232
0.5663
0.1189
0.5947
0.2095
0.2407
1.0477
0.1897
0.0906
0.0651
0.0566
0.0566
0.0538
0.0425
0.0453
0.0425
0.0708
2.1521
0.3115
0.1218
0.0850
0.0651
0.0566
0.1841
0.1303
0.0651
0.0538
0.0453
0.0425
0.0368
0.0340
0.4248
0.4248
0.1699
0.0793
0.0651
0.0538
0.0425
0.0368
0.0368
0.0991
0.0651
0.0595
0.0934
0.1019
0.0453
0.1218
0.6796
0.6513
0.1104
0.0680
0.0538
0.0453
0.0481
0.1557
0.0538
0.0368
0.0368
0.0340
0.7929
0.1189
0.0651
0.0538
0.8495
0.1784
0.1218
0.0736
0.0566
0.0481
0.0425
0.0368
0.0340
0.0340
0.0311
0.1246
0.3115
0.0595
0.1076
0.5947
0.1416
0.1303
0.2718
0.5663
0.6796
0.2067
0.3398
0.0227
0.0210
0.0227
0.0244
0.0263
0.0218
0.0210
0.0195
0.0195
0.0481
0.0566
0.0340
0.0218
0.0195
0.0176
0.0176
0.0176
0.0167
0.0167
0.0167
0.0144
0.0144
0.0167
0.0651
0.0340
0.0481
0.0396
0.0283
0.0481
0.0311
0.0210
0.0167
0.0167
0.0144
0.0144
0.0144
0.0144
0.0144
0.0144
0.0187
0.0167
0.0144
0.0144
0.0144
0.1756
0.0425
0.0263
0.1727
0.2633
1.1044
0.7646
0.1161
0.0680
0.1416
0.1586
0.3398
0.3681
0.2747
0.1303
0.0793
0.0680
0.1246
0.1019
0.6513
1.0477
0.5097
0.3681
0.1756
0.1444
0.0963
0.1699
0.5097
0.3681
0.2492
0.1218
0.0906
0.1303
0.0850
0.0595
0.0481
0.0425
0.0396
0.0340
0.0311
0.0283
0.0283
0.0263
0.0340
0.4531
0.2662
1.3875
0.2180
0.2010
0.1104
0.0736
0.0736
0.0736
0.0680
0.0453
0.0340
0.0311
0.0283
0.0283
0.0340
1.1327
3.1998
4.3891
1.4442
0.4248
0.2180
0.1359
0.1019
0.0878
1.0194
0.4814
0.1529
0.1019
0.0736
0.0623
0.0538
0.0481
0.0481
0.0425
0.0425
0.0425
0.0425
0.0481
0.0425
0.0396
0.0425
0.0481
0.0340
0.0311
0.1076
0.0538
0.0396
0.0311
0.0793
0.1076
0.3681
0.2265
0.5663
0.9345
1.2176
0.2237
0.1161
0.0850
0.0680
0.0595
0.0538
0.0538
0.0481
0.2803
1.8406
2.9450
0.5947
0.2180
0.1388
0.1019
0.0850
0.0736
0.8495
0.7929
0.2379
0.2549
0.1444
0.0963
0.0793
0.0680
0.0651
0.0595
0.7079
0.2095
0.6513
1.1044
1.0760
1.0477
1.3026
4.8705
0.3964
0.1756
0.1161
0.0311
0.0283
0.0263
0.0232
0.0210
0.0210
0.0210
0.2718
0.5663
0.1303
0.0651
0.0453
0.0425
0.0340
0.0311
0.0283
0.0263
0.0263
0.0283
0.1784
0.1926
0.1416
0.3964
0.2379
0.0793
0.0538
0.0906
0.1104
0.3964
0.7646
0.3398
0.3115
0.1161
0.1104
0.0651
0.0538
0.0481
0.0538
0.1218
0.4814
0.6796
0.2407
0.1104
0.0793
0.0680
0.0595
0.0538
0.0595
0.0850
0.0793
0.0623
0.0793
0.0595
0.0453
0.0453
0.0453
0.0651
0.1246
0.0850
0.0538
0.0481
0.0425
0.0340
0.0311
0.0311
0.0311
0.0311
0.0311
0.0283
0.0906
1.3592
0.1586
0.0906
0.0680
0.0538
0.9061
3.4547
1.7840
0.2832
0.1529
0.1019
0.0793
0.0651
0.0595
0.0595
0.0453
0.0425
0.0396
0.0340
0.0396
0.6513
0.3681
0.0793
0.0680
0.0595
0.0481
0.0396
0.0340
0.0340
0.0311
0.0566
0.0595
0.1784
0.2237
0.1019
0.1161
0.0680
0.0481
0.0425
0.0396
2.1804
0.2095
0.6513
0.3398
0.1161
0.0736
0.0595
0.0481
0.0425
0.0396
0.0340
0.0481
0.0340
0.0263
0.0232
0.0232
0.0210
0.0187
0.0187
0.0187
0.0167
0.0167
0.0167
0.0167
0.0144
0.0144
0.0144
0.0144
0.0144
0.0144
0.0232
0.3681
0.0538
0.0340
0.1218
0.1897
0.0595
0.0396
0.0283
0.0232
0.0232
0.0187
1.0194
0.1614
0.0736
0.3681
0.3115
0.1019
0.1104
0.2633
0.3681
0.1897
0.1982
0.8778
1.1610
0.6230
0.1926
0.1218
0.0906
0.0793
0.0878
0.0736
0.0538
0.0481
0.0425
0.0396
0.0566
0.1019
0.8495
0.6230
0.1727
0.0906
0.0680
0.0210
0.0110
0.0074
0.0074
0.0074
0.0122
0.0091
0.0074
0.0062
0.0062
0.0167
0.0122
0.0074
0.0074
0.3398
0.0793
0.3115
1.5574
0.1388
0.0623
0.0821
0.0425
0.2237
0.4248
1.6141
0.2407
0.1161
0.1784
0.4531
0.3398
0.2407
0.4814
0.1359
0.1161
0.0736
0.0623
0.0481
0.0425
0.0340
0.0425
0.0368
0.1699
0.0651
0.0906
0.0906
0.5380
0.2747
0.1161
0.1416
0.1388
0.0906
0.0623
0.0481
0.0425
0.0340
0.0340
0.0311
0.1529
0.0623
0.1189
0.5947
