  0.0878
  0.0453
  0.0453
  0.1303
  0.0048
  0.0054
  0.0110
  0.0110
  0.0150
  0.0150
  0.0079
  0.0062
  0.0042
  0.0031
  0.0008
  0.0008
  0.0017
  0.0023
  0.0023
  0.0006
  0.0065
  0.2435
  0.0224
  0.0122
  0.0065
  0.0065
  0.0031
  0.0025
  0.1331
  0.2832
  0.0991
  0.0991
  0.0510
  0.0368
  0.0249
  0.0193
  0.0122
  0.0091
  0.0074
  0.0091
  0.2265
  0.1246
  0.0651
  0.0453
  0.0368
  0.0425
  0.0425
  0.0340
  0.0249
  0.0193
  0.0150
  0.0122
  0.0091
  0.0079
  0.0091
  0.0079
  0.0074
  0.0062
  0.0042
  0.0034
  0.0031
  0.0023
  0.0017
  0.0006
  0.0008
  0.0008
  0.0934
  0.0150
  0.0065
  0.0042
  0.0204
  0.0147
  0.0130
  0.0102
  0.0088
  0.0057
  0.0025
  0.0042
  0.0088
  0.0034
  0.0085
  0.0020
  0.0023
  0.0031
  0.0008
  0.0045
  0.0023
  0.0076
  0.0130
  0.0102
  0.0076
  0.0017
  0.0008
  0.0003
  0.0096
  0.0003
  0.0173
  0.0076
  0.0147
  0.0113
  0.0076
  0.0040
  0.0031
  0.0011
  0.0144
  0.0184
  0.0147
  0.0102
  0.0076
  0.0057
  0.0057
  0.0093
  0.0130
  0.0076
  0.0057
  0.0040
  0.0031
  0.0025
  0.0008
  0.0003
  0.0623
  0.0006
  0.0651
  0.0425
  0.0821
  0.1642
  0.1727
  0.0278
  0.0040
  0.0011
  0.1812
  0.1926
  0.0623
  0.0311
  0.0311
  0.0204
  0.0453
  0.0278
  0.0204
  0.0164
  0.0102
  0.0017
  0.0014
  0.0011
  0.0099
  0.0008
