0.6513
0.3964
0.3115
0.2633
0.2407
0.2237
0.2152
0.2095
0.2095
0.2067
0.1926
0.1897
0.1897
0.1841
0.1784
0.1784
0.1756
0.1784
0.6230
1.0194
0.3964
0.2379
0.2152
0.3398
0.3398
0.2152
0.2010
0.2067
0.5380
0.2549
1.7556
1.7840
2.1804
0.6230
0.4248
2.0954
1.0477
1.1327
0.5663
1.0477
0.8778
0.5380
1.7556
1.2176
0.5663
0.3681
0.3398
3.5113
0.8212
0.6796
0.7079
1.5857
0.5097
0.4248
1.5008
4.3325
0.5663
1.8972
0.7079
0.5947
0.4814
0.3964
0.3681
0.3115
1.2176
0.4248
0.3115
0.5097
0.3964
0.3681
0.2832
0.2549
0.2464
0.2322
0.5380
0.3681
0.2549
0.2379
0.2180
0.2152
0.2095
0.2095
0.2095
0.2067
0.2095
0.2067
0.2010
0.2577
0.4814
2.1521
2.9733
1.4158
0.9628
0.9061
0.9061
1.4442
0.5380
0.4248
0.6230
1.2743
1.2176
1.4442
1.9255
0.8212
0.8212
0.6230
0.3964
0.3681
0.3115
0.2747
0.2633
0.5380
0.4531
4.4741
1.9822
0.9061
1.8972
0.5380
3.0582
0.7362
0.6230
0.4248
0.3681
0.3115
0.3115
0.3681
0.3964
0.4248
0.3964
0.4248
0.3681
0.6230
0.4814
0.7079
0.3681
0.6796
0.5380
0.3115
0.2832
0.3115
0.2577
0.3115
0.2633
0.2379
0.2322
0.2180
0.2180
0.2464
0.2237
0.2095
0.5097
0.3115
0.2832
0.2322
0.2152
0.2095
0.2803
0.2322
0.2180
0.2152
0.2067
0.2152
0.2152
0.2095
0.2010
0.1926
0.1926
0.2010
0.3964
0.2633
0.2095
0.1926
0.1926
0.1897
0.1841
0.1841
0.1784
0.1784
0.1784
0.2464
0.2095
0.1841
0.1784
0.1841
0.2832
0.6230
0.3964
0.2803
0.2633
0.2633
0.2379
0.2180
0.2407
0.2464
1.4158
0.3964
0.2832
0.3681
0.2464
0.4248
1.5291
0.9628
1.0477
0.3964
0.2832
0.2464
0.3398
0.2633
0.2180
0.2237
0.3964
0.2747
0.3681
0.2577
0.2237
1.1893
1.1327
0.4248
0.3115
0.2464
0.9061
0.7362
0.3681
0.8778
0.3964
0.3115
0.2747
0.2464
0.2464
0.2633
0.2633
0.2577
1.1044
0.5380
0.3115
0.2633
0.2747
0.2577
0.2407
0.2237
0.2633
0.2067
0.2067
0.2095
0.1926
0.1897
0.2180
0.2832
0.2067
0.1841
0.1784
0.2180
1.1327
0.7362
0.3115
0.4248
0.3115
0.2633
0.2095
0.1926
0.1841
0.1841
0.1841
0.1784
0.1784
0.1756
0.1671
0.1614
0.1841
0.1699
0.1614
0.1614
0.1586
0.1586
0.1586
0.1529
0.1529
0.1529
0.1529
0.1501
0.1671
0.1529
0.1501
0.1529
0.1501
0.1501
0.1444
0.1444
0.1444
0.1501
0.2237
0.2322
0.2010
0.2010
0.2265
0.3681
0.2633
0.1841
0.1586
0.1501
0.1444
0.1444
0.1501
0.1784
0.1614
0.2662
0.2095
0.1614
0.1501
0.1501
0.1444
0.1388
0.1388
0.1303
0.1303
0.1274
0.1274
0.1274
0.1274
0.1218
0.1274
0.7646
2.8600
0.5097
0.2464
0.1897
0.1671
2.1804
2.1804
0.5663
0.5663
0.5663
0.5663
0.3398
0.3398
0.2407
0.2407
0.2407
0.1756
0.1756
0.1756
0.1501
0.1501
0.1444
0.1982
0.1699
0.1501
0.1501
4.1059
4.1626
0.6230
0.3398
0.2718
0.2633
0.2095
0.1841
0.1671
0.1586
0.1529
0.1784
0.3115
0.6230
0.9061
1.1893
1.0194
0.5663
0.4248
1.1044
0.3681
0.2379
0.2010
0.1756
0.1671
0.1586
0.1501
0.1501
0.1388
0.1388
0.1359
0.1303
0.4814
4.3042
0.9628
0.5097
0.3681
0.8212
0.8212
1.0477
1.6141
1.1327
0.8778
0.8212
1.9255
0.8212
0.4814
0.3398
1.1893
0.6230
0.3681
0.3398
0.3681
0.2180
0.1926
0.1841
0.2407
0.6230
0.2379
0.2322
0.4814
0.3115
0.2633
0.1926
0.2832
0.2095
0.1784
0.3115
1.4442
0.6230
0.3115
0.2379
0.1926
0.1699
0.1614
0.1529
0.1501
0.1501
0.5097
1.8406
1.2176
5.6634
7.1075
2.5768
0.7362
0.3964
0.3115
0.2633
0.2379
0.2180
0.2067
0.1897
0.1784
0.2577
0.7079
0.4814
0.2549
0.3681
0.4248
0.6230
0.3115
0.7079
0.3964
0.2407
1.3592
0.7929
0.3681
0.2407
0.2180
1.9822
0.5663
0.3115
0.2407
0.2180
0.2067
0.1897
0.2067
0.2010
0.1699
0.1614
0.1586
0.5380
0.1784
0.1614
0.1897
0.1671
0.1529
0.1501
0.1897
0.2095
0.1699
0.1529
0.1501
0.1388
0.1388
0.1388
0.1784
0.1756
0.1614
0.1501
0.1444
0.1388
0.1303
0.1274
0.1274
0.1274
0.1359
0.3964
0.9628
0.4814
0.2633
0.2237
0.9061
0.3398
0.3681
0.2095
0.2180
0.4248
0.2379
0.1756
0.1586
0.1501
0.1388
0.1359
0.1303
0.1303
0.1359
0.1388
0.1303
0.1274
0.1359
0.1359
0.1274
0.1274
0.1359
0.4531
0.2180
0.1501
0.1388
0.1303
0.1274
0.1274
0.1274
0.1274
0.1274
0.1274
0.1274
0.1218
0.1218
0.1274
0.1671
0.2832
0.1841
0.1388
0.1926
0.7929
0.3115
0.2464
0.9061
0.6230
1.0477
0.4248
0.6796
0.3398
0.3681
0.2180
0.2095
0.2265
0.3115
0.2633
0.2379
0.1982
0.2718
0.1926
0.2718
0.7079
0.5380
0.3115
0.2322
0.2180
0.5380
0.4814
0.3681
0.3398
0.4248
0.3964
0.2832
0.4814
0.4248
0.2464
0.2322
0.2067
0.2747
0.2322
0.5663
0.3681
0.2322
0.1926
0.1926
0.2095
0.1784
0.1699
0.1586
0.1529
0.1529
0.1671
0.1784
0.1529
0.1897
0.1756
0.1501
0.1444
0.1444
0.1388
0.1388
0.1501
0.1388
0.1897
0.2407
0.2067
0.2010
0.1671
0.2265
0.1671
0.1784
0.2152
0.2662
0.1671
0.1501
0.1388
0.1388
0.1756
0.1699
0.1841
0.1614
0.1501
0.3115
0.2180
0.3681
0.2407
0.1699
0.1586
0.1926
0.1671
0.1501
0.1388
0.1359
0.1274
0.1359
0.1388
0.1303
0.1274
0.1303
0.1274
0.1274
0.1699
0.2549
0.2747
0.2492
0.1784
0.1529
0.1388
0.1303
0.1303
0.1388
0.1501
0.1359
0.1274
0.1274
0.1218
0.1189
0.1189
0.1189
0.1189
0.1189
0.1133
0.1133
0.1133
0.1133
0.1133
0.1189
0.1133
1.1893
0.2633
0.2067
0.6796
0.4814
0.3115
0.1897
0.1586
0.2718
0.2265
0.1756
0.1501
0.1501
0.1388
0.1303
0.1274
0.1274
0.1274
0.1218
0.1218
0.1218
0.1218
0.1189
0.1189
3.1149
0.3115
0.2095
0.1841
0.1586
0.1444
0.1388
0.1359
0.1303
0.1359
0.1274
0.1274
0.1303
0.1529
0.1388
0.1784
0.1529
1.8972
0.3398
0.1841
0.1586
0.1444
0.1388
0.1303
0.1274
0.1444
1.8972
0.5380
0.3964
1.2176
0.2237
0.1784
0.1614
0.1444
0.1388
0.1303
0.1274
0.1274
0.1274
0.1218
0.1218
0.1189
0.1189
0.1189
0.1133
0.1133
0.1133
0.1189
0.1274
0.1189
0.1189
0.1133
0.1133
0.1133
0.1104
0.1359
0.1671
0.2832
0.2095
0.4531
0.2095
0.1444
0.1388
0.1501
0.1218
0.1189
0.1133
2.7184
0.4531
0.1982
0.1529
0.1388
0.1274
0.1218
0.1189
0.8212
0.8495
0.2464
0.1756
0.1501
0.1388
0.1303
0.5380
0.3115
0.1841
0.1699
1.0194
0.2832
0.1841
0.1529
0.1388
0.1303
0.1274
0.1218
0.1189
0.1189
0.1189
0.1133
0.1133
0.1133
0.1189
0.1189
0.1133
0.1784
0.1444
0.1189
0.1133
0.1133
0.1104
0.1189
0.1274
0.1614
0.1501
0.1303
0.1189
0.1133
0.1133
0.1133
1.9255
0.2549
0.3398
0.2407
0.2322
0.8495
0.3115
0.1982
0.1982
0.1756
0.4248
0.6513
0.6513
0.4248
0.4248
1.9822
1.0194
0.6230
0.9061
1.6990
0.4248
0.3115
1.5008
0.5380
0.5380
0.5097
0.2577
0.3115
0.3398
0.2832
0.2180
0.3398
4.7855
5.7483
8.0986
1.9822
0.4248
0.3115
0.2718
0.2464
0.5380
0.3115
0.9061
1.5008
3.3697
2.7467
0.7079
0.4814
0.7929
0.9061
0.3964
0.2747
0.2407
0.2237
0.2095
0.2010
0.1926
0.1841
0.1756
0.1699
0.1614
0.1586
0.1529
0.1501
0.2747
0.2152
0.1671
0.1529
0.1586
0.1897
0.7362
0.7362
1.2743
5.7766
0.5663
0.3115
0.2407
0.2067
0.1897
0.1756
0.1699
0.1671
0.1614
0.1586
0.1756
0.1529
0.7362
0.7362
0.6230
0.5947
0.2718
0.6230
0.9628
1.3592
1.2176
0.3681
0.3115
0.2832
0.3681
0.2633
0.2067
0.1841
0.1756
0.1671
0.1671
0.3115
0.2492
0.1926
0.1926
0.1671
0.3398
0.4248
0.3964
0.8495
0.3964
0.2265
0.1897
0.1784
0.3115
0.2265
0.1756
0.7929
0.3115
0.2237
0.3115
0.2662
0.2010
0.1756
0.1671
0.1671
0.4531
0.3681
0.6796
0.3681
0.2492
0.2322
0.1926
0.1756
0.1614
0.1529
0.1501
0.1501
0.1444
0.1388
0.1388
0.1388
0.1388
0.1359
0.1303
0.1303
0.1614
0.1756
0.1388
0.1303
0.1303
0.1303
0.1303
0.1274
0.1274
0.1274
0.1274
0.1274
0.1388
0.3115
0.2407
0.1586
0.5380
0.5380
0.2407
0.2010
0.1756
0.2265
0.4248
0.2832
0.2095
0.1897
0.1614
0.1501
0.1529
0.1529
0.1501
0.1388
0.1388
0.1388
0.1529
0.1699
0.1388
0.3964
0.2322
0.1586
0.1501
0.6513
0.3398
0.2633
0.1841
0.1784
0.7362
0.3681
0.2577
0.2010
0.1756
0.1699
0.1614
0.1501
0.1501
0.1501
0.2265
0.2265
0.1897
0.1529
0.1841
0.4814
1.1610
0.3964
0.3398
0.2407
0.6513
1.7556
1.5857
0.6796
0.3964
0.2577
0.2067
0.1897
0.1756
0.1671
0.3681
2.0105
0.3681
0.2407
0.2010
0.2010
0.7079
4.9554
0.6230
0.4531
0.3398
0.2492
0.2237
0.2010
0.1897
0.1756
0.1756
0.2322
0.5947
0.8212
0.6513
0.3398
0.2407
0.2067
3.6246
2.6335
0.5947
0.3681
0.2832
0.2322
0.2180
0.2010
0.1897
0.1784
0.1756
0.1756
1.2176
4.2475
0.5380
0.2832
0.2379
0.2095
0.2010
0.1841
0.1756
0.1756
0.1982
0.6513
2.0671
0.9345
0.6513
1.2743
1.2176
1.5857
0.9061
0.3964
0.4531
1.3026
1.1044
1.1893
1.1893
0.5663
0.3115
0.5947
2.5768
2.0105
0.7079
0.3681
0.2832
0.2747
0.2464
0.2180
0.2492
0.2237
0.7362
0.6513
0.9628
0.5663
0.2832
1.1610
0.5380
0.4248
0.2747
0.2322
0.3964
0.2718
0.2180
1.1044
0.5663
0.3398
0.2464
0.2265
0.2067
0.2010
0.1926
0.1897
0.1841
0.1784
0.1784
0.1756
0.6796
1.0194
0.2464
0.2379
0.7079
0.2662
0.2095
0.1982
0.1982
0.5097
0.5663
0.3964
0.3398
4.5873
4.6440
4.1059
1.4158
1.6141
0.9911
0.4248
0.3964
0.3398
0.3115
0.4248
0.3681
0.3115
0.3115
0.6513
2.6335
0.8778
0.5380
0.3964
1.3026
1.0194
0.7079
0.5380
0.4248
0.3681
0.3398
0.3115
0.2718
0.2718
0.8778
0.6513
0.4814
0.3964
0.3398
0.3115
0.2803
0.2464
0.2379
0.3115
0.2633
0.2265
0.2265
0.3964
0.8212
0.5663
0.4248
0.3115
0.2633
0.3115
1.0477
0.7079
0.4814
0.3398
0.3115
0.2832
0.2718
0.4814
0.3964
0.2662
0.2407
0.2492
0.2492
0.2180
0.2067
0.2010
0.2010
0.1982
0.1926
3.3414
1.5857
0.4531
0.2832
0.2492
0.2379
0.2237
0.2095
0.2067
0.2237
0.2067
0.2010
0.1982
0.1926
0.1926
0.1897
0.1841
0.1841
0.1897
0.1841
0.1784
0.1756
0.1756
0.1784
0.1841
0.1841
0.1841
0.1841
0.1784
0.1784
0.1784
0.1784
0.8778
0.3398
0.2577
0.2322
0.2180
0.2180
0.2322
0.2067
0.1926
0.1841
0.1784
0.1756
0.1784
0.1784
0.3398
0.3115
0.2549
0.2407
0.2237
0.1982
0.2718
0.5947
0.8778
0.4248
0.2662
0.2265
0.2067
0.2010
0.1982
0.1841
0.1841
0.2237
0.2322
0.4531
0.3964
0.6513
0.9911
0.3115
0.2407
0.2180
0.1982
1.5291
0.3681
0.2747
0.2407
0.2237
0.2067
0.2180
0.1982
0.1982
0.2379
0.2407
0.3398
0.2180
0.2067
0.2010
0.4531
0.6513
0.3115
0.4248
0.2718
0.2180
0.1982
0.1841
0.1784
0.1756
0.1756
0.1926
0.1784
0.1841
0.2265
0.1784
0.1699
0.1671
0.1614
0.1614
0.8495
0.2832
0.2095
0.1926
0.1784
0.1841
0.1756
0.1926
0.1841
0.1756
0.1756
0.1671
0.4531
0.3964
0.2180
0.1897
0.2180
1.7840
0.4248
0.2633
0.2180
0.2180
0.2407
0.1926
0.1841
0.2180
0.2464
0.1926
0.1841
0.1784
0.1699
0.1671
0.1699
0.1614
0.1586
0.1529
0.1897
0.2067
0.4248
0.7646
0.3398
0.2180
0.1897
0.1756
0.1699
0.1614
0.1529
0.1529
0.1501
0.1501
0.1444
0.9061
0.3398
0.2662
0.2662
0.2010
0.1756
0.1614
0.1586
0.1529
0.1501
0.1444
0.1444
0.1501
0.1444
0.1501
0.1699
0.1982
0.3115
0.1699
0.1444
0.1388
0.1388
0.1359
0.1359
0.3398
0.2464
0.2379
0.1756
0.1529
0.1501
0.1501
0.1388
0.1388
0.1614
0.1388
0.1303
0.1274
0.1274
0.1586
0.5380
2.2370
0.4248
0.2407
0.1897
0.1671
0.1586
0.1586
0.1501
0.1444
0.2633
2.0671
1.7556
1.3026
0.3398
0.2747
0.2662
0.2010
0.1841
0.1926
0.1784
7.1358
8.9764
1.1044
0.3964
0.3681
0.2718
0.2067
0.2010
0.1926
0.1897
2.4636
0.3681
0.2662
1.1044
0.4814
0.2492
0.2180
0.1982
0.1897
0.1784
0.1756
0.1756
0.1756
0.2180
1.0477
0.3398
0.9628
0.2718
0.2095
0.2010
0.1784
0.1756
0.2407
0.1982
0.1671
0.1614
0.1756
0.1756
0.6796
0.3115
0.2180
0.1926
0.1756
0.1614
0.1614
0.1501
0.1388
0.1388
0.1388
0.1671
0.1699
0.1388
0.2832
0.2265
1.3309
1.4442
1.5008
3.1432
1.4725
0.5097
0.3115
0.2407
0.2549
0.2067
0.1926
0.1756
0.1699
0.1614
0.1586
0.1529
0.1529
0.1529
0.6796
0.2265
0.1784
0.1614
0.1784
0.2265
0.1982
0.8495
0.3398
0.1926
1.3875
4.7006
7.8721
1.6141
1.5857
0.8495
0.3964
0.5947
0.5663
0.3115
0.2718
2.3786
0.9061
0.4531
0.3115
0.2832
0.3681
0.7362
0.7929
4.1059
0.5663
0.3681
0.2718
0.2379
0.2379
0.2095
0.2010
0.3115
0.2180
0.1926
0.1784
0.9628
0.3398
0.2237
0.1982
0.1841
0.5663
0.7929
0.2832
0.2237
0.2010
0.1926
0.1784
0.1841
2.4919
0.6230
0.7079
1.7840
0.8495
0.3681
0.3115
0.2407
0.2180
0.2067
0.1982
0.1926
0.1841
0.2067
0.2010
0.1982
0.2718
0.7079
0.9628
1.1044
0.3398
0.2633
0.2492
2.7467
1.7840
2.6618
3.4263
1.3592
0.6513
0.3964
0.3681
0.4248
0.5380
1.4158
1.2176
1.1610
0.8212
0.5663
1.0477
0.9061
0.9061
1.6990
1.5008
0.6230
0.3964
0.3115
0.2747
0.2577
0.2464
0.2265
0.2237
0.2180
0.2067
0.2010
0.2010
0.1926
0.1926
0.1926
0.1841
0.1982
0.2010
0.1784
0.2095
0.1841
0.1699
0.1614
0.1699
0.3681
0.2067
0.1756
0.1699
0.1699
0.2379
0.1897
1.3026
1.5291
0.3115
0.3115
0.3115
0.2322
0.2492
0.2322
0.4248
1.4158
0.6230
1.1327
1.7273
0.7929
0.6513
0.5380
0.5663
0.6230
0.8212
0.5947
0.4531
0.3115
0.4531
0.2747
0.4814
1.7840
0.6230
1.0194
1.3875
4.5873
2.5768
0.7646
0.5097
0.3964
0.3681
0.3115
0.2803
0.3115
0.3398
1.4725
0.4531
0.3115
0.8212
0.4814
0.8212
0.7362
0.3964
0.5380
0.3964
0.2803
0.2633
1.2176
0.6230
0.3398
0.2718
0.2379
0.2265
0.2152
0.2379
0.6513
5.6067
1.1327
0.3964
0.3115
0.5947
0.3964
0.3681
0.3115
0.3398
0.5380
0.3398
0.3398
0.3115
0.2549
0.7929
0.3681
0.2633
0.2379
0.2407
0.2803
0.3964
1.3875
3.6246
0.6796
0.3681
0.3115
0.2633
0.2549
0.2379
0.2265
0.2237
0.2180
0.4531
0.5097
0.2407
0.3398
0.2803
0.2265
0.2152
0.2095
0.2010
0.2010
0.2010
0.1982
0.1926
0.1982
0.3115
0.2549
0.2095
0.1982
0.1926
0.1841
0.1841
0.1841
0.1841
0.2010
0.1926
0.2010
2.5768
5.4368
2.2653
1.4158
4.2192
2.8883
1.2176
1.0477
0.4531
0.3964
0.5380
0.3115
0.2832
0.3115
1.2176
1.3309
1.8972
1.5008
0.7646
0.6230
0.4248
0.3398
0.4248
1.8406
0.5380
0.3964
3.0582
0.6230
0.3964
0.6230
0.5663
0.3398
4.0210
1.3592
0.6796
0.3964
0.3398
0.2832
0.2633
0.2718
0.2832
0.4814
0.2832
0.2718
0.3115
0.7646
0.4531
0.3964
2.8034
0.9345
0.7929
0.9345
1.3875
3.3414
1.2459
0.5380
0.4248
0.4248
0.3681
0.3681
1.2176
1.2743
1.0194
1.0477
0.5663
0.4248
0.3398
0.3115
0.3115
2.3220
2.5485
1.1044
0.5380
0.3964
0.3681
0.3398
0.3115
0.2832
0.2718
0.2633
0.2718
0.8212
0.3964
2.6335
1.2743
1.7840
1.7273
0.8495
0.5947
0.5380
0.4531
0.4248
0.3681
0.3115
0.3115
0.2832
0.2803
0.2577
0.2577
0.2577
0.5947
0.3398
0.2633
2.0105
2.4919
0.7079
0.4531
0.8495
0.4814
0.7646
0.7646
0.4814
0.3681
0.8212
0.4248
0.9061
6.0881
1.1327
0.5380
1.3592
0.5380
1.3026
4.3042
2.9450
0.9911
0.5097
0.3964
0.6796
0.4248
0.3681
2.4636
1.5291
0.4814
1.2459
2.9733
3.0582
3.1149
2.4636
2.2370
1.0477
1.7556
2.9733
1.1044
1.1044
1.0194
0.8495
0.7362
7.6739
4.7855
1.5857
0.6513
0.4814
0.3964
0.3681
0.3398
0.3398
0.3398
0.3398
0.3115
0.2803
0.2803
0.2803
0.2803
0.4248
0.2832
0.2633
0.2464
0.2464
0.2464
0.2464
0.6796
0.5947
0.5097
0.2832
0.2633
0.2464
0.2464
0.2464
0.2407
0.2407
0.4248
0.2832
0.2464
0.2407
0.2265
0.2464
0.2718
0.2265
0.2379
0.6513
0.3398
0.2577
0.2832
0.3681
2.4636
5.7766
2.3786
0.6796
0.5947
1.0477
0.4531
0.3681
0.3398
0.3115
0.3115
0.3398
0.3964
0.3115
0.3115
0.5097
0.4814
2.0671
1.1044
0.4814
0.3681
0.3115
0.4531
0.3964
0.3115
0.2803
0.2718
0.2718
0.2718
0.2633
0.3115
0.2803
0.3681
0.4248
0.7929
0.5380
1.2176
0.7929
0.4248
0.3398
0.3115
0.3115
0.3115
0.2803
0.2718
0.3398
0.3115
0.2718
0.2577
0.2577
0.2464
0.2464
0.3964
0.5663
0.6513
0.3964
0.4248
0.3115
0.2718
0.2803
0.8495
3.9360
3.6812
2.5485
1.7840
0.6796
0.5663
0.4531
0.3681
0.4531
0.5663
0.4248
0.5663
2.6335
3.8511
0.6796
0.6230
1.5857
1.7273
0.7079
0.5380
0.5097
1.5574
2.9450
1.5008
0.6230
0.4248
0.4248
0.6796
3.5396
2.8600
0.9345
0.7646
0.4531
0.4814
0.3115
0.2747
0.2747
0.2718
0.3681
0.4248
0.3398
0.4814
2.5768
1.8972
3.3414
0.5380
0.3681
0.3115
0.2747
0.2549
0.3681
0.2747
0.3115
0.4531
0.4814
0.7646
0.6513
0.4248
0.3115
0.2549
0.2407
0.5097
0.7646
0.3115
0.3681
0.4814
0.5380
0.3115
0.2577
0.3115
0.4248
0.2577
0.2322
0.2152
0.2152
0.2095
0.1926
0.1926
0.1897
0.1841
0.1784
0.2010
0.2010
0.1784
0.6513
0.2832
0.2832
0.2407
0.8495
0.3398
0.3115
0.2633
0.8778
0.3115
0.3964
0.3115
0.4814
0.4248
0.2633
0.2407
0.2322
0.2379
0.2095
0.2095
0.2010
0.3681
0.5097
0.2464
0.2180
0.3115
0.7362
0.4814
0.5947
0.4248
0.2832
0.2577
0.6796
4.8705
1.0194
1.6707
3.7095
0.9911
0.4248
0.3964
0.7079
0.8212
1.2176
1.0194
0.6230
0.6230
0.4248
0.3115
0.2747
0.2577
0.2407
0.2407
0.2379
0.2237
0.2180
0.3964
0.4531
0.2549
0.2237
0.2379
0.4814
0.2633
0.2379
0.2180
0.2152
0.2095
0.2067
0.2010
0.2010
0.2152
0.1926
0.1926
0.1926
0.1926
0.7362
0.3115
0.2237
0.9061
0.2577
0.2379
0.2152
0.2010
0.1926
0.1897
0.1897
0.2010
0.2010
0.1897
3.5113
1.3592
3.0582
2.7184
2.1804
1.8972
1.4442
1.7556
0.7929
0.5380
0.4814
0.3681
0.3398
0.3115
0.3115
0.3115
2.3220
0.4531
0.3398
0.3115
0.3115
0.3115
0.3115
0.2803
0.2803
0.2747
0.2747
0.2747
0.2747
0.2718
0.2718
0.7646
0.4248
0.2832
0.3115
0.4248
2.7467
2.5768
0.5947
0.5097
0.4248
2.3786
0.8778
0.5380
0.4814
0.3398
0.3115
0.3115
0.2832
0.2803
0.2832
0.5663
0.4814
0.3115
0.3115
0.3115
0.2803
0.2803
0.2718
0.2633
0.2633
0.2577
0.8778
0.3964
0.4248
0.3398
0.7646
0.6796
1.4158
0.3681
0.3115
0.2832
0.2803
0.2718
2.7467
4.2192
0.8778
1.0194
0.8212
1.8972
2.1521
2.9733
2.1521
0.8778
0.5380
0.7079
0.5663
0.4248
0.3398
0.3115
0.4531
0.3115
0.3115
2.3220
1.5008
0.4814
0.4814
0.9911
2.7184
1.5008
0.4531
0.6230
0.3681
3.7661
2.2653
0.5380
0.3681
1.3592
3.6812
2.2653
0.7079
0.3964
0.6796
0.4248
0.3398
0.3115
0.3115
0.2803
0.2718
0.2577
0.2464
0.2407
0.2407
0.2407
0.9628
0.3398
0.2803
0.3115
0.5947
0.6513
1.0477
0.5947
0.3398
0.2832
0.2633
0.2492
0.3964
0.7079
0.4814
0.5380
0.6230
0.3964
0.3964
0.3681
0.3115
0.2633
0.2464
0.2379
0.3964
1.9822
0.3398
0.3115
0.2577
0.7929
1.2459
0.3681
0.3681
0.6230
0.4814
0.5097
1.1610
0.5663
0.3681
0.3115
0.2633
0.2464
0.2379
0.2577
1.0760
5.7766
0.7362
0.4248
0.3115
1.0194
0.7929
0.3964
0.5947
0.7079
0.3681
0.3398
0.2803
0.2464
0.2379
0.2180
0.2180
0.2095
0.2180
0.2095
0.2718
0.2633
0.2180
0.6513
0.2577
0.2464
0.2407
1.3309
2.3786
0.6796
0.3681
0.3115
0.3398
0.5380
0.3681
0.4248
0.7929
0.3115
0.5097
0.2577
0.2237
0.2095
0.2010
0.2407
0.1982
0.1982
0.1926
0.1841
0.1784
0.1784
0.1784
0.7929
0.2662
0.2067
0.1926
0.1841
0.8212
0.3398
0.2265
0.2095
0.5097
1.7556
1.2459
0.7079
0.3115
0.3964
0.2718
0.3115
0.2407
0.3398
0.9911
1.4158
0.5380
0.3964
0.5947
0.3964
0.3115
0.2832
0.2718
0.2577
0.2492
0.2464
0.2407
0.2379
0.2379
0.2265
0.2265
0.2379
0.2265
0.2237
0.2265
0.2237
0.2237
0.2237
0.2464
0.2265
0.2180
0.2067
0.2010
0.2067
0.2010
0.2067
0.2010
0.2010
0.2237
0.2067
0.2010
0.2322
0.2237
0.2010
0.1982
0.3964
0.2464
0.2067
0.2010
0.1926
0.1841
0.1841
0.2067
0.5380
0.2379
0.2095
0.2067
0.1982
0.1982
0.2010
0.2265
0.2379
0.3115
0.2662
0.2067
0.2095
0.6513
0.2180
0.1982
0.1841
0.1926
0.1982
0.1784
0.3115
1.9822
1.1044
0.3115
0.2237
0.1926
0.1699
0.1557
0.1557
0.1501
0.1472
0.1472
0.1472
0.1444
0.1444
0.1586
0.8495
0.7646
1.0760
0.9061
1.4158
0.4814
0.3681
0.2803
0.3398
0.5380
0.2464
0.2095
0.1784
0.1671
0.1671
0.1784
0.1671
0.1501
0.1926
0.4814
0.6796
0.2067
0.1699
0.1557
0.1472
0.1472
0.2152
0.1926
0.4248
1.5857
0.3398
0.2803
0.2067
0.1784
0.1586
0.8212
0.3681
0.2407
0.2407
0.3398
0.2718
0.2010
0.2718
0.5947
0.3681
0.4814
0.2577
1.9255
2.7184
0.8212
1.1893
0.4531
0.3398
0.2407
0.2095
0.1982
1.0760
0.7929
0.4248
0.3115
0.6796
0.4814
0.5097
0.7929
0.4531
0.5663
0.3398
0.7929
0.6513
0.3681
0.2577
0.2265
0.1982
0.1926
0.2010
0.1756
0.3398
1.3026
0.6513
0.2747
0.2265
0.3115
0.4248
0.3115
0.2265
0.2237
0.7362
0.3681
0.7362
0.2633
0.2067
0.1926
0.1699
0.1586
0.1557
0.1501
0.1472
0.1472
0.1501
0.1444
0.1388
0.1359
0.1444
0.1359
0.1303
0.1388
0.1841
0.1444
0.2067
0.2832
1.4725
0.9061
0.5097
0.7646
0.4248
0.4814
0.3115
0.2803
0.2577
0.2067
0.1982
0.1671
0.1501
0.1444
0.1444
0.1388
0.1359
0.1274
0.1501
0.4531
0.3964
0.2662
0.1671
0.1444
0.1359
0.1303
0.1274
0.1246
0.1218
0.1246
0.1218
0.1161
0.1218
1.9255
0.4531
0.4814
1.0194
3.3414
0.5663
0.3398
0.9628
0.4248
0.2464
0.2010
0.2180
0.1926
1.5574
1.3875
2.0954
1.0760
1.9255
2.0954
0.4531
0.4531
0.5097
0.2803
0.5097
0.3115
1.0194
0.5663
0.4248
0.3115
0.2464
0.2180
0.2464
0.1926
0.1699
0.1671
0.2010
0.2832
0.2832
1.3592
0.5947
0.2832
0.2237
0.2718
0.3115
0.2832
0.5097
1.2176
0.5380
0.9061
0.5097
0.3681
0.2633
0.2095
0.1926
0.1699
0.1586
0.1586
0.1756
0.1982
0.1671
0.1472
0.2067
0.1671
0.1586
0.3115
0.2067
0.1557
0.1472
0.1444
0.1388
0.1359
0.1388
0.1388
0.2492
0.2152
0.1699
0.1501
0.1444
0.1303
0.1303
0.2265
1.5857
0.4531
0.2180
0.1699
0.1557
0.1472
0.1388
0.1359
0.1359
0.9061
1.0194
0.5947
0.3398
0.5097
0.4531
0.2549
0.1841
0.1586
0.1557
0.7646
0.3398
0.5663
0.3398
0.2464
0.2095
0.1841
0.1699
0.3398
0.2067
0.1699
0.3398
0.2633
0.1699
0.1557
0.1699
0.1586
0.1501
0.1444
0.1359
0.1359
0.1444
0.3964
0.1982
1.5008
0.3964
0.2237
0.1784
0.1586
0.2010
0.2633
0.1784
0.1897
0.7079
2.7467
0.2180
0.1841
0.1586
0.1557
0.1472
0.1727
0.2180
0.1501
0.1388
0.1359
0.1303
0.1274
0.1303
0.1388
0.1444
0.1303
0.1274
0.1246
0.7362
3.8511
0.5380
0.3681
0.3398
0.2464
0.2237
0.1982
0.1784
0.1756
0.1699
0.1756
0.2067
0.1784
0.1699
0.1586
0.1501
0.1472
0.1444
0.1388
0.1444
0.1444
0.1388
0.1359
0.1303
0.1359
0.1303
0.1274
0.1246
0.1246
0.1218
0.1246
0.1246
0.1472
0.4814
0.3964
0.4531
0.1784
0.1671
0.1472
0.3115
1.4442
0.7646
0.5663
0.3964
0.2492
0.2464
0.2265
0.2237
0.2180
0.2718
0.2718
0.5380
0.3681
0.2237
0.3681
0.2832
0.3681
0.3115
0.1982
0.1756
0.1699
0.1671
0.3681
0.5947
0.5663
0.8495
0.6230
0.3964
0.3398
0.6513
0.4248
0.2577
0.2718
0.2067
0.1926
0.1897
0.1699
0.1671
0.1529
0.3398
0.8778
0.4814
0.3398
0.4248
8.7499
4.3891
0.8778
0.6230
0.3398
0.2633
0.2180
2.2653
0.3964
0.2464
0.1982
0.3398
0.5097
0.2237
0.1699
0.2803
0.1982
0.1557
0.1444
0.1359
0.1303
1.9822
0.5663
0.2379
0.1784
0.1557
0.3115
0.9061
0.2237
0.1982
0.1784
0.3398
1.5291
0.8778
1.1044
0.5663
0.8778
0.3964
0.6230
0.5663
0.3398
1.5291
0.4248
0.2633
0.1982
0.1784
0.1699
0.1586
0.5380
0.2633
0.2379
0.2067
0.1897
0.1784
0.1699
0.1586
0.1472
0.6230
0.2633
0.1699
0.1699
0.1699
0.1841
0.1671
0.1472
0.1444
0.1444
0.1388
0.1359
0.3115
0.3115
0.2010
0.1586
0.1501
0.2152
0.4814
0.2633
0.2010
0.1671
0.1472
0.7079
1.3592
0.3964
0.2180
0.2067
0.1982
0.7362
0.3398
0.1841
0.1557
0.1501
0.4248
0.1784
0.1557
0.1444
0.1444
0.1388
0.1359
0.1303
0.1274
0.1274
0.1274
2.1804
2.6335
0.7079
0.3115
0.2180
0.4248
0.3115
0.1982
0.1614
0.8778
0.2492
0.1671
0.1388
1.1044
1.0194
0.2464
0.1671
0.1472
0.1359
0.1303
0.8495
0.3398
0.1784
0.1472
0.1303
0.1388
0.1303
0.3115
0.9061
0.2152
0.1557
0.1388
0.1444
0.4531
0.2010
0.1472
0.1359
0.1359
0.2180
2.6335
1.1044
3.5113
7.0226
2.6335
0.8778
0.4248
0.3115
0.2379
0.1982
0.1756
0.1614
0.1529
0.1444
0.1388
2.1804
2.6335
0.6513
0.2747
0.1841
0.1472
1.3592
1.3875
2.6335
0.7362
1.5857
0.5947
2.2653
0.5947
0.2633
0.1841
0.1586
0.1472
0.1359
0.1359
0.2549
0.1472
2.9450
1.0194
0.3681
0.7646
0.8495
0.4531
0.7646
0.2407
0.1982
0.1897
0.2237
0.1784
0.1557
0.1359
0.1303
0.1444
0.1246
0.1218
0.1246
0.1274
0.1246
0.1246
0.1274
0.1161
0.1218
0.1444
0.1388
0.1218
0.1133
0.1048
0.1274
0.1982
0.2464
0.1274
0.1133
0.1104
0.1048
0.1104
0.2747
0.1472
0.1161
0.2662
0.7362
0.2237
0.3115
0.3398
0.3398
0.2718
0.1557
0.1359
0.2747
0.3964
0.9061
0.3681
0.1784
0.1784
0.7646
0.3681
0.2718
0.1699
0.1444
0.1303
0.1274
0.1218
0.1274
0.1444
0.1246
0.5097
1.0194
1.8406
1.2459
0.3398
0.3398
0.7646
0.3115
0.1982
0.1699
0.5947
0.4248
0.2152
0.1586
1.4158
1.1327
0.2464
0.6796
0.9061
0.4814
0.2577
0.3964
0.2633
0.1699
0.1557
0.1444
0.3115
1.3309
0.2633
0.1926
0.1699
0.2067
0.8212
0.5380
1.1610
0.9061
0.4248
0.6796
0.4248
0.2180
0.3115
0.2237
0.1784
0.1501
0.1388
0.1359
0.1303
0.1359
0.1359
0.2832
0.2464
0.1982
0.1756
0.1529
0.1388
0.1303
0.1303
0.1444
0.1982
0.2633
0.1982
0.1671
0.1529
1.5291
0.8778
8.7499
4.3891
0.8778
0.6513
0.3964
0.3115
0.2180
0.1982
0.1756
0.2180
0.3964
0.2633
0.1982
0.1699
0.1614
0.6513
0.3115
0.2180
0.1926
0.1784
0.1699
0.1699
0.1671
0.1586
0.1557
0.4531
0.6796
0.7929
0.3115
0.5947
0.5663
1.1610
0.6796
0.7079
0.4248
0.2803
0.2265
0.2067
0.1926
0.3115
0.2265
0.2180
0.1926
0.1841
0.3681
0.2832
0.2067
0.1784
0.4248
0.3964
0.2237
0.6513
0.5380
0.2379
0.1926
0.1784
0.1756
0.3398
0.2662
0.1671
0.1501
0.1926
0.4248
0.1982
0.1841
0.2662
0.1926
0.1557
0.2549
0.2379
0.1756
0.1557
0.6513
0.2379
0.1841
0.1699
0.1501
0.7079
0.3115
0.1982
0.1699
0.2010
0.7079
1.4725
0.3681
0.3115
0.3115
0.3398
1.5857
1.2743
2.3786
1.5857
0.4248
0.3398
0.2633
0.2803
0.3964
0.5380
0.2492
0.9628
2.6618
0.3964
0.2803
0.2492
0.2265
0.2180
0.2492
0.7362
0.2492
0.2067
0.1841
0.2010
0.1982
0.1699
0.1586
0.1586
0.2067
0.1841
0.1586
0.1671
0.2379
0.1671
0.1501
0.1472
0.1699
1.1610
0.2549
0.1841
2.4919
0.3398
0.2237
0.1926
0.1926
0.1784
0.1756
0.1671
0.1642
0.3115
0.1699
0.1586
0.1501
0.1472
0.9628
1.3026
0.6796
0.3115
0.2464
0.1982
0.1756
0.1841
0.1699
0.1586
0.1586
0.1671
0.1784
0.1982
0.1586
0.1557
0.2832
0.1841
0.1784
0.1671
1.6141
1.1044
0.7079
2.3786
1.1327
1.4442
0.5380
0.3115
0.2492
0.2180
0.2237
0.3681
0.4248
0.6230
0.6230
1.1044
1.9255
0.5663
0.3115
0.2492
0.2265
0.2832
0.2407
0.2067
0.1926
0.1784
0.1756
0.1699
0.1671
0.1671
0.1756
0.1671
0.1586
0.1557
0.1841
2.2653
1.0477
0.3681
0.3115
0.2379
0.2067
0.2464
0.1926
0.1784
0.1557
0.1472
0.1472
0.1444
0.1444
0.1444
0.1444
0.1388
0.1444
0.1699
0.2747
6.8810
4.1059
0.7929
0.5947
0.6796
0.6230
0.5947
0.5097
1.1044
0.8212
0.6230
0.3964
0.2832
0.2577
0.2492
0.2492
0.2803
0.2747
0.2832
0.4531
1.0194
0.9061
0.3398
0.2633
0.2237
0.2010
0.1841
0.1756
0.1586
0.1586
0.1557
0.1586
0.1557
0.1501
0.1501
0.1671
0.2237
0.1671
0.1501
0.1501
0.1472
0.1472
0.1472
0.3398
0.1982
0.2832
0.2237
0.2464
0.2832
0.2265
0.1982
0.1699
0.2010
0.2180
1.1044
1.3026
0.5380
1.3592
1.6141
0.5097
0.3398
0.2492
0.3964
0.4531
0.3115
0.2464
0.1982
0.1756
0.1671
0.1586
0.4814
0.9061
0.4531
0.2265
0.1841
0.1586
0.1501
0.1756
0.2492
0.1586
0.1501
0.1472
0.1444
0.1388
0.1388
0.2010
0.1472
0.1388
0.1557
0.3398
0.2832
0.3681
0.3115
0.6796
1.0194
0.5663
0.2803
0.1982
0.1756
0.1586
0.1501
0.1444
0.1388
0.1359
0.1444
1.0194
0.7362
0.4248
0.3115
0.3964
0.2010
0.2237
0.1926
0.1557
0.2322
0.3964
0.5947
1.0194
1.3026
0.4531
0.2747
0.2265
1.3026
0.4531
0.2633
0.2067
0.3398
0.2832
0.1982
0.1699
0.1557
0.1472
0.1501
0.1501
0.1388
0.1359
0.1359
0.1359
0.1359
0.1303
0.1274
0.1274
0.1359
0.1359
0.1359
0.1303
0.1274
0.1303
0.1303
0.1359
0.6796
0.1756
0.1388
0.1359
0.1841
0.5097
0.4531
0.9628
0.9628
0.5380
1.4158
0.6513
1.2743
0.6513
0.4814
0.6230
0.2633
0.2067
0.9061
3.2281
2.7467
1.6424
0.6513
0.3398
0.2718
0.4248
0.2718
0.2067
0.1841
0.1784
0.1671
0.1756
1.2176
0.5380
0.2322
0.1756
0.6513
0.6230
0.2322
0.1756
0.1501
0.4248
1.4442
0.5380
0.2464
0.5380
0.2747
0.2464
0.1699
0.4531
0.2095
0.4814
0.1982
0.1501
0.5380
0.4814
1.0194
0.3681
0.3398
0.2492
0.5663
1.3026
1.3592
0.7362
0.5097
1.5857
1.3026
0.3964
0.6796
0.3115
0.2322
0.2010
0.3115
0.2832
0.1926
0.1756
0.2095
0.6230
0.2492
0.1926
0.1699
0.1586
0.1501
0.1699
0.1557
0.1501
0.1444
1.0760
0.2180
1.4158
0.6796
0.2832
0.2379
1.0194
0.3115
0.2747
0.2265
0.2010
0.1784
0.2010
0.3681
0.3398
0.2095
0.1784
0.1756
0.1699
0.1671
0.1699
0.1671
0.1557
0.1557
0.1557
0.2067
0.3398
0.2010
0.1699
0.9061
0.2322
0.4248
0.2379
0.1784
0.1671
0.1557
0.1699
0.4248
0.2237
0.1699
0.1586
0.1557
0.1472
0.1501
0.7362
0.8495
0.4531
0.3398
0.3681
0.4814
0.5663
3.4263
0.5380
0.2832
0.2322
0.2010
0.1926
0.4814
1.7840
2.7184
2.7467
0.7362
0.3964
0.7079
0.7929
0.6796
0.4248
1.3026
2.4919
1.5857
0.8778
6.4279
2.5768
1.1044
1.2176
2.3786
3.1432
1.1327
0.5663
0.8495
0.9911
3.0299
0.9061
0.5947
1.0760
1.2176
2.8600
0.8495
1.3026
1.5574
0.5380
0.3964
0.3398
0.3398
0.4248
0.5947
0.5947
0.4531
0.3398
0.3398
0.8212
2.0671
7.5040
3.5113
1.9822
1.2176
1.3592
0.5947
0.3964
0.3115
0.2832
0.7646
0.3964
0.2832
0.2633
1.6707
2.2653
0.7929
0.4248
0.3681
0.3398
0.3115
0.2832
0.2803
0.2662
0.2464
0.2322
0.3115
0.3964
0.2633
0.2322
0.2265
0.2265
0.2265
0.2265
0.2265
0.2180
0.2265
0.2180
0.3681
0.4814
0.9345
0.4531
0.2832
0.3964
0.3115
0.2577
0.2322
0.2492
0.2265
0.2180
0.2464
0.3964
0.3681
0.2492
0.2265
0.2803
0.2492
0.2152
0.2010
0.1982
0.2379
0.2718
0.2379
0.2718
0.2322
0.3964
1.8972
1.1327
0.4248
0.3115
0.2577
0.2379
0.2180
0.2095
0.1982
0.1982
0.1982
0.2322
1.0194
1.0194
0.6230
0.3964
0.3115
0.3115
1.6707
0.5380
0.2832
0.4248
0.6513
0.3681
0.2832
0.3964
0.8778
0.4248
0.3964
0.3115
0.2633
0.2464
0.2379
0.2379
0.2180
0.2180
0.2067
0.2464
1.5291
0.6513
0.5663
0.3398
0.2718
0.2464
0.2718
0.3115
0.2832
0.3115
0.2803
0.2265
0.2549
0.2492
0.2095
0.2095
0.2549
0.2803
0.2464
0.2265
0.2095
0.2718
0.2464
0.2067
0.2180
0.1926
0.2067
0.2464
0.1926
0.1784
0.1926
0.1926
0.1926
0.2464
0.1926
0.1756
0.1756
0.1756
0.1756
0.2010
0.1926
0.1756
0.1614
0.1614
0.1586
0.1586
0.1586
0.1586
0.1586
0.1586
0.1586
0.1586
0.1897
0.1756
0.4248
0.3115
0.1982
0.1671
0.1586
0.3115
0.2577
0.1784
0.1671
0.1586
0.1501
0.1557
0.2322
0.2180
0.1586
0.1557
0.1671
0.2152
0.3115
0.2379
0.3115
0.1982
0.1699
0.1756
0.1897
0.1671
0.1586
0.1501
0.2832
0.6796
0.2152
0.1756
0.1671
0.1557
0.1501
3.1432
1.7556
0.3964
0.2832
0.2265
0.1926
0.1756
0.1699
0.1699
0.2322
0.1756
0.1586
0.3115
0.2095
0.1756
0.1586
0.1501
0.1501
0.1501
0.1501
0.1501
0.1501
0.1897
0.2379
0.1557
0.2464
0.4814
0.2265
0.1784
0.1557
0.1501
0.1501
0.1472
0.1416
0.1359
0.1303
0.1303
0.1274
0.1274
0.1359
1.2176
1.3026
0.3964
0.3398
0.2095
0.1756
1.1044
1.5291
0.4814
0.4248
0.2464
0.1982
0.1756
0.2067
2.8034
3.0582
1.1044
0.4248
0.2832
0.2265
0.2095
1.6990
1.1044
0.3398
0.2492
0.2152
0.1926
0.1897
0.1897
2.0105
4.7855
0.6796
0.4248
0.3964
1.0760
0.6230
2.7467
0.5380
0.3681
1.8972
3.0582
0.4248
0.3115
0.2633
4.2192
6.5695
1.3026
0.6513
0.8778
4.8139
1.1044
0.5663
0.3964
0.3115
0.2718
0.2379
0.2180
0.8778
0.2379
0.2180
0.2067
0.1982
0.1841
0.1841
0.1841
0.1841
0.1699
0.1699
0.6230
0.1982
1.1044
0.9628
0.6513
0.5380
1.5008
0.3398
1.4158
1.0194
0.3115
0.2464
0.2180
0.2010
0.1926
0.1926
0.3681
0.2067
0.1841
1.1044
0.3964
0.2379
0.8778
0.2832
0.2152
0.2010
0.5097
0.6230
0.2832
0.2180
0.2095
1.7840
3.1998
4.1626
0.9061
0.4814
0.3681
0.2662
0.2747
0.2322
0.2010
0.3681
0.2492
0.6796
0.3681
0.2322
0.3681
0.4531
2.6335
0.7929
0.3681
0.3681
0.6796
0.9628
0.3681
0.5097
0.4814
0.2803
0.5947
0.2832
0.2379
0.2095
0.1982
0.1897
1.3592
0.8212
1.2176
0.5380
0.8778
1.2176
0.5097
0.3398
0.2747
0.2379
0.2379
1.1044
0.9911
0.3398
0.3115
0.3681
0.2322
0.2010
0.1926
0.1897
0.1784
0.2010
0.1897
0.2180
0.2549
0.1897
0.1756
0.2265
0.2492
0.6230
0.4814
0.3964
0.8495
0.4248
0.2633
0.4248
0.2662
0.2010
0.1897
0.1897
0.1784
0.1756
0.1699
0.5097
0.3964
0.3115
0.9628
1.4442
0.4248
0.3398
0.2322
0.7079
1.6141
0.4248
0.2832
0.2633
0.2322
0.2010
0.1982
0.2010
0.1784
0.1756
0.1756
0.1756
0.1784
0.1756
0.1671
0.1671
0.1926
0.2010
0.1784
0.4814
0.2180
0.1784
0.1699
0.1756
0.1756
0.1756
0.1756
0.1756
0.1699
0.4248
1.1327
0.8495
0.3398
0.4814
0.8495
0.2832
1.1610
1.2176
0.3115
0.2464
0.2095
0.1926
0.2464
0.2379
0.5380
0.3115
0.2832
0.2803
0.2718
0.2095
0.2322
0.1926
0.1756
0.1671
0.1586
0.1557
0.1557
0.1501
0.1501
0.1501
0.1501
0.2832
0.5380
0.2577
0.1784
0.1586
0.1501
0.3398
0.2464
0.4248
0.4531
1.1044
0.2747
0.2010
0.1897
0.1982
0.2010
0.1699
0.1586
0.1501
0.1557
0.1982
1.0194
0.2747
0.1926
0.1756
0.2180
0.4531
0.3398
0.3681
0.3964
0.2265
0.1897
0.2832
0.2379
0.1756
0.1756
0.1586
0.1557
0.1501
0.1501
0.1557
0.1784
0.1756
0.1671
0.1501
0.1472
0.1472
0.1416
0.3115
0.3398
0.3964
0.2265
0.1671
0.1501
0.1472
0.1472
0.1472
0.1416
0.1416
0.1472
0.2265
0.2832
0.1897
0.1501
0.1416
0.1416
0.1359
0.1359
0.1303
0.1359
0.1416
0.1416
0.1303
0.1274
0.1274
0.1303
0.1416
0.1982
0.1897
0.1501
0.1303
0.1274
0.1274
0.1218
0.1303
0.1897
0.1501
0.1501
0.1982
0.1784
0.1557
0.1472
0.1274
0.1218
0.1218
0.1218
0.1218
0.1218
0.1218
0.1218
0.1756
0.1303
0.4531
0.6796
0.3681
0.2095
0.2379
0.4248
0.2180
0.1671
0.7929
0.2322
0.2322
0.3681
0.1897
0.1699
0.1699
0.1557
0.1472
0.1501
0.1784
0.3964
0.1982
0.1671
0.1501
0.3681
0.6796
1.4442
0.3398
1.7556
0.3964
0.2265
0.1897
0.1586
0.1501
0.2010
0.1557
0.1416
0.1586
0.2095
0.1472
0.1359
0.1303
0.1274
0.1218
0.1218
0.1303
3.2848
2.9733
1.1610
0.3398
0.2379
0.1982
0.1784
0.2265
0.2152
0.1699
0.1557
1.2743
0.2322
0.1756
0.1557
0.1472
0.4531
0.2180
0.1671
0.1501
0.5097
0.2577
0.1982
0.1756
0.1671
0.1529
0.1501
0.1444
0.1388
0.1388
0.1388
0.1388
0.1756
0.1359
0.1303
0.1274
0.1274
0.1218
0.1218
0.1189
0.1189
0.1133
0.1189
0.1218
0.1133
0.1529
0.1303
0.9628
0.2803
0.1982
0.1756
0.1529
0.1529
0.1897
0.1841
0.1614
2.8883
0.6513
0.7362
0.6513
0.5380
0.1756
0.7079
0.6513
0.2095
1.4442
0.4248
0.2265
1.9822
0.9061
0.5097
1.1610
0.6796
1.4158
1.6424
0.3964
0.2577
0.2095
0.1784
0.1699
0.1586
1.6424
2.2653
0.4248
0.2803
1.0477
0.2803
0.2379
0.2464
0.2407
0.2322
0.6513
0.3115
0.1897
0.1586
0.1586
0.1586
1.5291
2.6335
1.1044
0.6230
0.3398
0.2633
0.2095
0.1756
0.1756
0.1671
0.1586
0.1501
0.1416
0.1472
0.1416
0.1557
0.3115
0.2010
0.1557
0.1416
0.4248
0.3398
0.1926
0.1472
0.1416
0.1359
0.1303
0.1274
0.1274
0.1274
0.1218
1.0194
2.0671
1.1044
0.3115
0.2180
0.1982
0.1586
0.1472
0.1416
0.1359
0.1303
0.1671
0.1784
0.1359
0.1501
0.1359
0.1303
0.2492
0.5947
0.6230
0.1982
0.1586
0.2067
0.1756
0.1303
0.1218
0.1218
0.1359
0.1218
0.1161
0.1133
0.1133
0.1133
0.1133
0.1104
0.1104
0.1104
0.1303
0.1133
0.1189
0.1586
0.1303
0.1218
0.1501
0.1586
0.1104
0.1189
0.1104
0.1048
0.1048
0.1019
0.1019
0.1048
0.1048
0.1104
0.1189
0.1444
0.2180
0.1756
0.7362
0.1756
0.1529
0.4814
0.7079
0.2633
0.2322
0.1982
0.1614
0.1388
0.1756
0.1303
0.1218
0.1274
0.2577
0.3681
0.1756
0.1472
0.1274
0.1218
0.1161
0.3964
0.3115
0.2067
0.2095
0.1926
0.1501
0.1501
0.1501
0.1274
0.1218
0.1303
0.1161
0.1104
0.1104
0.1104
0.1104
0.1048
0.1048
0.1303
0.1218
0.1218
0.1303
0.1472
0.1303
0.1218
0.1416
0.1274
0.1133
0.1104
0.1048
0.1019
0.1048
0.1104
0.1133
0.1501
0.2180
0.1756
0.1586
0.1727
0.1472
0.1303
0.1104
0.1019
0.1048
0.1019
0.0991
0.0991
0.0991
0.0991
0.0991
0.0906
0.0906
0.0906
0.0991
0.0991
0.0906
0.0906
0.0906
0.0906
0.0991
0.0906
0.1019
0.1104
0.1019
0.0991
0.1104
0.0991
0.0906
0.0906
0.0906
0.0878
0.0878
0.0878
0.0878
0.0906
0.0991
0.0906
0.0878
0.0878
0.0878
0.0878
0.0878
0.0963
0.0991
0.1303
0.2747
0.7079
0.3681
1.4725
0.3115
0.1586
0.1218
0.1104
0.1048
0.1048
0.1472
1.0477
0.2747
0.3115
0.1756
0.1897
0.1359
0.2464
0.1303
0.1161
0.1104
0.1048
0.1161
0.1104
0.1048
0.1019
0.1019
0.0991
0.0963
0.0906
0.0963
0.0906
0.0906
0.0878
0.0878
0.0906
0.1727
0.1303
0.1444
0.2832
0.1756
0.1133
0.1019
0.0906
0.0906
0.0906
0.0878
0.7079
0.2832
0.2095
0.1359
0.7362
3.7661
1.9255
0.9061
0.3398
0.2464
0.1982
0.1671
0.1926
0.1416
0.1218
0.1218
0.1161
0.1218
0.1161
0.2322
0.4248
0.1897
0.1359
0.1218
0.1161
0.1303
0.1926
0.5663
0.2265
0.1416
0.1218
0.1161
0.1104
0.1048
0.1019
0.1019
0.0991
0.0991
0.0991
0.0963
0.0906
0.0906
0.0906
0.0906
0.0906
0.0906
0.0906
0.0906
0.0906
0.0906
0.0906
0.0906
0.6513
0.2180
0.1529
0.1303
0.1161
0.1019
0.0991
0.0991
0.0906
0.0906
0.0906
0.0906
0.0878
0.0878
0.0878
0.0878
0.0878
0.0906
0.0906
0.0906
0.0878
0.0878
0.0878
0.0878
0.0878
0.0878
0.0878
0.0878
0.0878
0.0878
0.0850
0.0821
0.0793
0.0793
0.0793
0.0878
0.1642
0.3115
0.1104
0.0963
0.2237
0.3398
0.7079
0.8495
0.9345
0.5097
0.3398
0.7079
0.2549
0.1557
0.1926
0.1501
0.1218
0.1133
0.1048
0.2803
0.1756
0.2322
0.2067
0.1218
0.1048
0.1019
0.0963
0.1048
0.3115
0.5380
0.4248
0.2662
0.1557
0.2464
0.1897
0.1897
0.1218
0.1048
0.1133
2.7467
1.3026
0.3115
1.8972
0.3115
0.1897
0.1501
2.1521
0.3964
0.8778
1.3026
0.4531
0.2577
0.1926
0.1557
0.1416
0.4531
2.4919
0.3681
0.3681
1.8972
3.9077
0.7929
0.3398
0.2633
0.2747
0.2379
0.1897
0.1586
0.1501
0.1501
0.1501
0.3964
0.2265
0.1586
0.1303
0.1274
0.1218
0.1161
0.1133
0.1784
0.1303
0.1161
0.1104
0.1104
0.1104
0.1104
0.1104
0.1104
0.1048
0.1048
0.1019
0.1019
0.0991
0.0991
0.0963
0.0963
0.0906
0.0991
0.0991
0.0991
0.0906
0.0906
0.0906
0.0963
0.0991
0.0906
0.0906
0.0906
0.0906
0.0906
0.0906
0.0906
0.0878
0.0906
0.0906
0.0906
0.0906
0.0906
0.0906
0.1189
0.1416
0.1699
0.0963
0.0850
0.0821
0.0793
0.0878
0.0850
0.0793
0.0793
0.0821
0.0793
0.0765
0.0765
0.0736
0.0765
0.0765
0.0736
0.0736
0.0736
0.0736
0.0736
0.0736
0.0736
0.0736
0.0736
0.1501
0.1416
0.1019
0.1699
0.1359
0.0906
0.0850
0.0821
0.1218
0.1699
0.3964
0.4248
0.1246
0.1104
1.8972
1.3026
0.2379
0.2379
0.1472
0.1303
0.1303
0.2407
0.1586
0.1218
0.1501
0.3115
0.3964
0.1699
0.2832
0.3681
0.3681
0.1926
0.1586
0.1388
0.2237
0.1218
0.0906
0.1019
0.1019
0.1218
0.0991
0.0906
0.0906
0.0906
0.0906
0.1388
0.1586
0.3398
0.1416
0.1133
0.1501
0.1218
0.1161
0.1586
0.1303
0.1104
0.0906
0.0906
0.0878
0.0850
0.0821
0.0793
0.0793
0.0793
0.0793
0.0793
0.0736
0.0963
0.0963
0.0906
0.0793
0.0793
0.3398
0.1756
0.0991
0.0906
0.0878
0.0821
0.0793
0.0793
0.0765
0.0736
0.0708
0.0680
0.0651
0.0651
0.0736
0.0765
0.1501
0.1104
0.0878
0.0850
0.1048
0.1104
0.1076
0.6796
0.2322
0.2832
0.2803
0.1784
0.5663
0.6230
0.2095
0.1274
0.1104
0.0991
0.0906
0.0906
0.0850
0.1133
0.7079
1.7556
0.5663
0.1926
0.1359
0.1274
0.1133
0.1104
0.1048
0.0991
0.0991
0.0963
0.0906
0.0963
0.1671
0.1019
0.0906
0.0878
0.0850
0.0793
0.0793
0.0765
0.0736
1.3026
0.3681
0.1586
0.5663
3.0582
1.1044
0.3398
3.8511
1.1044
0.4248
0.3964
0.2379
0.1784
0.2095
0.1472
0.1274
0.1218
0.1218
0.1218
0.1218
0.1218
0.3398
0.1557
0.1218
0.1133
0.1048
0.1048
0.1161
0.1104
0.0991
0.0906
0.0906
0.0906
0.0906
2.0954
2.0671
0.3681
0.2010
0.1501
1.1327
1.6424
0.2549
0.1756
0.1416
0.5380
1.1893
0.3681
0.2265
0.1501
0.1274
0.1614
2.5485
1.3026
0.3115
2.8034
2.6618
0.3964
0.2464
0.9345
0.8495
1.0477
0.9345
0.3681
0.2832
0.3681
0.2464
0.5663
0.3681
0.2152
0.1671
0.1472
0.1416
0.1897
0.4248
0.2803
0.1586
1.0477
1.0194
0.2379
0.1784
0.1501
0.1359
0.1274
0.1218
0.1218
0.1784
0.1303
0.1161
0.1133
0.1104
0.1104
0.1019
0.1218
0.1048
0.1529
0.1926
0.3115
0.1897
0.4814
0.2379
0.4248
0.8495
0.9061
1.1893
0.4248
0.7079
1.3026
0.7929
0.4814
0.3964
0.2832
0.2492
0.2010
0.5097
0.4248
1.1893
0.7646
0.2832
0.5380
0.8495
0.4531
0.5947
2.1521
0.5097
0.6513
0.3398
0.2464
0.7646
0.4531
0.2577
0.2095
0.1897
0.1982
0.1671
0.1586
2.8883
2.2653
0.9911
3.0299
1.3875
0.8495
0.4248
0.5663
1.5857
0.3964
0.5380
0.3398
0.3115
0.2379
1.2743
0.5663
0.4531
0.4531
0.2662
0.3115
0.2464
0.2010
0.1784
0.1699
0.1586
0.1501
0.1472
0.1472
0.1416
0.1359
0.1359
0.1274
0.1274
0.1274
0.1274
0.1218
0.1218
0.1218
0.1218
0.1218
0.1274
0.1784
0.1586
0.1303
0.1218
0.1218
0.1161
0.2067
0.6513
2.0954
1.1610
0.2747
0.1926
0.2803
0.7929
0.2633
0.2180
0.1699
0.1557
0.1472
0.1671
0.1586
0.1359
0.1274
0.1274
0.1586
0.9061
0.6230
0.2322
0.1784
0.2747
0.2322
0.2010
0.1671
0.1359
0.1359
0.7646
0.2832
0.3681
0.1926
0.3115
0.2492
0.2633
1.2459
0.7929
0.2832
0.2152
0.9061
0.5380
0.2832
0.2265
0.3681
0.2803
0.2379
0.2180
0.2095
0.1841
0.3681
0.2265
0.1699
0.1699
0.4531
1.0194
2.9733
0.5380
0.2832
0.2322
0.1926
0.4248
0.2464
0.1784
0.1586
0.1756
0.1897
0.1671
0.1501
0.3964
0.1897
0.1557
0.1557
0.1501
0.1501
0.2237
0.1897
0.1586
0.1416
0.1274
0.1274
0.1218
0.1218
0.1218
0.1218
0.1274
0.1416
0.1218
0.1359
0.1303
0.1274
0.1416
0.1416
0.2379
0.1416
0.1359
0.1218
0.1671
0.1303
0.1218
0.1161
0.1133
0.1104
0.1104
0.1133
0.1416
0.1133
0.1501
0.1303
0.1161
0.1104
0.1104
0.1104
0.1104
0.1104
0.1104
0.1104
0.1048
0.1444
0.1557
0.1218
0.1133
0.1104
0.1104
0.1104
0.1359
0.1274
0.1161
0.1133
0.1104
0.2265
0.2067
0.1218
0.1133
0.1104
0.1104
0.1048
0.1048
0.1019
0.1019
0.1048
0.1048
0.1274
0.1303
0.1104
0.1019
0.1019
0.1019
0.1019
0.1048
0.1841
0.1841
0.1501
0.1218
0.1133
1.8972
1.9255
0.5947
0.2265
0.3681
0.3398
0.2095
0.1699
0.1671
3.7661
1.7840
1.1044
0.3398
0.2322
0.1926
0.1586
0.1501
0.1416
0.1472
0.1359
0.1274
0.1218
0.1218
0.1218
0.2407
0.2577
1.1610
0.2662
0.1756
0.7929
0.3398
0.2010
0.1756
1.9255
0.2832
0.9061
0.4531
0.2265
0.2577
0.9345
3.6246
0.5947
4.3042
1.2459
2.2653
1.2743
2.2370
7.5040
8.6650
0.8778
4.0210
2.0671
0.6230
0.3681
0.3681
1.0194
1.2459
0.7362
0.4531
0.7929
0.7929
1.2743
1.1893
0.4814
0.6230
0.5380
0.3964
0.4248
0.3964
0.3398
0.3115
0.2803
0.2633
0.2832
0.2464
0.2180
0.2095
0.1982
0.1897
0.1784
0.1756
0.1699
0.1671
0.1614
0.1586
0.1501
0.2010
0.1557
0.1501
0.1444
0.1444
0.2265
0.1756
0.1529
0.2152
0.1982
0.1671
0.6230
0.3115
0.2067
0.1841
0.1671
0.1586
0.1529
0.1501
0.1444
0.1388
0.1359
0.1359
0.1303
0.1303
0.1303
0.1303
0.1529
0.1982
0.2633
0.8778
0.3115
0.2095
0.3398
0.4248
0.2180
0.1982
0.1756
0.3964
0.2180
0.1926
0.1756
0.1614
0.3681
0.2322
0.2180
0.8778
0.3398
0.2633
0.1982
0.1756
0.1614
0.1614
0.2180
1.1044
0.4248
0.5380
4.3891
3.0582
1.5291
1.0194
0.8212
0.5663
0.4248
0.3398
0.3115
0.2718
0.4248
1.7556
0.6513
0.3964
0.3115
3.0582
0.8778
0.4248
0.3115
0.3115
0.2718
0.2549
0.2407
0.2379
0.2265
0.2152
0.2067
0.2010
0.1982
1.4158
0.3398
0.4248
0.2803
0.2265
0.2095
2.1804
4.3891
5.6917
1.3026
0.5380
0.4248
0.3681
0.3115
0.3115
0.2803
0.2633
0.3115
0.3398
0.7079
0.4248
0.2832
0.7362
0.4248
0.3115
2.6335
0.5663
0.3964
0.3681
0.6230
0.5380
0.4814
0.4531
0.6513
0.4531
0.3115
0.2633
0.2322
0.2180
0.2180
0.2095
0.2010
0.2010
0.2010
0.1982
0.1926
0.1926
0.1926
0.1926
0.1926
0.2322
0.2180
0.1982
0.3681
0.2322
0.2464
0.9628
0.5663
0.3398
0.4248
0.4248
0.5380
1.1044
0.4248
0.6230
0.8778
1.4158
0.9911
1.5574
0.6796
0.5380
0.3681
0.2832
0.5663
0.3398
0.4248
1.2176
0.7079
1.0194
0.6230
0.3681
0.3964
0.3115
0.2662
0.2492
0.2322
0.2265
0.2180
0.2407
0.2464
0.2180
0.2010
0.2152
0.2492
0.2265
0.2095
0.2010
0.2010
0.1982
0.1897
0.2152
0.1926
0.1784
0.1784
0.1784
0.1897
0.1926
0.2010
0.1982
0.4248
0.2832
0.9061
0.3115
0.2322
2.0671
0.3115
0.2322
0.2152
0.2152
0.2265
0.2152
0.1982
0.8495
0.7362
0.4248
0.2633
0.2265
0.4248
0.2633
0.2464
0.2492
2.2653
1.0477
0.4248
0.3115
0.3398
0.3115
0.2577
0.2265
0.3115
0.3964
0.3115
0.2322
0.2010
0.2265
0.2152
0.2152
0.1784
0.1671
0.1586
0.1557
0.1501
0.1501
0.1501
0.1501
0.1472
0.1472
0.1501
0.1501
0.1699
0.1501
0.1472
0.1501
0.3398
0.3398
0.2180
0.1982
0.1926
0.1671
0.1557
0.1501
0.1472
0.1586
0.2152
0.2152
0.1671
0.1501
0.1501
0.2095
0.2010
0.1784
0.1671
0.1529
3.9360
1.3026
1.5008
0.4248
0.2747
0.2464
0.2265
0.2010
0.1926
0.1784
0.1699
0.1784
0.1784
0.1699
0.1671
0.1897
0.1926
1.0194
0.7362
1.9822
0.6513
0.3681
0.2662
0.2322
0.2095
0.1926
0.1756
0.1699
0.1586
0.1557
2.9450
1.2176
0.3964
0.2803
0.2464
0.2152
0.1926
0.2832
0.3398
0.2832
0.2832
0.2464
0.2633
0.2322
0.2633
0.2549
0.3115
1.2743
5.4652
0.8778
2.8034
0.9061
2.4919
3.1149
2.1521
1.8972
2.5485
0.5663
0.3964
1.7840
0.5663
0.3964
0.3398
0.4531
0.3115
0.2747
0.2662
0.2492
0.2322
0.7362
1.8972
0.6230
0.3398
0.2832
1.3875
1.0194
0.5380
0.3398
0.3398
0.7646
0.2832
0.2492
0.2322
1.6141
2.4919
0.5380
0.3398
0.2803
0.2577
1.0477
1.8406
5.0404
1.1610
1.3309
3.2848
4.0776
4.5590
3.5396
1.8406
0.6230
1.6424
0.5663
0.4248
0.3681
0.3681
0.5097
1.0194
0.7929
0.3681
0.3115
0.2832
0.2747
0.2633
0.2492
0.2379
0.2322
0.2265
0.2180
0.2180
0.2152
0.2379
0.2180
0.2152
0.3398
0.2322
0.2095
0.5097
0.2549
0.2265
0.2379
0.9628
0.7362
0.4248
0.7646
0.3964
0.6230
0.4531
0.3398
1.3875
1.0760
2.2370
0.5947
0.6230
0.9061
1.2743
0.5380
0.3681
0.3681
0.8212
1.6990
1.0194
0.4814
0.4531
1.9255
1.1044
1.4158
1.5008
1.4158
0.9345
3.1998
3.8228
1.4158
0.5947
0.4531
0.3964
0.5947
0.8778
0.5380
0.5380
1.1327
1.1044
0.6513
0.7929
0.7362
0.5380
0.3681
0.3398
0.3115
0.3115
0.2803
0.2747
0.2662
0.6796
0.4531
0.3115
0.2633
0.2662
0.3964
0.2803
0.2662
0.2633
0.3115
0.2747
0.2492
0.2379
0.2322
0.2322
0.2322
0.2322
0.2322
0.6513
0.5380
0.3115
0.2633
0.2747
0.3398
0.4248
0.2832
0.2747
0.2662
0.3681
1.1044
0.7079
0.5947
0.3964
0.3398
0.7646
0.3398
0.2832
0.3398
0.4814
0.9628
0.3681
0.2832
0.2633
0.2577
0.2492
0.2379
0.2322
0.2633
0.4248
1.1044
0.5380
0.5097
0.3681
0.2747
0.2633
0.2464
0.2322
0.2322
0.2322
0.2265
0.2180
0.2180
0.2180
0.2180
0.4248
1.4725
0.5663
0.3681
0.2464
0.2803
0.2407
0.2832
0.4814
0.8495
0.4531
0.5097
0.3964
0.2803
0.3681
1.4442
0.4248
0.2832
1.2459
0.5380
1.4442
0.9911
0.5380
0.5380
0.3398
0.3681
0.3115
0.2662
0.2464
0.2464
0.2407
0.2237
0.2180
0.2718
0.4248
0.3115
0.3115
0.2832
0.2662
0.2322
0.2237
0.2095
0.2095
0.2010
0.1982
0.2407
0.3681
0.8495
0.2832
0.2322
0.5380
0.2747
0.2407
0.2095
0.2577
0.2095
0.1841
0.1756
0.1756
0.1756
0.1756
0.1897
1.3026
0.6230
0.3398
0.2407
0.2237
0.2010
0.3398
0.2010
0.1841
0.1756
0.2407
0.1982
0.1699
0.1642
0.1586
0.1756
0.3681
0.1982
0.1756
0.1586
0.1642
0.3398
0.3115
0.1841
0.1699
0.1642
0.1642
0.1699
0.1642
0.1784
0.7646
1.2743
0.5947
0.7362
0.6230
0.5097
0.5380
0.3115
0.2803
0.2492
0.2322
0.2095
0.1841
0.1756
0.1756
0.1699
0.3115
0.2464
0.1699
0.1586
0.1501
0.1444
0.1388
1.1044
0.4531
1.3026
0.8495
0.6230
0.4814
0.5947
0.9061
0.7646
0.7362
0.7929
0.9345
0.4248
1.1610
1.1044
0.4248
0.3115
0.2549
1.5008
0.7929
0.3681
0.5097
1.1044
0.5097
0.8212
0.3398
0.3681
0.4814
1.5008
0.3681
0.2832
0.2803
0.2237
0.2379
0.7079
0.4248
0.3398
0.5947
1.7840
0.7646
1.1327
0.9628
2.0671
0.6796
0.4531
0.3964
0.5380
0.6230
0.3964
0.7929
4.8139
2.3786
1.1044
1.3026
1.6990
0.8778
0.9061
0.6230
0.8778
0.6513
0.5663
1.1893
1.1044
0.9061
1.6707
1.9822
1.0477
0.6513
0.7079
1.0477
2.1804
2.3220
0.8778
0.6230
0.4814
0.4248
0.3964
0.3964
1.4442
0.7929
2.0671
0.8778
1.8406
0.7362
0.6513
0.6513
0.6513
2.1804
4.3891
2.9733
2.3220
2.9733
2.8883
0.8778
0.7079
0.5663
0.5380
0.4248
0.3964
1.5291
0.4248
0.3115
0.2803
0.2633
0.2180
0.2180
0.2180
0.1756
0.1756
0.2180
8.3252
1.6141
1.7556
0.8212
0.5663
0.4814
0.4814
0.3964
0.3964
0.6230
0.3964
0.3398
0.3115
0.2633
0.2633
0.2180
0.2633
0.2180
0.2180
0.2180
0.2180
0.2180
0.7079
0.6230
0.3964
0.2633
0.2180
0.2180
1.2743
1.5008
0.4248
0.2633
0.2633
1.5291
0.9628
0.3964
0.3115
0.2633
0.2407
0.2379
0.4248
0.4531
0.2577
1.2176
0.7079
0.5380
0.6230
0.6796
0.3398
0.6796
0.4531
0.6796
0.3398
0.3681
0.3398
0.3681
0.2747
0.2633
0.2464
0.2549
0.2322
0.2237
0.4248
1.1893
0.5380
0.4814
0.4814
0.3398
0.2633
0.2464
0.2407
0.2322
0.2322
0.2322
1.0760
1.3309
1.1044
0.4248
1.1044
0.6230
0.3398
0.2803
0.5947
0.5663
0.3115
0.2464
0.2180
0.2010
0.1841
0.1841
0.1756
0.1699
0.1699
0.1699
0.1614
0.2464
0.2067
0.1841
0.2180
1.2743
0.2633
0.2010
0.1756
0.1614
0.1614
0.1614
0.1756
0.4814
0.2718
0.2237
0.6513
0.2662
0.1982
0.1756
0.1699
0.1699
0.1699
0.1699
0.1642
0.1586
0.1586
0.1671
0.1586
0.1529
0.1529
0.1586
0.1586
0.1501
0.1501
0.1501
0.1444
0.1444
0.1501
0.1897
0.6230
0.3398
0.4531
0.1926
0.1756
0.1841
0.1699
0.1784
0.3681
0.3398
0.4814
0.3115
0.4531
0.3115
0.2322
0.1982
0.1699
0.1699
0.1642
0.1642
0.1642
0.1642
0.3398
0.1926
0.7079
0.2718
0.1982
0.1756
0.1699
0.1671
0.1586
0.1586
0.1982
0.2832
0.9061
0.8778
0.3115
0.2180
0.3115
1.2743
0.3115
0.3115
0.2180
0.1841
0.1699
0.1699
0.5097
0.2549
0.1841
0.1699
0.1756
0.1586
0.1671
0.1586
0.1501
0.1501
0.1444
0.2832
0.3681
0.4531
0.6796
0.5380
1.0194
0.5380
0.3398
0.3398
0.2832
0.2633
0.2152
0.1982
0.1926
0.1897
0.1784
0.1756
0.1756
0.1756
0.1699
0.1671
0.1671
0.1671
0.1586
0.1586
0.1756
0.1586
0.2407
0.1897
0.3964
0.3398
0.2379
0.2010
0.2010
0.3681
0.1926
0.1671
0.2095
0.3681
0.3115
0.2492
0.2152
0.1784
0.1586
0.1501
0.1501
0.1472
0.1472
0.1472
0.3681
0.2180
0.1586
0.1501
0.3115
0.2067
0.1982
0.2633
0.1926
0.1699
0.1699
0.1699
0.1699
0.1897
0.2322
0.2067
0.1671
0.1586
0.1586
0.1501
0.1472
0.1416
0.1416
0.1416
0.1416
0.2832
0.3681
0.9061
0.5663
0.9911
2.0105
0.7929
1.0760
1.5291
0.5097
0.2832
0.2322
0.2180
3.0582
1.0477
0.9911
0.9911
0.5097
0.8212
0.7362
0.5663
0.3964
0.2832
0.2464
0.2152
0.2095
0.2095
0.1982
0.1926
0.1926
0.1926
0.5947
0.4531
0.5663
0.7362
0.3681
0.2633
0.2152
0.1982
0.1897
0.1784
0.1756
0.1699
0.1671
0.1841
0.2152
0.1586
0.6230
0.3964
0.7646
0.2577
0.1982
0.1756
0.2010
0.2322
0.1982
0.1586
0.1926
0.1586
0.1557
0.1501
0.1926
0.1557
0.1501
0.4248
0.3115
0.2265
0.1756
1.2743
0.4814
1.3026
0.6513
0.7079
1.9255
0.5097
0.2832
0.2265
0.1926
0.2152
0.1897
0.1841
0.1926
0.1756
0.1982
3.7095
0.7362
0.3398
0.2633
0.2152
0.1982
0.4248
0.3964
0.2180
0.1897
0.1699
0.1586
0.1557
0.1501
1.0194
0.9911
0.4531
0.2633
0.2095
0.1784
0.1671
0.1557
0.1699
0.4814
0.3681
0.3398
0.4248
0.5097
0.2180
0.5663
1.3309
1.6990
0.3681
0.2492
0.2010
0.1784
0.2067
0.5663
0.2464
0.1897
0.1671
0.1557
1.6141
0.3964
0.2265
0.1926
1.5857
0.6513
0.5380
0.2747
0.2180
0.1926
0.1699
0.1557
0.1501
0.1501
0.1472
0.4814
1.2459
0.2803
0.5947
1.5857
0.5663
0.5380
0.9061
1.2176
1.5291
0.5380
0.9628
0.9628
0.3964
0.2747
0.2379
0.2010
0.1926
0.2718
0.3115
0.2152
0.1926
0.2152
0.1897
0.1926
0.8495
0.4248
2.9733
1.5291
0.4531
0.2832
0.2464
0.4531
0.5097
1.1044
0.3964
0.5947
0.3115
4.9554
3.3414
0.7929
0.5380
0.3964
0.3964
0.5663
0.3681
0.3115
0.2407
0.4814
0.9628
0.3398
0.2180
0.2180
0.2067
0.1897
0.1784
0.1784
1.6141
0.4248
0.2633
0.2067
0.2180
0.2095
0.1897
0.1756
0.1699
0.2180
0.6230
0.4814
0.2180
0.1926
0.1784
0.1982
0.1756
0.1671
0.1614
0.1586
0.1529
0.1529
0.1529
0.1529
0.1529
0.1501
0.1472
0.1416
0.1416
0.1416
0.1416
0.1416
0.1416
0.1359
0.1359
0.1359
0.1557
0.1501
0.3398
0.5097
0.8212
0.7362
0.3681
0.3681
0.2152
0.1699
0.1557
0.1586
0.1501
0.1472
0.1416
0.1416
0.1416
0.1472
0.1359
0.2577
0.3681
0.5380
0.2152
0.1784
0.1671
0.1756
0.5097
0.3681
0.4814
0.2577
0.1926
0.3681
0.2464
0.4248
0.3398
0.2322
0.3681
0.5097
0.2464
0.1926
0.2464
0.3681
0.6796
0.2832
0.2662
0.1926
0.2010
0.2633
0.1926
0.1699
0.1586
0.1557
0.1501
0.1472
0.4248
12.8275
11.8648
12.9974
2.1804
0.9061
0.4248
0.3398
0.3115
0.2803
0.2633
0.2464
0.2379
0.2322
0.2379
0.2322
0.2237
0.2180
0.2322
0.2180
0.2067
0.2322
0.2095
0.2010
0.3115
0.2633
0.2322
0.3115
1.1044
0.5380
0.3115
0.2832
0.2718
0.2832
0.4248
0.2633
0.2379
0.2180
0.2095
0.2010
0.1926
0.1897
0.1841
0.1784
0.1756
0.1756
0.1699
0.1699
0.1699
0.1586
0.1614
0.1699
0.1756
0.1529
0.1614
0.1614
0.1529
0.3115
0.3964
0.1926
0.1671
0.1501
0.1388
0.1359
0.1303
0.1303
0.1274
0.1359
0.1274
0.1274
0.1359
0.3398
0.1897
0.2322
0.2095
0.1756
0.2662
0.1841
0.1472
0.1274
0.1274
0.1218
0.1218
0.1218
0.1218
0.1218
0.1218
0.1218
0.1218
0.1218
0.1218
0.1218
0.2407
0.1586
0.1501
0.2180
0.9628
2.4069
1.7556
0.6513
0.2633
0.4248
0.7362
1.0194
1.3026
0.8212
0.3681
0.2407
0.2180
0.3115
0.2747
1.3026
2.1804
1.0194
0.7079
0.4814
0.3964
0.3115
0.4248
1.5291
1.0760
0.7929
0.3964
0.3115
0.3681
0.2832
0.2322
0.2010
0.1926
0.1784
0.1756
0.1756
0.1586
0.1557
0.1501
0.1784
1.1044
0.9345
2.6618
0.5947
0.5380
0.3398
0.2492
0.3115
0.3681
0.3398
0.2180
0.1926
0.1756
0.1671
0.1671
0.1926
1.1044
5.4368
6.0315
2.2653
0.6230
0.4814
0.3115
0.2747
0.2464
2.5485
1.2176
0.3681
0.2832
0.2492
0.2322
0.2152
0.2010
0.1982
0.1926
0.1784
0.1784
0.1699
0.1897
0.1756
0.1671
0.1699
0.1841
0.1586
0.1557
0.5097
0.2718
0.1784
0.1671
0.3681
0.3681
1.2176
0.9061
1.7556
1.8406
2.3786
0.5097
0.3115
0.2633
0.2265
0.2095
0.2152
0.2180
0.2265
0.5663
3.3414
2.9733
1.4442
0.5380
0.3964
0.3115
0.2662
0.2492
1.6990
1.5574
0.5663
0.7362
0.3964
0.2832
0.2492
0.2322
0.2265
0.2180
1.3026
0.4814
0.7929
1.9822
2.0105
2.0954
1.9822
9.6277
1.7556
0.8778
0.4248
0.4248
3.0582
2.8600
1.1044
0.5380
0.3964
0.3398
0.3398
0.3115
0.3115
0.3115
1.2459
0.3681
0.8495
0.3964
0.2803
0.2662
0.2492
0.9061
0.5097
0.3398
0.4248
0.2633
0.2464
0.2322
0.2265
0.2180
0.2180
0.2492
0.2180
0.2265
0.2180
0.2095
0.2010
0.1982
0.1926
0.1982
0.1982
0.1982
0.1926
0.1897
0.1897
0.1897
0.1897
0.1897
0.1897
0.1926
0.2265
0.2010
0.1982
0.1926
0.1897
0.1897
0.1897
0.1897
0.1784
0.1784
0.1756
0.1756
0.1756
0.1756
0.1756
0.1756
0.1699
0.1699
0.1699
0.1699
0.1841
0.1756
0.1756
0.1699
0.1699
0.1699
0.1699
0.1699
0.1699
0.2407
0.1841
0.1756
0.1756
0.1756
0.1756
0.1756
0.1756
0.1699
0.1671
0.1671
0.1671
0.1671
0.1756
0.1699
0.1699
0.1699
0.1699
0.1699
0.1699
0.1671
0.1671
0.1671
0.1671
0.1671
0.1671
0.1671
0.1699
0.3398
0.3115
0.2407
0.2010
0.1756
0.1671
0.2237
0.1897
0.1756
0.1756
0.2549
0.1982
0.2803
0.2633
0.3115
0.2095
0.1982
0.1784
0.1699
0.2492
0.5380
0.5947
1.0477
1.4158
1.9255
0.4531
0.9911
0.5947
0.3398
0.2492
0.2577
1.1893
0.7079
0.4248
0.3398
0.2492
0.2265
0.2095
0.1982
0.1897
0.2010
0.3681
0.2803
0.2322
0.4248
0.4248
0.4248
0.3398
0.3398
0.5663
0.6796
0.3964
0.2633
0.2832
0.2747
0.2180
0.7929
0.4531
0.2633
0.2180
0.1982
0.1926
0.1784
0.1699
0.1671
0.1586
0.1699
0.1756
0.1671
0.1926
1.0477
0.2379
0.2152
0.1982
0.1841
0.1784
0.1756
0.2067
0.2718
0.2067
0.1897
0.1756
0.1671
0.1529
0.1529
0.1529
0.6230
1.9255
0.4814
0.2379
0.1926
0.1784
0.1699
0.1586
0.1529
0.1501
0.1501
0.1501
0.6230
0.7929
0.5663
0.8212
0.7362
0.2832
0.2718
0.4814
0.7929
1.5008
1.7556
0.9628
0.8778
0.4248
0.3115
0.2180
0.1926
0.1784
0.2010
0.4248
1.1610
1.4725
0.5663
0.3115
0.2464
0.2152
0.1926
0.1897
0.2095
0.3115
0.3398
0.2832
0.3681
0.2662
0.2095
0.1982
0.2010
0.2633
0.4814
0.3398
0.2265
0.2095
0.1784
0.1586
0.1557
0.1557
0.1586
0.1501
0.1501
0.1501
0.2718
2.3220
0.3964
0.2464
0.2010
0.1784
1.5574
6.4279
3.1432
0.7929
0.3398
0.2633
0.2265
0.2010
0.2067
0.2322
0.1784
0.1756
0.1756
0.1756
0.2180
1.5857
1.0194
0.2633
0.2322
0.2265
0.1982
0.1614
0.1614
0.1501
0.1388
0.2180
0.2180
0.5097
0.6230
0.3398
0.3681
0.2492
0.1926
0.1699
0.1614
3.5113
0.5947
1.3026
0.8212
0.3681
0.2633
0.2180
0.1982
0.1841
0.1756
0.1699
0.1982
0.1671
0.1529
0.1501
0.1501
0.1472
0.1416
0.1416
0.1416
0.1416
0.1416
0.1416
0.1416
0.1359
0.1303
0.1303
0.1303
0.1416
0.1303
0.3681
2.2370
0.3681
0.2633
0.5947
0.7646
0.3115
0.2379
0.1926
0.1699
0.1671
0.1557
2.0105
0.4531
0.2492
1.0194
0.9061
0.3115
0.3681
0.7362
1.0760
0.5663
0.5947
1.9255
2.6335
1.7556
0.4814
0.3398
0.2747
0.2577
0.2633
0.2633
0.2152
0.1926
0.1756
0.1699
0.1926
0.3681
2.2653
1.7556
0.4814
0.2803
0.2322
0.2152
0.2010
0.2180
0.1897
0.3398
0.2718
0.3115
0.2832
0.2180
0.2379
0.4531
0.5097
0.8212
0.3115
0.2322
0.2010
0.5097
0.4248
0.2577
0.3964
0.8778
0.9628
0.4248
0.3398
0.3681
1.4725
1.1893
0.4531
0.6230
0.7929
0.3681
0.7362
1.9255
0.7079
0.7079
0.7646
0.4814
0.3115
0.2832
0.3398
0.4531
0.2832
0.2633
0.4248
0.2662
0.2265
0.4248
0.3115
0.4531
0.7362
1.6990
0.5947
0.5380
0.4248
0.2803
0.2492
0.3964
0.2803
0.2662
0.3681
0.2633
0.2265
0.2010
0.1897
0.1784
0.1897
0.2010
0.1926
0.1784
0.3115
0.2379
0.2265
0.2379
0.3964
0.3681
0.2577
0.3398
0.2747
0.5097
0.4814
0.4531
0.5947
0.4248
0.3398
0.2662
0.2180
0.2095
0.5097
0.4814
0.2747
0.2464
0.2095
0.1926
0.4531
0.2577
0.2152
0.1926
0.1784
0.1756
0.1926
0.2180
0.1756
0.1699
0.1671
0.1699
2.5768
0.6796
0.5097
0.5380
0.3681
0.2633
0.2265
0.2010
0.1897
0.1784
0.1926
0.4814
0.3115
0.2095
0.1897
0.1756
0.1671
0.1756
0.1897
0.1671
0.1586
0.1586
0.1557
0.1671
0.2010
0.2379
0.1982
0.1699
0.1586
0.1557
0.1501
0.1501
0.1501
0.1501
0.1472
0.1472
0.1416
0.1416
0.1756
0.1699
0.2095
0.1756
0.9061
0.3115
0.2180
0.1699
0.1586
0.1557
0.1557
0.1501
0.1501
0.1472
0.1472
0.1756
0.1897
0.2322
0.2832
0.3681
0.1982
0.1699
0.1472
0.1416
0.1359
0.1359
0.1359
0.1303
0.1303
0.1303
0.1303
0.1303
0.1274
0.1274
0.1274
0.1274
0.1218
0.1218
0.1218
0.1331
0.1671
0.1303
0.1218
0.1218
0.1841
0.1699
0.1303
0.1218
0.1218
0.1303
0.2180
0.1416
0.1303
0.1784
0.7646
0.2633
1.5857
2.8883
0.4531
0.3964
0.3398
0.2322
1.0477
1.6141
3.8511
0.5947
0.3964
0.6513
1.4158
0.8212
1.0477
