3.0582
4.3891
2.8883
3.0582
2.3786
3.9360
2.6335
3.9360
5.2669
7.4473
4.8139
2.6335
2.1804
1.9822
2.0954
2.0105
2.8883
2.1804
1.7840
2.0671
2.0671
1.7840
1.7840
1.7840
1.7840
1.7840
1.7840
2.8883
2.0671
2.3220
4.7289
8.6650
8.6650
7.6172
4.7289
2.8883
2.6335
3.2281
4.7289
2.6335
2.0671
1.7840
1.7840
1.7840
6.6261
6.1448
2.8883
2.0671
1.7840
2.3220
1.7840
1.7840
1.5857
1.5857
14.4699
4.3042
6.1448
11.9214
10.3073
9.2030
21.4642
10.8737
5.1820
20.5863
29.4495
6.5695
4.3325
2.9450
2.9450
2.3786
2.6335
2.3786
3.5962
3.2281
2.6335
2.6335
2.9450
2.3786
2.0671
1.8406
1.8406
1.8406
1.8406
1.5857
1.5857
1.5857
3.2281
3.5962
4.7289
3.9360
2.6335
2.0671
2.0671
1.8406
2.6335
2.0671
1.8406
1.8406
2.0671
9.9392
7.1075
3.2281
2.6335
2.0671
2.0671
1.8406
1.5857
1.5857
1.5857
1.4158
2.3786
1.4158
1.1893
1.1893
1.1893
1.1893
1.1893
1.1893
1.1893
1.1893
1.1893
1.1893
1.1893
1.1893
1.1893
1.0477
1.0477
2.0671
1.8406
1.4158
2.3786
1.5857
1.4158
2.6335
2.6335
14.4133
7.1075
6.5695
3.9360
3.9360
6.0881
4.3325
2.6335
2.0671
6.5695
6.5695
2.9450
1.8406
1.5857
1.5857
1.4158
1.4158
1.4158
1.4158
1.4158
1.4158
1.4158
1.1893
1.1893
1.4158
1.1893
1.1893
1.1893
1.1893
2.0671
1.1893
1.1893
1.1893
1.1893
1.1893
1.1893
1.0477
1.0477
1.0477
1.0477
1.0477
1.0477
1.0477
1.0477
1.0477
1.0477
1.0477
3.9360
3.9360
4.7289
2.9450
2.3786
2.0671
2.0671
1.5857
2.6335
2.0671
1.5857
1.8406
1.8406
1.5857
1.4158
2.0671
1.5857
9.9392
5.1820
9.3729
3.5962
2.9450
4.7289
6.5695
6.0881
5.6067
7.1075
3.5962
6.0881
4.7289
4.7289
6.5695
20.5863
26.7311
19.7085
7.7871
7.3624
7.3624
15.1212
10.9586
6.9093
6.4846
6.0315
3.7661
2.7467
4.8705
9.8543
7.7871
9.8543
10.4206
6.9093
3.7661
3.4263
3.0582
10.5056
7.4473
4.8139
5.2669
3.9360
8.3252
4.8139
3.5113
3.2848
3.0582
3.5113
2.8600
6.1448
4.8139
3.9360
3.2848
2.9733
2.6335
2.3786
2.1804
2.6335
5.2669
6.0315
4.1059
5.2669
5.2669
4.4741
4.1059
7.3624
4.1059
5.6634
13.5921
5.2669
13.5921
8.7499
7.3624
4.8705
3.7661
3.4263
3.7661
4.1059
6.0315
11.6099
6.0315
8.7499
28.6000
32.8475
31.1485
28.6000
8.2685
6.9093
5.6634
7.7871
4.1059
8.2685
8.7499
7.7871
4.8705
3.4263
3.0582
2.7467
3.4263
13.5921
14.3566
3.4263
2.7467
2.4636
3.4263
2.4636
2.4636
2.1804
1.9255
1.9255
3.0582
2.1804
1.9255
2.1804
3.4263
2.4636
2.1804
2.1804
2.1804
2.1804
2.1804
1.9255
1.9255
1.9255
1.9255
1.9255
2.4636
2.1804
1.9255
1.6990
1.6990
1.6990
1.9255
1.6990
1.6990
3.7661
3.7661
6.0315
16.6503
3.7661
4.8705
3.7661
2.4636
1.9255
1.9255
1.6990
1.6990
1.5008
8.7499
5.2669
2.7467
2.1804
1.9255
1.9255
1.9255
1.6990
1.6990
2.4636
1.9255
1.6990
1.6990
1.5008
1.5008
1.5008
1.5008
1.5008
2.1804
1.9822
1.7556
1.9822
2.1804
1.8972
1.7556
1.6707
1.8972
1.6990
1.5291
1.7556
1.9822
1.7556
1.6141
1.6141
2.1804
3.5113
4.8139
3.7095
3.0582
2.8034
3.9360
5.6917
11.6099
6.0315
3.4263
4.8705
7.7871
2.7467
4.1059
4.4741
5.2669
5.2669
8.2685
4.4741
3.0582
3.7661
3.4263
1.9255
2.4636
3.7661
2.7184
2.4069
2.1804
2.7184
2.3786
3.9360
7.0226
5.6917
4.8139
19.7085
5.6634
3.4263
2.7467
3.4263
3.7661
3.7661
12.9125
17.4432
18.9157
7.7871
6.4846
4.4741
8.7499
7.3624
6.9093
8.7499
4.8705
4.1059
8.7499
4.4741
6.4846
6.4846
6.9093
6.4846
9.2879
9.8543
34.5466
34.5466
11.5533
11.5533
11.5533
20.5014
20.5014
11.5533
9.5428
8.4951
12.9974
16.1689
8.4951
7.2208
12.9974
9.5428
16.1689
12.2612
10.8737
6.8244
6.1448
3.9077
2.8883
2.6618
2.4636
2.4636
2.0671
2.0671
1.8972
9.5428
18.7458
4.7006
12.2612
7.2208
3.6246
2.8883
2.6618
6.1448
3.1432
2.6618
2.4636
2.4636
2.4636
2.2653
2.0671
1.8972
4.4174
2.4636
2.2653
2.0671
2.0671
2.0671
2.0671
2.0671
2.0671
2.0671
1.8972
2.2653
2.8883
2.0671
2.0671
2.0671
2.6618
2.4636
2.0671
2.4636
2.0671
1.8972
1.8972
1.8972
1.8972
2.0671
2.2653
1.8972
1.6990
1.8972
4.7006
4.1626
4.9554
4.1626
3.1432
4.4174
2.6618
2.2653
2.0671
2.8883
10.8737
6.4846
4.9554
4.4174
4.1626
4.1626
3.3697
2.6618
2.2653
2.4636
2.2653
2.0671
4.7006
2.2653
2.0671
2.0671
1.8972
1.8972
1.3026
3.1149
1.6707
1.3592
1.3026
1.9255
5.2669
2.1804
1.5008
1.3592
1.4442
3.7661
2.2653
1.6707
11.0436
5.2669
7.2774
3.5113
4.4741
7.8438
3.0299
2.0105
1.7556
2.2653
1.6141
2.1804
3.1149
1.8972
1.5857
1.6141
2.7467
3.5113
2.9733
3.7661
1.9822
1.5857
2.0105
16.1972
11.7515
3.0582
6.7394
3.1998
2.2370
1.8972
1.7556
1.6707
1.5857
1.5008
1.5857
3.7661
2.8883
5.2669
3.1149
3.1149
4.4741
7.8438
6.2297
3.7661
2.8600
11.7515
7.2774
2.7467
2.3786
2.3786
2.0105
3.5113
3.7661
4.8705
11.7515
9.6277
7.8438
4.4741
14.6681
21.9172
9.0331
3.7661
2.0671
1.6990
1.5291
1.4158
1.3592
1.3026
1.6990
10.3356
20.1616
4.1059
1.8972
1.5008
1.3592
1.4158
1.3592
1.3026
1.4442
2.0105
2.5485
13.1957
20.1616
18.5759
13.1957
27.1559
14.6681
8.4101
7.2774
10.3356
22.7667
22.7667
22.7667
22.7667
22.7667
22.7667
22.7667
22.7667
22.7667
22.7667
22.7667
22.7667
5.6917
5.6917
5.6917
5.6917
5.6917
3.7095
3.7095
1.7556
1.7556
1.7556
1.7556
1.7556
1.7556
1.7556
1.7556
1.7556
1.7556
1.7556
1.7556
1.7556
1.7556
1.8972
1.8972
1.8972
1.5857
1.5857
1.5291
1.5291
1.5291
1.5291
1.5291
1.5008
1.5008
1.5291
1.5008
8.2685
16.0273
3.0582
3.7661
2.9450
2.4636
2.0671
1.8972
1.7840
1.6990
1.6990
1.6707
1.6141
1.5857
1.5857
4.9554
2.7467
1.9255
1.6990
2.0671
2.8883
1.8972
19.1988
5.7766
2.5768
1.9822
2.1521
7.0226
12.6293
17.1600
3.9077
13.3656
2.6618
1.9822
1.6990
1.5291
2.2653
2.3786
1.6707
1.5008
1.4158
1.3026
1.3026
1.2743
1.2176
1.2743
1.2176
1.2176
1.2176
1.1893
1.1327
1.1327
1.3592
1.6707
2.7467
3.5113
2.4069
1.5008
1.3026
1.4442
1.7556
1.3592
1.9255
3.9077
2.1804
1.6707
1.4442
1.3026
1.2743
1.2176
1.2176
1.2176
1.2176
2.8883
1.3592
1.2176
1.1893
1.1327
1.1327
4.9838
6.1448
1.6990
2.0954
4.3325
20.0766
3.8511
5.2669
3.4547
2.1521
3.2848
3.2848
3.2848
2.1804
1.5291
1.9255
1.3026
1.3026
1.3026
1.3026
1.3026
1.3026
1.3026
7.0226
7.0226
7.0226
7.0226
7.0226
7.0226
7.0226
3.0582
3.0582
3.0582
3.0582
22.7667
22.7667
22.7667
22.7667
22.7667
2.6335
2.6335
2.6335
2.6335
2.6335
2.1804
2.1804
2.1804
2.1804
2.1804
2.1804
2.1804
2.1804
2.1804
2.1804
1.3026
1.3026
1.3026
1.3026
1.3026
1.3026
1.3026
5.2669
5.2669
5.2669
5.2669
5.2669
5.2669
2.6618
6.0315
6.9093
5.9182
18.9157
15.4610
21.0677
42.7584
29.4495
17.3582
11.8364
9.1463
9.2030
4.0210
3.4263
2.6618
2.4636
2.1521
3.1432
4.7006
2.4069
4.0776
2.7184
2.4636
2.0954
1.6990
1.5291
1.5008
1.7556
7.5040
2.5768
1.9255
1.7556
1.6141
20.5863
8.0137
2.9733
2.4069
2.4069
2.8883
7.7588
12.9125
12.4028
15.9141
15.7725
25.0038
14.0168
12.9974
9.4295
3.6812
2.9733
3.4263
2.6618
2.1521
1.9822
1.9822
1.7840
1.6707
1.9822
1.6141
1.5857
1.5291
1.5291
1.5291
1.5008
1.4442
1.4158
2.5485
3.1149
4.5024
2.4069
1.7840
1.6141
1.5857
1.8972
2.0954
1.6141
1.4442
1.3592
1.3026
4.2475
2.1804
1.6707
1.6141
2.5768
2.4069
3.1998
2.1804
4.1059
4.8139
9.3729
2.8034
2.0671
1.8972
1.6707
1.6707
1.5008
1.5857
1.6990
1.5291
2.0954
2.7184
2.0671
2.0105
9.4295
12.7143
3.1149
2.1521
5.9465
2.4919
2.4069
1.9822
3.0299
3.6812
4.1626
7.4473
4.4741
2.8883
2.2370
1.8972
1.6990
1.6707
3.3414
3.3414
26.6745
11.8648
3.6812
2.3786
2.2653
2.2653
1.9822
2.3220
1.7840
1.6141
1.6141
1.5008
1.4442
1.3592
1.3026
1.2743
1.2176
1.2176
1.2176
1.1893
1.1893
1.1327
1.1327
1.1327
1.1327
1.1327
1.1044
1.1044
1.0477
1.0477
1.0477
1.0477
1.0477
1.0477
1.0477
1.0477
1.7556
2.7467
2.1804
1.5008
1.2176
1.1893
1.3026
2.6618
23.6446
17.9529
17.9529
17.9529
17.9529
17.9529
17.9529
17.9529
17.9529
17.9529
17.9529
17.9529
3.3414
2.7184
2.2653
2.0954
5.0687
20.3315
8.6650
4.8705
2.8883
2.8883
2.4069
2.0671
1.8972
1.7556
1.6990
1.6707
1.6707
1.6707
2.3220
1.8972
1.6707
1.7556
1.6141
1.5291
1.5291
1.5291
1.5291
1.5008
1.5008
1.6141
2.1521
14.1584
4.5873
2.7184
2.2370
1.8972
1.9822
1.7556
1.6990
1.7840
1.6707
1.5857
1.6141
1.7556
5.3519
8.8065
6.7960
3.4547
6.9093
3.3414
2.2653
2.0105
1.7840
1.6990
1.6990
1.6141
1.5857
1.5291
1.5291
1.5008
3.1998
4.3891
3.1998
7.9287
14.5832
2.9733
2.2370
14.3283
17.8396
28.2885
6.3430
2.4919
1.9255
1.7840
1.6707
3.6812
2.3786
1.7840
1.5291
1.4442
1.3592
1.3026
1.2176
1.3592
1.3026
1.2176
7.2208
3.5396
2.4069
2.9450
2.1521
1.6990
1.6707
1.5291
1.4442
7.5040
21.1527
12.5727
3.1149
2.2653
3.0299
3.0582
2.0671
11.3551
9.8543
5.5501
4.9838
2.7184
2.0954
2.2370
1.7556
1.7556
2.2653
2.9450
3.3414
2.2370
1.8972
1.6707
1.5291
1.4442
1.4158
1.3592
1.4158
1.3026
1.3026
1.3026
1.3592
1.3026
1.3026
1.2176
1.2176
1.2176
1.3592
1.8406
2.0954
2.4636
2.6618
1.6707
2.0954
24.4091
12.6293
13.2806
24.4374
24.4374
22.9650
10.3923
5.5218
13.4505
17.9246
8.1553
3.3414
2.5768
12.9125
4.8139
9.6844
4.0210
2.5768
2.0954
4.3325
2.8034
6.6545
10.6471
4.2192
5.4368
2.8034
2.2370
2.0105
1.8406
1.7840
1.7556
1.8972
2.3786
1.9255
2.0105
2.1804
1.8972
1.6990
1.6990
1.6141
1.5291
1.4442
1.4158
1.4158
1.3592
1.3026
1.2743
1.2743
1.2743
1.2743
1.2176
1.2176
1.2176
1.2176
1.2176
1.4158
1.2743
1.2176
1.2176
1.2176
1.1893
1.1893
1.1893
18.2644
27.6372
9.6844
3.9360
2.5768
6.0032
2.5768
1.9822
1.7556
1.5857
1.5008
1.5008
1.5857
2.7184
1.7556
1.5008
2.0671
1.6707
1.5291
1.4158
1.7840
1.7840
1.4442
1.5857
1.5857
1.4158
1.2743
1.2743
1.2176
3.6812
1.9255
1.6707
1.5008
1.9255
2.3786
2.6335
2.0954
2.2653
2.8034
2.2653
1.7556
1.5857
1.5008
1.3592
1.2743
1.2743
1.2176
1.2743
1.2176
1.3592
1.0194
1.1893
1.5008
1.1044
1.0477
1.0194
1.1044
1.0194
2.5768
10.9020
6.9659
6.1731
2.9450
1.9255
2.9450
3.8228
9.4295
2.6618
2.7467
3.3414
2.8883
5.0404
2.1521
1.9255
1.9822
1.9255
1.8972
2.0105
3.4263
2.0671
1.6707
1.4442
1.2743
1.2176
1.1893
1.2743
1.1893
1.9255
1.5008
1.1327
1.1044
4.8988
1.7556
1.8406
1.3026
1.1893
1.1327
1.0477
1.0194
0.9628
11.7515
22.1155
5.3802
2.2653
1.9255
1.6141
1.4158
1.2176
8.9481
2.5485
1.9255
2.5768
1.7556
1.5857
1.3592
1.2176
1.1327
1.1044
1.0477
1.0194
1.0194
4.9838
4.4741
8.5517
9.5994
4.2475
2.1804
2.0671
3.6246
1.7556
1.4442
1.3026
1.2176
1.1327
1.1044
1.1044
1.0194
1.0194
0.9628
0.9628
0.9628
0.9628
2.1804
3.3697
3.9077
2.8034
2.1804
1.9255
2.5768
11.4400
10.2507
8.8349
3.6246
12.4028
16.0840
4.2192
2.8034
2.0954
1.7556
1.5857
1.5291
1.7840
1.8406
1.3592
1.2176
1.1327
1.1327
1.1044
1.0477
1.0194
1.0194
0.9628
0.9628
0.9628
0.9628
0.9628
0.8778
0.8778
0.8778
0.8778
0.9628
11.7515
3.9927
17.6414
7.0226
3.4547
2.0105
1.6141
1.4158
1.2743
1.2176
1.1327
1.1044
1.0477
1.0194
1.0194
0.9628
0.9628
0.9628
0.9061
0.9628
0.8778
0.8778
0.8778
1.0477
0.8778
0.8778
0.8212
0.8212
0.7929
0.7929
0.7646
0.7646
0.7646
0.7646
0.7646
0.7362
0.7362
0.7362
0.7362
1.1044
3.9360
6.0315
16.2539
3.8228
2.6618
8.9764
13.8469
42.4753
33.4139
23.7295
7.8438
1.1893
1.1893
5.5218
3.6812
2.0954
1.9255
2.1804
2.4069
2.7467
2.7184
2.0671
1.7556
1.5857
1.3592
1.3026
1.1893
1.1893
1.1327
1.1327
1.1044
1.0477
1.0194
1.4158
1.1327
1.0194
0.9628
0.9628
8.8915
17.4432
5.0687
2.3786
1.7840
1.5857
1.5857
4.3325
2.7467
1.9255
2.4919
5.2953
4.7855
2.7467
2.6335
3.1432
4.0210
3.0582
5.5218
5.4652
2.5485
2.0954
1.8406
1.7556
1.5291
1.4158
1.6707
3.8511
2.5485
1.8406
1.6141
1.4158
1.6990
3.1432
1.8972
1.5008
1.3026
1.3026
1.1893
1.1893
1.4442
1.2176
1.1327
1.1044
1.0477
1.0477
1.0194
1.3026
1.1327
1.1893
1.1044
1.8406
1.9255
1.4158
1.6990
4.3891
1.9255
1.4158
1.2176
1.1327
1.0477
1.0477
1.0477
1.3026
1.9822
1.5008
1.1893
1.0477
1.0477
0.9628
1.1044
2.0671
1.1893
1.0477
0.9628
0.9628
0.9061
0.9061
0.8778
0.9061
1.9822
2.0105
1.6707
1.1893
1.4158
3.1998
4.1059
1.6141
1.3026
1.2176
1.1327
1.0477
1.0194
0.9628
0.8778
1.3592
1.0194
0.8778
0.8778
0.8778
0.8778
1.0194
0.8778
0.8495
0.8778
8.4667
1.8972
1.3026
1.1044
1.0194
0.9628
0.9628
5.7766
1.9255
1.3592
1.1893
1.2743
1.0477
0.9628
0.9628
3.1998
2.8883
1.2743
1.0477
0.9628
0.9061
0.8778
0.8778
0.8495
0.8495
0.8495
0.8212
0.8212
0.8212
0.8212
0.8212
1.1044
0.9628
1.5857
1.1044
0.9628
0.8778
0.9061
1.2176
0.9061
0.8778
1.2176
1.1327
0.9061
0.8495
0.8495
0.7929
0.7646
0.7646
0.7646
1.3592
1.2176
1.1327
1.0477
1.2176
1.3026
1.1327
1.1327
1.1044
0.9628
0.9061
0.8778
0.8495
0.8495
0.8495
0.8495
0.8212
0.8495
0.8212
0.7929
0.7929
0.8495
1.3592
1.6141
15.5459
3.3697
1.7840
1.5857
1.2176
1.1327
1.1893
1.0477
1.0194
1.1327
1.0194
0.9628
1.0477
0.9628
0.9628
0.8778
0.8495
0.8212
0.7079
11.0436
37.9446
3.4263
3.1432
2.0954
2.3786
1.7556
1.2743
1.0477
0.9628
0.8778
0.8778
0.8212
0.7929
0.7929
0.7646
0.7362
0.7079
0.6796
0.6796
0.6796
1.0477
0.8778
0.7362
0.7079
0.6796
0.7362
0.9628
1.1044
0.8495
0.7929
0.7362
1.4158
0.9628
0.8495
0.7929
0.8212
14.3566
27.9487
5.5218
2.7467
7.1358
6.9659
4.8705
2.2370
1.9255
1.5291
3.3414
1.7556
1.3026
18.7174
45.5901
12.0063
4.1059
2.9733
3.1998
4.5024
2.8883
4.8705
2.3220
1.6707
1.8406
1.3592
1.1893
1.0477
1.0477
1.0477
1.6707
5.0404
5.3519
4.7006
4.5873
3.0299
7.0226
7.3057
2.9733
2.3220
4.3891
2.2370
1.6707
1.4158
1.2743
1.1893
1.0477
0.9628
0.9061
0.8778
0.8778
0.9061
0.8495
1.0477
0.8778
0.7929
0.7929
2.5768
2.1804
1.0477
0.8778
0.7929
0.7929
0.7929
0.7362
0.7362
1.2743
0.7929
0.7362
0.7362
0.6796
1.0477
2.7467
3.1149
21.5208
37.3782
22.7384
17.4715
7.6172
10.8737
3.2281
2.2370
2.4636
2.6335
2.2653
2.8883
9.9109
3.1149
2.2370
1.7556
1.5008
1.3026
7.1358
19.0006
5.2103
3.6812
4.7289
2.4069
3.9360
2.4069
1.7556
1.5008
1.4158
1.3026
1.3026
1.2743
1.2176
1.2743
1.5857
1.8406
2.7467
3.9077
1.6990
1.4442
1.4158
1.3592
1.2176
1.1893
1.1893
1.1893
1.9822
1.9255
3.5113
3.8511
3.8511
5.2103
2.9733
1.9255
1.6141
1.5857
1.8406
1.4442
1.3026
1.5857
1.4158
1.3026
1.3026
1.3026
1.3592
2.2653
2.0954
1.6707
2.3220
2.0671
1.5291
1.4158
2.5768
1.8406
6.1448
3.7095
8.3535
14.2434
18.8307
7.4473
5.8616
2.9450
3.5962
3.7661
3.4263
7.8721
4.5590
2.6335
2.0105
1.8972
1.9822
1.6707
1.5291
1.5008
1.5857
6.5695
2.4636
1.8406
1.5857
2.2653
3.1998
2.4069
1.7556
1.7556
1.5008
1.6141
1.6990
2.4636
3.1432
6.4846
15.0362
13.5921
31.9980
7.6172
3.1998
2.3786
2.0954
1.7840
1.6141
1.5008
1.4158
1.3026
1.2743
1.2743
1.1893
1.1893
1.1893
1.5008
1.3026
1.1893
1.1893
2.6335
3.7661
6.4279
3.9927
9.2313
2.8034
2.6335
3.1149
8.5800
4.3891
2.5485
1.9822
1.7556
1.5857
4.4741
3.3414
1.8972
2.0954
2.8600
8.4951
5.0404
2.8600
3.6812
3.5962
2.4069
1.8972
1.7556
1.5857
12.8275
9.6844
4.6440
3.8511
2.7184
2.0671
1.7840
4.2475
6.7394
3.1432
3.1149
2.1804
1.7840
1.6707
1.5291
3.4547
1.6707
1.5008
1.4158
1.3026
1.3026
1.3026
1.2743
1.2176
1.1893
1.1893
1.1893
1.1327
1.0477
1.0477
1.0477
1.0477
1.1893
1.0477
1.0194
1.0194
0.9628
0.9628
0.9628
1.0194
0.9628
0.9061
0.9061
0.9628
1.1893
5.8333
2.2653
2.1804
3.1149
1.9255
6.5695
4.3325
1.1893
6.6261
1.7556
1.5008
1.7840
1.3592
1.3026
1.3026
1.1893
1.1327
1.1044
1.0477
1.0194
1.0477
1.0477
1.0477
1.3026
1.2176
1.2743
1.0477
1.1044
1.3592
1.1327
1.0194
0.9628
0.9061
0.9628
0.9061
1.3592
1.0194
1.0477
1.0477
1.0477
1.1044
76.7387
32.8475
32.8475
17.4432
12.0063
17.1600
26.4479
14.2717
3.8228
3.6246
3.3414
2.9450
2.8034
5.5501
6.7394
2.8034
2.0105
4.4741
6.5695
2.3786
1.7556
1.5008
1.3592
1.2743
2.3786
1.4158
1.3026
1.3026
1.2743
1.2176
1.7556
5.6634
3.2848
2.0671
2.4069
5.8616
3.4263
2.8600
3.7095
3.1149
2.8034
2.1521
4.5873
2.2370
1.6990
1.5008
1.3592
1.2743
1.1893
1.1327
1.5857
13.2240
2.7184
1.7556
1.6707
3.9077
1.6707
1.4158
1.3026
1.7840
7.9287
4.0210
2.0954
1.6707
1.5291
2.0671
1.3026
1.2743
1.1893
1.1327
1.1044
1.1327
3.5962
4.5590
4.3891
2.4636
1.7556
1.5008
3.2848
2.9733
3.5113
1.8406
1.5008
1.3026
1.9255
2.2370
1.3026
1.1893
1.1044
1.0477
1.0194
0.9628
0.9628
0.9061
0.9061
0.9061
0.8778
0.8778
0.8778
4.2192
3.9077
2.1804
2.5768
10.3073
14.8947
9.1463
3.6812
6.3430
3.1998
2.3220
5.9465
2.4069
1.7556
1.5857
3.0299
2.0671
2.3220
1.9822
2.2653
8.7499
4.2192
16.4804
4.9838
7.0226
7.6172
8.1553
5.3802
3.1149
2.3786
2.1804
2.0954
1.8972
1.5291
1.4158
1.3026
1.1893
1.2743
5.5501
1.8972
1.6990
2.4069
3.8228
1.6141
1.3026
1.4158
1.6141
1.2176
1.1893
2.2370
1.7840
2.0105
2.8034
8.8349
3.6246
2.2370
2.1804
1.7840
1.8972
1.5291
1.3026
1.2176
1.2176
1.2176
1.2176
1.2176
1.1044
1.1327
1.0477
0.9628
0.9061
0.8778
0.8495
0.8212
0.8212
0.8212
0.8212
0.8212
1.2743
0.8212
0.8212
0.8212
0.8212
9.9392
2.1804
1.6707
1.4442
1.4158
1.2176
6.3430
2.5768
1.4158
1.4158
1.4158
1.2743
6.6261
11.5533
2.8600
1.7840
1.5857
1.2743
1.4442
1.6141
1.1893
1.9255
1.6141
3.8511
2.1804
1.4442
1.2176
4.7855
21.4075
3.0582
2.0671
1.6141
1.2743
1.1893
1.1044
1.0194
0.9628
0.9061
0.9061
0.9061
0.9061
1.0477
0.9061
0.8778
1.6707
17.6131
39.6436
11.1568
49.5545
36.2456
29.4495
16.4238
12.5160
4.6440
8.6366
22.4269
19.7935
5.9465
3.1998
6.4846
5.9465
3.1149
2.4919
2.0105
1.7840
1.6141
1.5008
1.4158
1.3026
1.5008
4.5873
1.6990
2.2370
1.5008
1.3026
1.2176
1.1893
1.3026
1.1327
1.1327
1.1327
1.2176
3.2281
5.5501
1.7840
1.4442
1.8972
1.9822
1.4442
1.3026
1.2743
1.2743
1.3026
1.2176
1.1327
1.1327
1.1327
1.1044
1.1044
1.1044
1.1044
1.1327
1.0477
1.0477
1.0477
1.0194
1.0194
0.9628
0.9628
1.2743
1.3026
1.7556
4.9554
13.2806
25.1454
51.2535
6.0315
4.7006
4.3891
2.6335
2.6335
2.1804
4.0210
3.5113
6.1731
8.4101
14.4982
17.4432
3.5113
2.4636
1.9822
1.8972
1.6141
1.5008
1.4442
1.3026
1.3592
1.3026
1.5008
4.3325
2.0954
2.2370
1.5008
1.4158
1.3026
1.2743
1.2176
2.1804
5.8333
2.1804
1.9822
1.8406
2.1521
6.2580
2.9733
2.1521
2.0954
1.8972
1.6141
1.5008
1.4158
1.3592
1.3026
1.3592
1.3592
1.3592
1.3026
1.2743
1.2743
1.2743
1.5857
1.9255
1.7556
1.3592
1.3026
1.4442
5.9182
3.3414
1.7840
1.5291
1.4158
1.3592
1.3026
1.3026
1.3026
6.8810
4.4741
2.1521
1.9822
4.9554
9.3446
3.0582
2.0105
1.8406
1.6707
3.8228
34.8297
24.1260
3.6812
2.4636
2.4069
2.2653
2.0105
1.9255
2.1804
1.8972
1.6707
1.5291
1.5008
1.4442
12.1762
4.3325
2.4069
1.8406
1.6990
1.8972
1.7840
1.5857
2.4069
2.8600
1.8406
1.6141
1.5857
1.5291
1.8406
4.8139
3.2281
2.0105
2.0105
2.7184
1.9255
1.9822
1.9255
1.6990
1.6707
1.5008
1.5008
3.3414
1.5857
1.5008
1.4442
1.4158
1.4158
1.4158
1.6141
1.4158
1.7556
2.2653
1.5008
1.4442
1.9822
3.8511
5.5218
2.8883
1.8406
1.5291
1.5857
1.7556
1.4158
1.3592
1.2743
1.1327
1.1044
1.1044
1.1044
1.0477
1.0477
1.0477
1.0194
0.9628
1.4158
1.4158
1.3026
1.1893
1.1893
1.1893
1.1327
1.1327
1.1327
1.3026
1.5008
1.1893
1.1327
1.1044
1.3592
1.1893
1.5008
1.2176
1.2176
1.5857
1.2743
1.1327
1.5008
1.5291
2.5485
2.2653
1.4158
1.6990
1.2743
1.1327
5.5218
4.3891
1.8972
2.0954
1.3592
1.1893
1.1327
1.6141
1.9255
1.5008
1.1893
1.1044
1.1044
1.1044
1.0477
1.0477
1.0477
1.0477
1.1893
1.1044
1.1044
1.0477
1.0477
1.0194
1.0194
1.0194
1.0194
1.0194
1.3026
1.8406
1.7556
1.5857
2.2370
2.0105
1.5857
1.6990
5.3519
2.2370
2.2370
2.0954
2.2370
1.6990
1.5008
1.4158
1.5008
1.5008
1.8406
1.7556
3.9927
2.2370
4.8139
4.2192
2.4919
3.1149
8.3252
4.3042
2.2653
2.0105
1.6990
1.5291
1.4158
1.6707
10.4206
19.0856
4.9554
2.7184
2.4069
2.0105
2.4069
3.6246
2.8883
2.2370
7.3624
2.7184
2.0105
2.2370
3.7661
3.3414
2.1804
1.8406
1.5857
1.5857
2.0671
1.5291
1.4158
1.4158
1.8972
1.4158
1.3592
1.2743
1.4158
1.4158
1.8972
14.0168
5.6634
9.4578
3.5396
2.2653
2.0954
2.1804
2.4636
2.4919
4.8988
5.6634
14.2434
26.8161
7.6172
5.4652
5.1820
10.0808
8.4667
11.0436
5.4652
5.1820
3.3414
2.6335
3.5113
2.8883
2.1804
1.8972
3.7095
3.3414
5.7766
2.7184
2.0671
1.8406
1.6990
1.5857
1.5291
1.5008
1.4442
1.9255
1.8406
1.5008
2.1521
3.3414
1.8406
1.5291
1.4158
1.8406
12.7992
11.3834
3.5396
2.2653
2.0671
3.0299
2.4919
2.8883
3.1432
12.5727
21.5491
3.3414
12.2612
12.4877
17.8396
4.8705
4.3042
9.8543
14.5549
9.2313
4.8705
15.9424
14.7248
6.5695
42.1921
9.5994
4.8705
3.3414
2.7184
6.8810
2.8883
2.7184
2.7184
2.8883
2.1804
1.9255
4.5873
6.3147
2.4919
7.8721
7.8721
7.8721
4.8705
3.7661
3.3414
2.4919
3.1149
2.3786
2.0954
2.2653
2.0105
1.8406
1.6990
1.6707
1.6707
1.6141
2.5485
2.0105
1.6990
1.5857
1.5291
1.5008
1.4442
1.4158
1.4158
1.4158
1.4158
1.3592
1.3592
2.1804
3.1149
11.4400
15.2345
1.1327
1.1327
1.1893
1.1893
1.1044
1.1044
1.1044
1.1044
1.1893
1.1327
1.1044
1.1044
1.1044
1.1044
1.1044
1.1893
1.7556
2.2653
2.3220
2.4069
2.3220
2.1804
2.8034
1.9255
1.5008
1.8972
1.6990
1.8406
1.5291
1.5291
1.4442
1.6707
1.4442
1.2743
1.1893
1.1327
1.1044
1.1044
1.0477
1.0477
1.0477
1.0477
1.0194
1.0477
1.0194
1.0194
1.1044
1.9255
13.9602
3.2281
1.8406
1.5008
1.3026
13.5921
12.1762
2.8883
3.9360
3.1149
4.3325
2.4636
2.4919
2.3786
2.0954
1.7556
1.5008
1.4158
1.3026
1.3026
1.2176
1.1893
1.1893
1.1044
1.1044
1.3592
12.6576
13.1390
13.1390
2.6335
2.6335
2.6335
2.6335
1.9255
1.9255
1.9255
1.9255
1.6990
2.2370
3.0299
3.3414
4.8705
9.6277
9.6277
15.7725
15.7725
15.7725
3.0582
3.0582
3.0582
1.5008
1.5008
1.5008
1.5008
1.4158
1.4158
1.4158
1.4158
1.4158
6.1448
6.1448
4.0210
3.6246
5.1820
4.8705
5.8333
5.6634
4.8705
4.5024
5.1253
8.8915
4.0210
3.3414
3.1149
5.8616
4.4174
2.7184
2.2653
2.3786
1.8406
1.6990
1.5857
1.6707
2.3786
3.8511
2.0671
2.7184
2.1521
1.8406
1.6707
1.6707
1.5008
1.5857
2.2370
5.1253
3.2281
2.7184
2.3786
1.8406
1.6141
5.7483
4.8988
1.8406
1.6990
2.1521
6.3430
5.2669
18.4060
18.4060
18.4060
18.4060
2.7184
2.2653
1.8406
1.6707
1.5291
1.4158
1.3026
1.2743
1.4158
2.0954
1.7556
1.3592
1.4158
3.3414
3.8228
2.1804
2.7467
2.0105
1.6990
4.5590
3.7661
2.7184
2.0105
