0.0311
0.0227
0.0170
0.0170
0.0170
0.0142
0.0142
0.0142
0.0142
0.0142
0.0142
0.0142
0.0142
0.0170
0.1388
0.0227
0.0227
0.0142
0.0142
0.0227
0.1019
0.0311
0.0311
0.0623
0.4531
0.0142
0.0566
0.1133
0.0566
0.0425
0.0566
0.0623
0.0510
0.0623
0.0425
0.0340
0.0283
0.0227
0.0227
0.0170
0.0170
0.0170
0.0227
0.1246
0.0425
0.0311
0.0283
0.0227
0.0170
0.0170
0.0170
0.0142
0.0142
0.0142
0.0170
0.0170
0.0142
0.0170
0.0142
0.0113
0.0142
0.0142
0.0283
0.0425
0.0623
0.8212
0.0708
0.0566
0.0453
0.0311
0.0368
0.0566
0.0368
0.0311
0.0283
0.0227
0.0227
0.0283
0.0283
0.5097
0.1388
0.0566
0.0566
0.0566
1.4158
1.4158
1.4158
7.3624
0.7079
0.7079
1.4158
1.4158
0.1133
0.1133
0.1133
0.1133
0.1019
0.0906
0.0793
0.0793
0.1246
0.1699
0.1699
0.1926
0.2832
0.2492
0.1926
0.1529
0.1133
0.1019
0.0906
0.0906
0.0793
0.0793
0.0708
0.0708
0.0708
0.0623
0.0623
0.0623
0.0623
0.1756
0.2832
0.3964
0.2492
0.1019
0.0793
0.0708
0.0708
0.0708
0.0623
0.0566
0.0566
0.0566
0.0566
0.0510
0.0510
0.0510
0.0510
0.0510
0.0510
0.0623
0.3398
0.2832
0.1388
0.0906
0.0906
0.0906
0.1133
0.0793
0.2832
0.0263
0.0311
0.0340
0.0311
0.0311
0.2549
0.0623
0.0396
0.0396
0.0340
0.0311
0.0566
0.0396
0.0311
0.0263
0.0263
0.0263
0.0263
0.0218
0.0311
0.0453
0.0311
0.0311
0.1019
0.0566
0.0340
0.0311
0.0538
0.0623
0.0453
0.0340
0.0311
0.0263
0.0263
0.0263
0.0218
0.0340
0.2379
0.0623
0.0623
0.0481
0.2577
0.1133
0.0651
0.0453
0.0340
0.0311
0.0263
0.0263
0.0263
0.0218
0.0263
0.0481
0.0453
0.1189
0.0538
0.0340
0.0311
0.0263
0.0263
0.0218
0.0218
0.2549
1.4442
0.7079
0.3115
0.3681
0.1756
0.1274
0.0538
0.0538
0.0538
0.0538
0.0538
0.0793
0.1133
0.0878
0.0878
0.0934
0.0708
0.0623
0.0538
0.0651
0.2633
0.1048
0.0793
0.1133
0.1586
0.1756
0.2379
0.7079
0.3115
0.2832
0.1444
0.1416
0.1218
0.3115
0.7362
0.8212
0.2832
0.4248
0.7079
0.2775
0.2180
0.4814
0.8212
1.6707
2.2370
1.8406
1.5008
0.7362
0.5663
0.7362
0.6796
0.4531
0.3964
0.3398
0.3115
0.3115
0.2633
0.2322
0.2095
0.1982
0.1841
0.1756
0.1586
0.1501
0.1444
0.1444
0.1416
0.1416
0.1359
0.1274
0.1274
0.1529
0.1274
0.1104
0.1048
0.0963
0.0934
0.0934
0.0934
0.0934
0.0821
0.0821
0.0878
0.0821
0.0821
0.2718
0.1133
0.0878
0.0821
0.0793
0.0708
0.0708
0.0708
0.0708
0.1359
0.1926
0.5663
0.2152
0.4248
0.6513
1.5857
1.1893
0.3681
0.2322
0.1756
0.1416
0.4248
1.6707
0.4814
0.3681
0.3964
0.8495
0.5097
0.7646
0.5380
0.3398
0.2379
0.1926
0.1841
0.1699
0.0708
0.1218
0.0934
0.0623
0.0538
0.0538
0.3115
0.1104
0.0708
0.0566
0.0538
0.1359
0.1133
0.0793
0.3964
0.2832
0.3398
0.1926
0.1019
0.1133
0.0963
0.0708
0.0623
0.0793
0.0793
0.0651
0.2549
0.1019
0.0708
0.0623
0.0736
0.0878
0.1189
0.2237
0.1104
0.0708
0.0623
0.7079
1.5291
0.2832
0.4531
0.3115
0.1897
0.1444
0.1218
0.1048
0.0963
0.0934
0.0878
0.1019
0.1529
0.1104
0.1303
0.1444
0.2549
0.5380
0.4531
0.2095
0.1416
0.6230
0.5663
0.2095
0.1501
0.1897
0.1416
0.1274
0.2180
0.1897
1.0477
0.7079
0.8212
0.3115
0.3115
1.4158
1.1327
0.5097
0.3115
0.2464
0.2095
0.1841
0.1699
0.1501
0.2152
1.8406
3.1432
1.1893
0.6230
0.4814
0.3964
0.3398
0.3115
0.2803
0.2549
0.2464
0.3115
0.9628
1.9822
1.7556
0.8212
0.9628
1.4158
1.2176
0.8778
0.8212
1.0477
4.5873
5.6067
5.5218
2.5768
1.3026
1.2176
2.1804
1.0477
0.8212
0.6796
0.5947
0.6796
0.6796
0.9628
0.6796
0.5097
0.8495
0.7362
0.6796
0.5380
0.4531
0.4248
0.4531
0.3964
0.3681
0.3398
0.3115
0.2832
0.2775
0.2718
0.2492
0.2407
0.2379
0.2237
0.2265
0.2775
0.2237
0.3115
0.9628
0.4248
0.2832
0.2464
0.2180
0.2010
0.1926
0.1841
0.3115
1.3026
0.4248
0.3964
0.3398
0.3115
0.2407
0.2152
0.1982
0.1841
0.1784
0.1671
0.1586
0.1529
0.1501
0.2237
0.2379
0.1841
0.1529
0.1444
0.1529
0.1614
0.7929
0.5663
0.2775
0.1841
0.1699
0.3115
0.5380
0.8212
0.3681
0.7362
0.2718
0.0793
0.0481
0.0340
0.0340
0.1529
0.0708
0.0481
0.0340
0.0311
0.0263
0.0263
0.0263
0.0218
0.0218
0.0218
0.0218
0.0218
0.0218
0.0176
0.0176
0.0176
0.0176
0.0263
0.1529
0.0566
0.0340
0.0263
0.0878
0.0793
0.0481
0.1218
0.0963
0.0736
0.0538
0.0340
0.0311
0.0263
0.0263
0.0218
0.0218
0.0218
0.0218
0.0263
0.0218
0.0218
0.0218
0.0218
0.4248
0.1048
0.0538
0.3115
1.5008
0.3681
0.1303
0.1359
0.0793
0.0566
0.0481
0.0453
0.0453
0.0340
0.0340
0.1104
0.0623
0.0453
0.0340
0.0311
0.0263
0.0263
0.0396
0.6230
0.4531
0.3115
0.1218
0.8495
0.4531
0.1841
0.1189
0.0963
0.2067
1.7556
1.5857
2.0671
1.4158
0.4531
0.3681
0.2775
0.2237
0.1897
0.1614
0.1444
0.1303
0.1133
0.1048
0.1048
0.1274
0.1048
0.0934
0.0878
0.0793
0.0793
0.0736
0.0708
0.0708
0.0651
0.0623
0.0651
0.0651
0.0708
0.0708
0.8495
0.6796
0.3115
0.2010
0.5380
0.6796
0.6230
1.0477
0.7362
1.5008
2.6335
2.8034
1.6141
0.8778
0.5380
0.4248
0.3398
0.3115
0.2832
0.2464
0.2265
0.2803
0.5380
0.2832
0.3681
0.3115
0.2095
0.1756
0.1586
0.1529
0.1416
0.1303
0.1614
0.2010
0.1444
0.1218
0.1189
0.8212
0.5663
0.2832
0.2464
0.2010
0.2010
0.1841
0.3398
0.7929
1.1044
1.4158
0.6513
0.4248
0.3964
0.3115
0.2549
0.2095
0.1841
0.1841
0.1671
0.1529
0.1444
0.1359
0.1303
0.1416
0.1359
0.1189
0.1133
0.1104
0.1019
0.1019
0.0963
0.0934
0.0538
0.1303
0.4248
0.2095
0.0934
0.0708
0.0566
0.0566
0.0623
0.0566
0.0538
0.0481
0.0453
0.0453
0.0736
0.0651
0.0538
0.0481
0.0538
0.1897
0.2832
0.1019
0.2095
0.6230
0.2265
0.1104
0.0878
0.0793
0.0708
0.0623
0.0566
0.0538
0.0538
0.0538
0.0934
0.1444
0.0793
0.3681
0.8778
0.2492
0.1303
0.3681
0.2407
0.3681
0.2322
0.1501
0.2549
0.4814
0.7362
0.4814
0.4531
0.3115
0.1784
0.1416
0.1189
0.1104
0.1218
4.7289
1.8972
0.6230
0.3964
0.3115
0.2492
0.2180
0.1982
0.1756
0.1614
0.1416
0.1303
0.1218
0.1189
0.1104
0.1048
0.0963
0.0934
0.0878
0.0878
0.0821
0.0793
0.0793
0.0793
0.0793
0.0736
0.0708
0.0708
0.0708
0.0708
0.0651
0.0651
0.0651
0.0651
0.0623
0.0623
0.0708
0.2803
0.2549
0.1104
0.0736
0.0651
0.0651
0.1671
3.6246
8.6366
8.8915
1.5857
7.5889
2.0954
1.6707
2.7184
1.2176
2.1804
1.5857
0.8212
0.7646
0.5380
0.4814
0.7362
0.8495
2.0954
1.4442
0.6796
0.4814
1.9255
0.7646
0.5380
0.4248
0.3964
0.3398
0.3115
0.3115
0.4248
0.5947
0.3398
0.2832
0.3115
0.2662
0.2379
0.2265
0.2180
0.2067
0.1926
0.1784
0.1699
0.1699
0.8495
0.5947
0.5380
0.4531
0.3115
0.2633
0.2407
0.2265
0.2379
0.2180
0.1926
0.1756
0.1699
0.3681
1.7556
1.5008
0.7646
0.8212
0.4531
0.3681
0.3115
0.2718
0.2492
0.2407
0.2237
0.2095
0.2010
0.1897
0.1784
0.1926
0.3681
0.4248
0.3681
1.3026
0.3398
0.2379
1.0194
5.5501
2.0105
0.5663
0.1586
0.1048
0.0708
0.0623
0.0623
0.0736
0.0623
0.0566
0.0538
0.0481
0.0481
0.0481
0.0453
0.0453
0.0453
0.0453
0.3115
0.1359
0.0821
0.1104
0.0736
0.0566
0.0538
0.0481
0.5380
3.4263
1.5008
0.3115
0.1614
0.2549
0.3398
0.1614
0.3681
0.6513
0.4531
0.6513
0.2549
0.1614
0.1303
0.1218
0.0963
0.0963
0.1501
0.3398
0.1614
0.1019
0.0821
0.0793
0.0708
0.0708
0.0651
0.0623
0.0623
0.0566
0.0566
0.0566
0.0538
0.0538
0.0538
0.0538
0.0538
0.0481
0.0538
0.0623
0.0651
0.1671
0.0821
0.0651
2.5485
0.9061
1.2743
2.3786
2.0954
1.6707
1.1044
0.4814
0.6230
0.8495
0.5947
0.3115
0.2464
3.2281
1.0477
0.9628
0.5947
0.3964
0.3398
1.5008
0.7929
0.5380
0.6513
0.4248
0.3681
0.3115
0.2464
0.2237
0.2010
0.1841
0.1699
0.1671
0.2067
0.2322
0.2095
0.3115
0.2180
0.1756
0.1529
0.1586
0.1416
0.1218
0.1133
0.1133
0.1048
0.0963
0.0963
0.0934
0.0878
0.0878
0.0821
0.0821
0.0793
0.0793
0.0793
0.0793
0.0793
0.0793
0.0793
0.0736
0.0708
0.0708
0.0708
0.2067
0.9061
0.3964
0.1614
0.1218
1.6707
0.5097
0.2180
0.1586
0.1303
0.1189
0.1104
0.1671
0.3681
0.2407
0.1416
0.1133
0.1104
0.1019
0.0963
0.0878
0.0878
0.0934
0.0934
0.0963
0.0878
0.0793
0.0793
0.0793
0.1218
0.1671
0.0878
0.0793
0.1671
0.2718
0.3115
0.1416
0.2180
0.2492
0.3115
0.1416
0.1218
0.3115
0.1501
0.1104
0.0963
0.0878
0.0821
0.0821
0.0793
0.0453
0.0396
0.0396
0.0396
0.0396
0.0396
0.0396
0.0396
0.0396
0.0934
0.1756
0.2832
0.1274
0.0708
0.2549
0.2095
0.2832
0.1218
0.0708
0.0623
0.0934
0.2010
0.0878
0.0623
0.0623
0.0708
0.0793
0.0651
0.0736
0.0793
0.0566
0.0538
0.0481
0.0453
0.0538
0.5380
0.2322
0.0963
0.0821
0.0651
0.1841
1.4158
0.1841
0.1104
0.0821
0.0708
0.0623
0.0566
0.0538
0.0538
1.0194
1.0194
0.2803
0.1416
0.1104
0.0963
0.0793
0.0708
0.3398
0.1501
0.0963
0.1444
0.1048
0.0793
0.0708
0.0651
0.0623
0.0623
0.0623
0.0566
0.0623
1.7840
0.7646
4.7006
1.9822
0.6513
0.6796
0.6796
0.9061
0.3681
0.3681
0.4248
0.2832
0.2379
0.3398
0.4814
0.2832
0.2265
0.2010
0.1784
0.1671
0.1614
0.1671
0.2379
0.2322
0.2095
0.1614
0.1416
0.1359
0.6796
0.9061
0.9628
0.3964
1.2743
1.1893
0.4531
0.3115
0.2662
0.2265
0.2067
0.1926
0.1784
0.1671
0.1529
0.1416
0.1359
0.1274
0.1189
0.1189
0.1104
0.1104
0.1048
0.1019
0.0963
0.0963
0.0934
0.0934
0.0878
0.0821
0.0821
0.0821
0.3681
0.2464
0.5380
0.3398
0.2322
0.1359
0.1104
0.0963
0.0934
0.0821
0.0793
0.0793
0.0736
0.0736
0.0736
0.0708
0.0708
0.0708
0.0651
0.0651
0.0651
0.0651
0.0623
0.0623
0.0623
0.0623
0.0623
0.0566
0.0566
0.0566
0.0566
0.0623
0.0708
0.0736
0.0651
0.0566
0.0566
0.0566
0.0538
0.1189
0.5097
0.3964
1.6707
0.3964
0.1926
1.2176
1.3026
4.0776
2.5485
1.3026
0.7646
