2.6335
1.1044
1.2176
2.6335
2.3786
1.4158
1.2176
1.2176
0.9628
1.2176
0.7079
0.4248
0.3964
0.6230
0.5380
1.1044
0.4248
1.1044
0.2180
0.2180
0.1756
0.0878
0.1756
0.1303
1.7556
0.3398
0.2633
0.7079
5.6067
2.8600
1.1044
0.3398
0.2633
0.2633
3.9927
3.6812
0.9628
0.6230
0.3398
0.3964
0.9628
1.9255
0.7079
0.6230
0.5380
0.5380
0.7079
0.6230
0.7079
0.7079
0.6230
0.7079
2.8600
5.6067
2.6335
1.2176
1.0194
0.8778
0.7362
1.3026
2.6335
1.5291
0.8212
1.0477
0.7929
0.7079
1.7556
3.0582
1.5291
0.8778
0.9628
0.7362
1.3026
2.9733
2.1804
5.2669
1.4158
1.0194
0.7929
1.3026
1.0194
0.7929
0.9628
0.7929
0.7079
2.3786
4.8139
15.3194
4.0210
1.1893
1.4158
2.4636
1.7556
1.3026
1.1044
0.8778
1.4158
1.2176
1.0477
1.5008
1.1044
0.8778
0.7362
1.5857
1.1044
0.7079
0.6230
0.7929
1.1044
0.6513
0.6513
0.6513
0.6513
0.5663
0.5663
0.5663
0.5663
0.5663
0.5663
0.5663
1.4158
0.6513
0.8778
2.1521
3.4263
2.3786
0.9628
0.7362
0.6513
0.6513
0.8778
0.9628
0.7362
0.6513
0.6513
0.6513
4.0210
2.6335
0.6513
0.5663
0.5663
0.6513
0.5663
0.5663
0.5663
0.5663
3.4263
0.7362
0.8778
4.7006
1.5857
4.9838
10.7321
4.0210
1.5857
0.7362
4.7006
17.7547
3.7095
0.7362
0.7079
0.6513
0.7362
0.6230
0.7929
0.7362
0.7079
0.6513
0.6513
0.6513
0.6230
1.9255
1.2176
1.1044
0.6513
0.4814
0.7362
0.6513
0.5663
0.6513
2.6335
0.8778
0.5663
0.4814
0.4814
0.4814
0.4248
0.4248
0.4248
0.4248
0.4248
0.4248
0.3398
0.4248
1.2176
0.6513
0.5663
0.4814
0.4814
0.4248
0.4248
0.4248
0.4248
0.4248
0.4248
0.4248
0.4248
0.4248
0.4248
0.4248
0.4814
0.4248
0.4248
0.3398
0.4814
0.4248
0.4248
0.4248
0.4248
0.6513
0.4248
0.6513
0.4248
0.4248
1.5857
1.9255
3.1432
1.4158
1.2176
0.8778
1.5857
1.5857
0.7362
0.5663
0.9628
2.1521
1.5857
0.7362
0.5663
0.4814
0.4248
0.4248
0.4248
0.4248
0.4248
0.3398
0.4248
0.4248
0.4248
0.4248
0.4814
0.4248
0.4248
0.3398
0.6513
1.4158
0.4814
0.4248
0.3398
0.3398
0.3398
0.2832
0.2832
0.2832
0.2832
0.2832
0.2832
0.2832
0.2832
0.2832
0.2832
6.3147
2.1521
0.6513
0.9628
0.6513
0.4814
0.4248
0.4248
0.4248
0.9628
5.6917
4.7006
1.2176
1.5857
1.2176
0.8778
0.7362
0.7079
1.3026
0.8778
0.6513
0.9061
0.6513
0.5380
0.7362
1.2176
3.0582
2.6335
3.7661
2.1804
1.6141
1.3592
1.5291
1.0477
3.5962
1.3592
0.9061
0.7362
0.6513
0.6513
0.5663
0.5663
0.6513
1.6990
0.8212
0.6513
0.5663
0.5663
0.5663
0.5663
0.5663
0.6513
0.6513
0.5663
0.5663
0.5663
0.5663
0.4814
0.4814
0.4814
0.4814
0.4814
0.4814
0.4248
0.4814
0.4814
0.4814
1.6990
1.0477
0.6513
0.8212
1.3592
0.6513
0.4814
0.5663
0.5663
0.6513
0.6513
1.0477
1.1893
0.9061
1.5291
1.6990
0.7362
0.3398
0.5663
0.4248
0.5663
0.7929
0.8778
0.9628
1.1044
1.1893
1.0477
1.0477
1.0477
1.0477
1.5291
0.9061
1.0477
0.9061
0.9061
0.9061
1.3592
0.8212
0.7362
0.7362
0.6513
0.8212
0.9061
0.6513
0.8212
1.1893
0.5663
1.3592
1.0477
0.7362
0.6513
0.6513
0.9061
0.9061
1.0477
0.7362
0.6513
0.7362
0.6513
0.6513
0.6513
0.9061
0.9061
1.1893
1.1893
2.5768
0.4814
0.7362
0.7362
1.0477
1.5291
2.3220
0.9061
0.8212
0.8212
0.7362
0.7362
1.1893
0.7929
0.6230
0.4814
0.6230
0.7362
0.6513
0.5663
0.5380
0.4814
0.6513
0.7929
0.6230
0.5663
0.5380
0.5380
0.5380
0.7362
0.5380
0.4814
0.4248
0.4248
1.0477
0.8778
0.7079
0.6230
0.5380
0.4814
0.6230
0.5663
0.5663
0.9628
0.8778
1.0477
1.1044
1.3026
1.6707
1.4158
1.1893
1.0477
1.1893
1.5291
1.1893
1.1893
1.3592
0.8212
0.7362
0.6513
0.7362
0.5663
0.7362
0.3398
0.3115
0.4248
0.4248
0.4248
0.4248
0.5663
0.4248
1.1893
0.7362
1.1893
0.4248
0.3681
0.6513
0.9061
0.8212
1.0477
1.6990
0.5663
0.6513
0.4814
0.4814
0.5663
2.3220
6.2580
5.8616
0.9061
0.7362
0.4248
2.3220
4.0776
1.9255
1.0194
0.7929
0.6513
0.4814
0.3398
0.3398
0.3398
0.3398
1.0194
0.4248
0.4248
0.5663
0.7929
0.4814
0.4248
0.4248
0.4248
0.3398
0.8212
0.6230
0.4814
0.5380
0.4248
0.4814
0.4248
0.7079
0.4248
0.3964
0.3398
0.3964
0.3398
0.3115
0.2633
0.2464
0.5663
0.7929
0.4248
0.5663
0.5663
0.4248
0.6513
1.5008
0.3115
0.6513
1.1327
0.4814
1.9255
1.0194
0.6513
0.3398
0.3115
0.2633
0.5663
0.3398
1.0194
1.5008
0.5663
0.7929
2.6618
2.4069
2.2653
1.3026
0.8778
0.7079
1.1044
0.6230
0.7929
1.3592
1.2176
1.7556
1.1327
0.8778
0.6230
0.5380
0.4814
2.1804
2.8034
0.9061
0.7929
0.6513
1.0194
0.7929
0.6513
0.6513
0.6513
0.7929
2.4069
0.7929
0.6513
1.1327
1.6990
0.8778
0.6513
0.6513
0.6513
0.6513
0.5663
0.4814
0.5663
0.4814
0.4814
0.4814
0.8778
0.5663
0.5663
0.4814
0.4814
0.4814
0.6513
0.5663
0.5663
1.3026
0.8778
1.9255
3.5113
1.0194
1.3026
0.8778
0.7929
0.6513
0.6513
0.6513
0.6513
0.5663
2.4069
1.3026
0.7929
0.6513
0.5663
0.5663
0.4814
0.4814
0.4814
0.7929
0.6513
0.5663
0.4814
0.4814
0.4814
0.6513
0.6513
0.5663
0.5663
0.5663
0.5663
0.5663
0.5663
0.5663
0.5663
0.5663
0.5663
0.5663
0.5663
0.4814
0.7929
1.5008
0.7929
0.5663
1.3026
1.1327
0.7929
0.6513
0.5663
0.7929
0.5663
0.5663
0.6513
0.5663
1.0194
0.5663
0.4248
2.6618
6.2580
3.4547
3.4547
5.8616
8.4951
5.8616
3.7661
1.3026
1.5291
1.7556
0.8778
0.6230
0.5663
0.5663
0.6513
0.5663
0.5663
0.7929
1.0477
1.0477
0.8212
0.8212
0.9061
1.0477
0.8212
0.6513
0.5663
0.6513
0.6513
0.6513
0.7929
0.9061
0.9061
0.9061
1.2176
1.3592
1.4158
1.3026
1.6141
1.3026
1.0194
1.0194
0.8212
0.7362
0.7362
0.6513
1.0477
0.8778
0.8778
1.9822
1.6141
1.4158
1.4158
1.1327
0.8778
1.0194
0.8778
0.7079
0.6230
0.5663
1.0194
0.8212
0.5947
0.5947
0.5947
1.4158
0.8212
1.1044
1.1044
0.5947
0.4814
0.4814
0.9628
1.4158
0.8212
1.2176
1.4158
1.8972
1.1044
1.1044
1.5291
1.6990
1.8972
2.0954
2.3220
1.5291
0.8212
0.9628
0.7079
0.7079
0.4814
0.7079
0.5947
0.5947
0.7079
0.5947
0.5947
0.5947
0.5947
0.5947
0.9628
0.9628
1.4158
0.8212
0.5947
1.4158
0.9628
0.5947
0.5947
0.5947
0.5947
0.7079
0.7079
2.3220
0.8212
0.8212
1.1044
0.9628
1.2176
0.9628
0.7079
0.5947
0.4814
0.4248
0.4248
0.4248
0.4814
0.5947
0.4814
0.4814
0.4248
0.4814
0.4248
0.4248
0.4248
0.4248
0.4814
0.7079
0.4814
0.4814
0.5947
0.4814
0.3398
0.3398
0.3398
0.3398
0.3398
0.4248
0.4814
0.5947
0.7079
0.4248
0.5947
0.5947
0.5947
0.4814
0.4814
0.4814
0.4814
0.4248
0.4248
0.4814
0.4814
0.4814
0.4814
0.5947
0.4814
0.4248
0.7079
0.7079
0.7079
1.2176
0.9628
0.8212
1.6990
1.1044
2.3220
2.5768
2.0954
1.8972
2.5768
3.4263
1.1044
0.9628
0.7079
0.5947
0.8212
1.2176
2.0954
1.5291
1.1044
1.6990
1.5291
0.7079
0.4814
0.4248
0.2633
1.1044
0.4814
6.5695
6.5695
6.5695
14.7248
14.7248
7.8438
1.2176
0.5947
0.4814
0.7079
0.8212
0.4814
1.8972
2.0954
3.7661
1.4158
1.2176
0.7079
3.1432
0.8212
0.4814
1.1044
0.5947
0.7079
1.1044
0.4814
0.7079
0.8212
0.9628
0.4814
0.7079
1.4158
2.5768
7.3624
0.9628
0.8212
0.8778
1.6990
3.9360
1.5857
0.5380
0.4531
0.6513
2.0105
0.9628
0.6513
0.5380
1.3026
1.4442
2.1804
0.8778
0.8778
0.5380
0.4531
0.4531
0.3681
0.6513
0.5380
0.4531
0.4248
0.3964
2.3786
5.1253
0.9628
2.5485
1.4442
0.6513
0.5380
0.5097
1.4442
0.5947
0.5380
0.5380
0.8212
0.8778
0.6513
0.5097
0.4531
0.6513
0.4531
0.4248
0.3964
0.3964
0.3964
0.3964
0.3964
0.3964
0.3964
0.3964
0.3964
0.8212
0.4531
0.4248
0.3964
0.3964
0.5380
0.4248
0.5947
0.5097
0.4248
0.3964
0.3964
0.3964
0.4248
0.8778
0.4531
0.3964
0.3964
0.8212
0.8778
0.9628
1.0477
0.8212
0.8212
0.5380
0.5097
0.5380
1.5857
2.0105
0.9628
0.7362
0.6513
0.5097
0.5947
0.6513
0.9628
0.6513
0.6513
0.5097
0.5380
2.1804
0.9628
0.8212
0.6513
0.5097
0.5097
0.5380
0.5947
0.5947
0.5380
0.5097
0.4531
0.4248
0.4248
0.4248
0.4248
0.4531
0.4531
0.4531
0.4531
0.5380
0.6513
0.5947
0.5380
0.5380
0.4531
0.4531
0.4531
0.5380
0.6513
0.5947
0.5380
0.7362
0.7362
0.7362
1.1893
2.3786
1.1893
0.8212
0.7362
0.6513
0.5947
0.5380
0.5380
0.5097
0.5097
0.5097
0.5097
0.5097
0.6513
0.5380
0.9628
0.9628
4.1626
3.2848
1.4442
0.8778
0.6513
0.6513
0.6513
0.7362
0.6513
0.7362
0.7362
0.7362
0.7362
0.7362
1.1044
1.1044
2.1804
0.8778
0.8778
0.8778
0.8778
0.8778
0.8778
0.5947
0.5380
0.5380
0.5380
0.5380
0.5947
1.4158
1.4442
0.9061
0.6796
0.5663
0.5097
0.5097
0.4814
0.4531
0.4248
0.4248
0.4248
0.5097
0.4814
0.4531
0.5380
0.5097
0.9628
1.0477
0.8212
0.5380
0.6513
0.7362
2.3786
1.1893
0.4531
0.4531
0.5947
0.5097
0.4531
0.4531
0.4531
0.4531
0.4531
0.4531
0.5380
0.5097
0.4531
0.8212
0.8212
1.0477
0.5380
0.4531
0.4531
0.5097
0.4531
0.6513
0.4531
0.5380
0.4531
0.4531
0.4531
0.4531
0.4531
0.4248
0.4248
0.4248
0.4531
0.4531
0.4248
0.8212
0.9628
0.5947
0.5097
0.4531
0.4531
0.4531
0.4531
0.4248
0.5380
0.4531
0.4248
0.4248
0.3964
0.3964
0.3964
0.3964
0.5097
0.3964
0.3964
0.3964
0.3964
0.3964
0.3964
0.3964
0.3964
0.4248
0.5380
0.8212
0.5947
0.5097
0.8778
0.8778
0.8778
0.8778
0.8778
0.8778
0.6513
0.6513
0.6513
0.6513
0.6513
0.6513
0.6513
0.7929
0.7929
0.5097
0.4248
0.3681
0.3681
0.3398
0.4248
0.3681
0.3681
0.3398
0.3115
0.3115
0.3115
0.3115
0.4248
0.4248
0.3681
1.8972
0.7079
0.4531
0.3681
0.3681
0.3681
0.3398
0.4248
0.3398
0.3681
0.4531
0.3681
0.3398
0.4248
0.4531
0.3681
0.3398
1.6990
4.1626
0.9628
0.8495
0.5663
0.3681
0.3681
0.3398
0.4531
0.3398
0.3398
0.3115
0.3115
0.3115
0.7929
0.7079
0.4531
0.5097
0.5097
0.5663
0.3681
0.3681
0.5663
0.4248
0.3681
0.3681
0.3398
0.4248
0.3398
0.3681
0.3681
0.3681
0.3681
0.3681
0.8495
2.0671
0.6230
0.9628
0.5663
0.5663
0.6230
0.7929
0.7079
0.4531
0.4248
0.3681
0.3681
0.3398
0.3398
0.5097
0.3398
0.3398
0.3115
0.3115
0.3115
0.3115
0.3115
0.3115
0.3115
0.3115
0.2718
0.2718
0.2718
0.3115
0.2718
0.2718
0.2718
0.3115
0.2718
0.2718
0.5663
0.4531
0.4531
1.1327
1.1327
0.4531
0.3681
0.3398
0.5097
0.7079
0.4531
0.6230
0.6230
0.4531
0.4531
1.1327
6.6545
1.2743
0.7079
0.7929
0.5663
0.4531
0.3681
0.3115
1.1327
0.3398
0.3398
0.3398
0.3681
0.5663
0.8495
1.4158
1.0477
1.0477
0.6230
0.4531
0.4248
0.5663
0.6230
0.6230
0.9628
2.6335
1.0477
0.5663
0.4531
0.4531
0.6230
0.5097
0.8495
0.7929
0.7079
1.0477
1.6990
5.1253
4.1626
1.2743
0.8495
0.8495
0.6230
6.6545
6.3430
2.7184
2.7184
3.9360
3.9360
2.8883
1.0477
0.8212
0.6513
0.5947
0.5380
0.4814
0.5380
2.7184
1.0477
0.8778
0.8778
1.4442
2.7184
0.8778
0.6513
1.5857
3.0582
7.0226
4.3891
2.0105
0.9628
0.9628
0.8778
1.0477
5.1253
2.1804
1.6990
0.7362
0.5947
0.5947
0.5380
0.5947
0.4248
0.4248
0.4248
0.3681
0.3398
0.3398
0.3398
0.2718
0.2718
0.2718
0.2464
0.2464
0.2180
0.2180
0.2718
0.3398
0.2718
0.2718
0.2718
0.2718
0.3398
0.3115
0.2718
0.2718
0.2464
0.3115
0.3398
0.4814
0.4248
0.3681
0.6513
0.6513
0.6513
0.6513
1.3026
1.1893
0.8778
1.0477
1.4442
1.6990
2.7184
1.8406
1.1893
0.9628
0.8212
0.5947
0.4814
0.3681
0.3681
0.3681
0.5380
1.0477
1.1893
1.0477
2.0105
1.8406
1.1893
1.1893
1.1893
0.8212
0.6513
0.8212
1.0477
1.3026
0.8212
0.7362
0.6513
0.5380
0.5947
0.6513
0.5380
0.4248
0.3398
0.2718
0.2549
0.9628
0.4814
1.7556
1.0194
2.1804
1.1327
1.0477
3.1149
5.7483
2.2653
1.2176
1.4442
1.4158
1.2743
1.0477
0.8778
1.5008
1.2176
1.0477
1.0477
1.0477
1.5857
2.1804
1.8406
2.7184
0.8778
0.6796
0.6513
0.4531
0.8778
0.8212
0.9628
0.9061
0.8495
0.8495
0.8778
1.0477
1.8406
1.2176
1.2176
1.4442
1.1327
1.1327
0.9628
0.9628
0.9061
1.1044
1.3592
1.6990
0.9628
0.7929
0.7929
0.7079
0.6230
0.5663
0.5663
0.5380
0.4814
0.4531
0.4248
0.3964
0.3964
0.3964
0.3681
0.3681
0.3115
0.2832
0.2464
0.2237
0.2265
0.4814
0.3398
1.2743
1.6141
0.5380
0.4531
0.4248
0.4248
0.5663
0.5663
0.6230
0.5380
0.5380
0.5380
0.5380
1.4442
0.7929
0.6230
1.5008
5.8333
0.7929
0.6513
0.7929
1.4158
1.1044
0.6796
1.1327
0.7929
1.0477
0.7362
0.8212
0.7079
0.7646
0.6796
0.6796
1.6707
2.2653
0.9061
0.7362
0.9061
1.1044
0.7646
0.7646
0.7646
0.7362
0.8778
0.6513
0.7079
0.6796
0.6513
0.9061
1.1044
0.7362
0.8778
0.7079
0.6513
0.6230
0.6230
0.6230
0.7362
0.6513
0.6513
0.6513
1.1327
0.7079
0.6796
0.7362
0.7362
0.7079
0.7362
0.7362
0.7362
0.7079
0.6513
0.6230
0.7362
0.6513
0.7362
0.9061
0.6796
0.7362
0.5947
0.6513
0.5663
0.5663
0.5663
0.5663
0.8778
0.5947
0.9061
0.9061
0.9061
0.9061
1.5008
1.4442
1.2176
0.9061
0.7362
0.7079
1.1044
1.5857
1.1044
0.9061
0.6796
0.6230
0.6513
0.7362
0.6513
1.5008
0.8212
0.7079
0.8495
1.1327
0.7362
0.6230
0.6230
0.6230
0.6230
0.6513
2.0105
1.3026
0.8495
0.6796
0.6513
0.8212
0.8495
1.4158
1.5291
0.8212
0.7079
1.0477
1.4442
1.0477
0.7079
0.5380
0.3964
0.3681
0.3681
0.3681
0.3398
0.3398
0.4248
1.1044
1.2176
0.5947
0.7079
0.6513
0.7079
0.5097
0.4814
0.5663
1.9822
0.5947
0.4531
0.3964
0.3681
0.3398
0.3398
0.3115
0.3115
0.3115
0.3115
0.4248
0.3115
0.3115
0.3115
0.3115
0.3115
0.3115
0.3115
0.3398
0.3681
0.3681
0.5380
0.4248
0.3398
0.3115
0.3115
0.3115
0.3115
0.3115
0.3115
0.3115
0.3115
0.3115
0.3115
0.3115
0.3115
0.3115
0.3115
0.3115
0.3115
0.3115
0.3115
0.3115
0.3115
0.3115
0.3115
0.3115
0.3115
0.3115
0.3115
0.3115
0.3115
0.5663
0.5663
0.5663
0.5663
0.5663
0.5663
0.5663
0.5663
0.5663
0.5663
0.5663
0.5663
0.5380
0.4531
0.3964
0.3681
0.3398
0.3398
0.3115
0.3115
2.0105
0.8495
0.4531
0.3681
0.3115
0.3115
0.2832
0.3115
0.2832
0.2832
0.2718
1.0194
2.4069
0.6796
0.4248
0.3681
0.3398
0.3115
0.4531
0.3681
0.3115
0.3115
0.3115
0.3115
0.2832
0.2832
0.2832
0.2832
0.2832
0.2832
0.2832
0.3115
0.6513
0.3115
0.3115
0.8212
0.5380
0.7079
2.4636
1.4158
1.1327
0.7929
1.0477
0.7079
0.5380
0.4531
0.7929
0.8212
0.5097
0.4248
0.4248
0.3115
0.3115
0.3115
0.3115
1.1327
3.1149
1.8972
1.3592
0.6513
0.4814
0.4248
0.3964
0.3681
0.3398
0.3115
0.3115
0.3115
0.3115
0.3115
0.2832
0.2718
0.2747
0.2747
0.2662
0.2662
0.2662
0.2662
0.3964
0.5380
0.3398
0.4248
1.2743
0.7929
0.4814
0.3964
0.3398
0.3115
0.3115
0.3115
0.3115
0.2832
0.2747
0.2633
0.3115
0.2832
0.7362
0.5947
0.3115
0.3115
0.3115
0.2832
0.2633
0.2832
0.3115
0.3115
0.7646
1.1044
2.8034
0.7362
2.0671
2.4636
2.6335
1.6990
0.6513
0.7362
1.0194
1.1893
3.5113
5.0404
3.7661
3.1432
4.6440
3.0299
1.6707
5.0687
1.5008
0.7079
0.5380
0.4248
0.3964
0.3681
0.4531
0.5663
1.1044
1.3592
0.7929
0.5380
0.4531
0.3681
0.3398
0.4531
0.3964
0.3115
0.3964
0.3964
0.3115
0.3115
0.2718
0.6513
0.4248
1.1893
5.6634
4.7855
1.4442
0.5663
0.4531
0.4248
0.3681
0.3681
0.3681
0.3398
0.3398
0.3115
0.3115
0.2832
0.2832
0.2832
0.2718
0.2662
0.2633
0.2718
0.2662
0.2718
0.2718
0.2718
0.2718
0.2747
0.7079
0.7079
0.7079
0.7079
0.7079
0.7079
0.7079
0.7079
0.7079
0.7079
0.7079
0.7079
0.7079
0.7079
0.7079
0.5380
0.5380
0.5380
0.5380
0.5380
0.5380
0.5380
0.5380
0.5380
0.5380
0.5380
0.5380
0.5380
0.5380
0.5380
0.5380
0.5380
0.5380
0.3398
0.3398
0.3115
0.3681
0.3398
0.3115
0.3115
0.3115
0.3964
0.4814
0.4248
0.3398
0.4814
0.3681
0.3115
0.2662
0.2492
0.2464
0.4531
0.3398
0.3115
0.8495
1.6707
0.8778
1.5008
0.5663
0.6796
1.3026
1.1044
0.4814
0.4814
0.5380
0.4248
0.4248
0.4248
0.4248
0.4248
0.8778
0.8778
0.8778
0.8778
0.6513
0.5663
0.5380
0.4814
0.5663
1.3026
1.0477
0.4814
0.3964
0.3681
0.4248
0.4248
0.3681
0.8495
0.9061
0.4248
0.5097
0.4531
0.7362
0.7362
0.4248
1.8972
1.2176
1.2176
1.2176
1.2176
1.2176
1.2176
1.2176
1.2176
1.2176
1.2176
1.2176
0.5663
0.5663
0.5663
0.5663
0.5663
1.4158
1.4158
1.4158
1.4158
1.4158
1.4158
1.4158
1.4158
1.4158
1.0477
1.0477
1.0477
1.0477
0.4248
0.5097
0.4248
0.4248
0.5380
0.6796
1.0194
0.6513
0.4248
0.3398
0.4531
0.4531
0.3398
1.1327
0.5097
0.3681
0.3398
0.5947
1.1893
0.7079
0.3964
0.3398
0.4248
1.2743
0.7362
0.4814
3.5962
1.6990
1.7840
0.8495
3.3697
2.2370
0.7079
0.5097
0.4531
0.7929
0.4814
0.5097
0.8778
0.5663
0.4248
0.4248
1.2743
0.9628
0.8495
1.0194
0.4814
0.4248
0.5947
3.1998
1.6707
0.6230
1.4442
0.6796
0.4814
0.4531
0.3964
0.3681
0.3398
0.3398
0.4248
1.3592
0.8212
1.6141
0.7929
1.1327
1.5291
1.8406
1.6707
1.1327
0.7079
2.9733
1.3026
0.6230
0.5380
0.5663
0.4814
0.9061
0.8212
1.5291
2.2370
1.5291
1.2176
1.0477
4.6440
6.0032
1.6707
0.7646
0.5663
0.5097
0.4814
0.4531
0.4248
0.4248
0.4248
1.7556
5.6917
1.2176
0.6230
0.5097
0.4531
0.4814
0.4814
0.4531
0.5380
0.6513
0.8495
2.8600
5.9182
4.1059
1.8406
5.0404
3.0299
1.5857
1.3592
2.5485
3.6812
9.0331
15.7158
21.6907
9.3446
3.7661
4.5024
3.6246
1.1044
0.7646
0.6513
0.6230
4.2192
2.2370
2.3786
0.9061
0.6796
1.8972
0.7362
0.8778
0.6513
0.5947
0.5663
0.5380
0.5097
0.5097
0.5097
0.4814
0.4814
0.4814
0.5097
0.4814
0.4814
0.7646
0.5097
0.5097
0.5380
0.4814
0.4814
0.4814
0.4814
0.4814
0.4814
0.4814
0.4814
0.4814
0.4814
1.8972
2.6618
0.7079
0.8778
0.8495
0.7079
0.5663
0.5097
0.5097
0.4814
0.4814
0.4814
0.4531
0.4531
0.4814
1.2743
1.1893
0.6230
0.5380
0.6796
1.0477
0.6230
5.5501
1.6990
0.7646
0.6230
0.6513
2.0105
3.2848
3.5113
0.9061
0.6796
0.5947
0.5663
0.6230
3.2281
1.2176
3.8228
5.1820
1.5008
0.7929
0.6230
0.6230
0.7646
0.6230
0.5947
1.2743
0.6513
0.6230
0.6230
0.6796
0.6230
0.6230
0.6513
1.1327
0.7929
0.6796
0.9628
0.6230
0.5380
0.6796
0.5097
0.5097
0.7929
0.5097
1.3592
0.7646
0.5947
0.4814
0.4814
0.4531
0.4248
0.4248
0.4814
0.4814
0.4248
0.3964
0.3964
0.4248
0.5380
0.4248
0.4814
0.4531
0.4248
0.4248
0.4248
0.4248
0.4531
0.6796
1.1327
0.9628
0.6796
0.6230
0.7646
0.6513
0.6230
0.5663
0.5380
0.6230
0.6230
0.6230
0.5663
0.5380
1.8406
2.0105
0.7929
0.7079
0.6230
0.7362
0.5097
0.5663
0.4531
0.3964
0.3964
0.3398
0.3115
0.3115
0.2803
0.3115
0.3398
0.4248
0.3115
0.3398
0.3964
0.6230
0.5947
0.4814
0.4248
0.3964
0.5663
0.4248
0.3964
0.4814
0.3964
0.3398
0.3398
0.3115
0.3115
0.5663
0.5663
0.5663
0.5663
0.5663
0.5663
0.5663
0.3398
0.3398
0.3398
0.3398
0.8778
0.8778
0.7079
0.4531
0.6513
0.9628
0.5947
0.6230
0.7646
0.4814
0.5097
0.4531
0.3964
0.5380
0.5663
1.6990
0.7079
0.4531
0.3964
0.3964
0.3681
0.4531
0.6796
0.4814
0.8212
0.5380
0.3964
0.4531
1.2176
0.4814
0.9628
0.5947
0.4248
0.3964
0.3398
0.3398
0.3398
0.3398
0.3681
0.5097
0.3964
0.3398
0.3681
0.4248
0.3681
0.3115
0.3115
0.2803
0.2747
0.2662
0.5097
1.0194
0.7362
0.3964
0.3398
0.5097
0.7929
0.4814
0.5663
0.3398
0.3398
1.0194
1.0477
0.5097
1.0477
3.3414
0.7362
0.5380
0.5097
0.4531
1.5857
0.9061
0.5097
0.3964
0.3681
0.3398
0.3115
0.3115
0.3115
0.3115
0.3115
0.3115
0.2832
0.2832
0.2747
0.2662
0.3681
0.5097
0.8778
0.7646
0.5097
0.3398
0.3115
0.3681
0.4814
0.3398
0.4814
0.9061
0.5097
0.3964
0.3115
0.2803
0.2662
0.2633
0.2549
0.3115
0.3115
1.1044
0.3964
0.2832
0.2633
0.2549
0.2492
1.8972
1.9255
0.4531
0.4531
0.7929
2.9733
0.6513
1.1327
0.5947
0.5097
0.4814
0.7929
0.5380
0.3964
0.3964
0.3964
0.3964
0.3398
0.3115
0.3115
0.3115
0.3115
0.2832
0.9061
7.3057
3.0299
1.5008
0.5947
2.4636
1.9822
1.2176
0.7079
0.5380
1.2743
2.3220
8.6650
10.6755
8.3252
1.6707
0.7646
0.7079
0.7362
0.6230
0.6230
0.5947
0.4248
0.3398
0.3398
1.1044
0.8495
0.6230
0.4814
0.4531
0.3681
0.3398
0.3398
0.3115
0.2832
0.2803
0.2803
0.3398
0.7646
0.5380
2.1804
3.5396
1.1044
0.7362
0.5947
1.1893
1.5008
1.0194
4.5024
3.2848
3.3697
8.5800
5.9465
2.8034
2.6335
1.8406
1.5291
1.0477
1.1044
0.7362
0.6230
0.6230
0.7079
0.8212
0.5663
0.8778
0.5663
0.4531
0.4248
0.3964
0.3964
0.3964
0.5380
1.8406
0.7362
0.5947
0.5947
0.5380
8.4667
2.0105
0.8212
0.6796
0.7362
1.0194
1.6990
2.0954
2.5768
2.6618
2.8600
4.8988
3.8511
3.9927
2.5768
1.0477
0.8495
1.4442
0.8495
0.6513
0.6230
0.5663
0.5380
0.5097
0.7362
0.5380
0.4814
0.4814
0.4531
0.4248
0.4248
0.4248
0.4248
0.3964
0.5380
0.6513
0.5663
1.6141
1.6990
8.5517
6.0315
1.1044
0.6796
0.9628
0.7079
0.6230
0.8778
0.6513
0.5663
1.1893
2.8034
1.4158
3.9360
1.0477
0.5947
0.4814
0.5663
0.6796
0.4248
0.3964
0.3681
0.3398
0.3681
0.3398
0.3398
0.4814
0.5380
1.5291
0.7079
0.5380
1.0477
0.6230
0.5947
0.4531
0.4248
0.4248
0.3964
0.3398
0.3398
0.4531
0.4814
0.4531
0.4531
0.5380
0.4248
1.6707
4.5590
1.1893
3.4263
0.7929
0.4814
0.4248
0.5380
0.4248
0.4248
0.3398
0.3115
0.3115
0.3115
0.2803
0.2803
0.2803
0.4248
0.3115
0.3398
0.3398
0.3115
0.4248
0.4248
0.3398
0.3115
0.3115
0.3398
0.4814
0.7362
0.5380
0.3964
0.3398
0.3398
0.3115
0.3115
0.3115
0.3398
0.3398
0.3681
0.3398
0.3398
0.3398
0.6796
0.3964
0.3398
0.3398
0.5380
0.6230
0.4814
0.4531
0.5097
1.1893
0.5380
0.4248
0.3964
0.4248
0.4248
0.4248
0.4248
0.4248
0.4248
0.3964
0.4248
0.8778
0.4814
0.8778
0.4248
0.3964
0.3964
0.3964
0.4531
0.3964
0.7079
0.4248
0.3681
0.3398
1.4158
1.2743
0.7079
0.4814
0.5097
0.4814
0.3964
0.4814
0.5097
0.5380
0.3964
1.0194
0.9628
0.4814
0.4248
0.3681
0.3964
0.3681
0.3398
0.3398
0.3115
0.3681
0.3681
0.9061
1.9255
0.8778
1.0477
0.7929
0.7079
0.7362
1.0194
0.6513
0.7646
0.5097
10.5905
3.4547
1.1893
0.8495
0.7362
1.5291
0.8495
1.3592
0.9628
0.6230
0.5947
1.2743
0.8212
0.5380
0.4814
0.4531
0.4248
0.5097
0.4531
0.5097
0.6513
0.7646
1.1327
0.5947
0.4531
0.4248
0.4248
0.5947
0.5380
0.3964
0.3681
0.3398
0.3398
1.8972
0.7079
0.5097
0.4531
0.6796
0.5947
1.2176
0.7079
1.0194
1.6141
2.5768
0.7929
0.5663
0.5663
0.5097
0.5097
0.4531
0.5097
0.5097
0.4531
0.6513
0.8495
0.6230
0.8212
3.1149
4.9554
0.9061
0.6230
1.9822
0.7079
0.6230
0.5097
0.7929
0.9628
1.1327
1.3026
1.2176
0.7079
0.5380
0.4814
0.4531
0.4531
1.6141
1.2176
6.0315
2.9450
1.0194
0.6513
0.5947
0.6796
0.6796
0.7362
0.5380
0.4814
0.5663
0.4531
0.4531
0.4248
0.4248
0.4248
0.4248
0.4248
0.3964
0.3964
0.3964
0.3964
0.3964
0.3964
0.3964
0.3964
0.3964
0.3964
0.3964
0.3964
0.3681
0.3681
0.3681
0.3681
0.3681
0.3681
1.0194
1.6990
1.1044
0.5947
0.4814
0.4814
0.6230
1.0194
4.1059
12.5727
8.7499
7.1358
5.8333
1.4442
1.4158
2.0105
1.1327
4.9838
3.3697
3.8511
1.1327
0.7929
0.6796
0.6230
1.4158
0.4814
2.8034
1.5008
0.9628
0.8495
0.7362
0.6230
0.5663
0.5380
0.5380
0.5380
0.5097
0.5380
1.6141
0.8778
0.6230
1.0194
0.6513
0.5947
0.5947
0.5380
0.5380
0.5097
0.5097
0.8778
1.6707
4.4741
1.8972
1.0194
0.7646
0.6230
1.2743
1.1327
0.7646
0.7929
0.6230
0.5947
0.6230
0.6796
1.7556
1.6990
1.5291
1.0477
2.4636
0.9061
0.7362
0.6230
0.5947
0.5380
0.5380
0.5380
0.5097
0.5097
0.5097
0.5097
1.3592
1.3026
1.1327
5.2103
3.6246
0.9061
0.7079
4.8988
4.0776
1.6141
0.8778
0.7079
2.1804
1.1893
0.7079
0.6513
0.5380
0.4814
0.4531
0.7079
0.6230
0.8495
1.2176
0.8495
0.5380
1.2743
1.6707
1.2743
0.7929
0.5947
0.5380
0.4814
0.8495
1.4442
0.8212
1.3592
1.1327
1.4442
1.2743
0.9628
0.8212
0.6230
0.5380
0.5663
0.5380
0.4814
0.4531
0.4531
0.4248
0.4248
0.4248
0.4248
0.4248
0.4531
0.4248
0.4248
0.6230
0.4814
0.4531
0.6513
0.5380
0.7929
0.9628
0.9628
1.6990
1.7556
0.8778
0.7079
1.1327
0.8212
0.6230
0.5097
0.4531
0.4248
0.7362
0.5380
0.4531
0.4248
0.4248
0.4248
0.3964
0.4248
0.4248
0.4814
0.5380
0.6513
0.5380
0.5380
0.5097
0.5380
0.5097
0.3964
0.3964
0.3964
0.4531
0.4248
0.4248
0.4531
0.5380
0.9061
0.8778
0.4814
0.4531
0.5947
0.5663
0.6230
0.6513
0.5097
0.5097
0.4248
0.3964
0.3964
0.3681
0.3681
0.3964
0.4248
0.5663
0.7646
1.2176
0.6796
0.9061
0.6513
3.5962
0.9628
0.5380
0.4531
0.3964
0.3964
0.3964
0.4531
0.5097
0.7646
0.5947
0.4248
0.4248
0.5380
0.4248
1.1327
0.6796
0.6513
0.4531
0.6513
0.6230
0.6230
0.6796
0.4248
0.4248
0.4248
4.7006
2.1804
0.8778
0.6230
0.5097
0.4531
0.4248
0.4248
0.4248
0.4248
0.4248
0.4248
0.4248
0.4814
0.5380
0.4248
0.5380
0.5097
0.4814
0.4248
0.3964
0.3964
0.3964
0.3964
0.3681
0.3398
0.4531
0.5380
0.3398
0.3398
0.3398
0.3398
1.2743
0.7362
0.3681
2.4919
0.5380
0.4248
0.3681
0.3398
0.3681
0.3398
0.3398
1.9255
6.4279
1.3026
0.5947
0.4531
0.5097
0.5097
1.0194
0.6796
0.4814
0.4248
0.3964
0.3681
0.3681
0.3681
0.4531
0.4531
0.3964
2.2653
1.1044
0.7646
0.9628
0.6796
0.4814
0.5663
0.4531
0.4248
1.2743
3.5962
2.4636
0.6796
0.5663
0.8495
1.0194
0.5380
2.7467
2.0671
1.6707
1.2743
0.6796
0.5097
0.6513
0.4248
0.4531
0.9628
1.7556
2.0954
0.8495
0.6513
0.5097
0.4248
0.3964
0.3681
0.3681
0.3964
0.3964
0.3964
0.3964
0.4248
0.4248
0.3964
0.3681
0.3964
0.3964
0.4814
0.7079
0.8212
0.9061
0.8212
0.5380
0.7646
6.2297
1.7840
1.6990
4.7006
3.7661
1.6990
1.2743
1.2176
3.9927
3.6246
1.5291
0.8778
0.7929
2.6618
1.1893
2.6335
1.1327
0.6513
0.5380
1.3026
0.8778
2.0671
3.2281
1.2743
1.1893
0.6513
0.5380
0.5097
0.4814
0.4814
0.6513
0.7079
0.7646
0.5947
0.5947
0.5947
0.5663
0.4814
0.4531
0.4531
0.3964
0.3681
0.3681
0.3681
0.3398
0.3398
0.3398
0.3398
0.3398
0.3398
0.3398
0.3398
0.3398
0.3115
0.3115
0.6513
0.4531
0.3681
0.3681
0.3398
0.3398
0.3398
0.3398
3.7661
4.8705
2.0105
1.2176
0.6796
1.5857
0.7646
0.5380
0.4531
0.3964
0.3964
0.3964
0.3964
0.6513
0.3964
0.3681
0.7362
0.5097
0.4248
0.3964
0.5663
0.4814
0.3681
0.4531
0.4248
0.3964
0.3681
0.3681
0.3681
1.2176
0.5097
0.4531
0.3964
0.5380
0.5380
0.6513
0.5097
0.5380
0.7646
0.5663
0.4248
0.3964
0.3964
0.3964
0.3681
0.3681
0.3681
0.3681
0.3681
0.3681
0.3964
0.4531
0.5097
0.4814
0.5097
1.0194
0.4814
0.3964
0.5947
0.6796
0.4248
0.3964
2.3220
5.9182
8.9764
5.9465
1.7840
1.0477
0.6230
0.6513
1.3592
0.7079
0.6796
0.6230
0.9061
1.1893
2.5768
0.8212
0.7646
0.5663
0.7362
0.4814
0.3964
0.3681
0.3681
0.3398
0.3115
0.3115
0.3115
0.5380
0.3681
1.1327
4.4741
1.9822
0.7362
0.4531
0.3964
0.3964
1.3592
0.5097
1.5291
3.6246
3.0299
1.2743
0.9628
0.6513
0.5380
0.4814
0.3964
0.3681
0.3681
0.3398
0.3115
0.3115
0.3115
0.3964
0.3115
0.3115
0.3115
0.3115
0.3115
0.3115
0.3115
0.3398
0.4248
0.3115
0.3115
0.3115
0.3115
0.3115
0.3115
0.3115
0.3115
0.3115
0.3681
0.4814
0.9628
0.3398
1.2176
0.8778
0.7362
0.3964
0.3115
0.3115
0.3115
0.3115
0.3398
0.3398
0.5663
0.3681
1.8406
1.3026
0.9628
0.5380
0.7079
1.1044
0.6230
0.4531
0.4814
0.6513
0.3964
2.8883
1.3026
0.6513
0.4814
0.4531
0.3681
0.6513
0.5380
0.5097
0.4814
0.4248
0.5380
0.6796
0.4814
0.3681
0.8212
0.3964
0.5380
0.6513
1.8406
1.0477
0.8212
0.5097
0.3964
0.3681
0.4248
0.5097
0.3398
0.3681
0.3115
0.3115
0.4814
0.3398
0.3115
0.3115
0.2832
0.2832
0.7362
0.6513
0.4248
0.3398
0.3964
0.3681
0.3398
0.3115
0.3115
0.3115
0.3115
0.3115
0.3115
0.3115
0.2832
0.2803
0.2832
0.2832
0.2803
0.2832
0.3115
0.2803
0.2633
0.2577
0.2633
0.3115
0.2832
0.2803
0.2718
0.6230
0.7362
0.5097
0.4531
0.4814
0.3115
0.2832
0.4248
0.3398
0.2832
0.3115
0.3115
0.3115
0.2832
0.6796
2.0671
1.8406
1.3592
0.5663
0.4531
0.7929
1.6141
3.6246
0.6796
0.7646
0.8212
0.5947
0.9628
0.4531
0.5097
0.5663
0.5097
0.4814
0.5380
0.8778
0.6230
0.4248
0.3681
0.3398
0.3115
0.3115
0.3398
0.3115
0.3964
0.3398
0.3115
0.3115
1.5291
0.4248
0.3681
0.3115
0.3115
0.2832
0.2832
0.2803
0.2718
4.4741
1.9255
0.5947
0.3964
0.3964
0.3398
0.3115
0.3115
2.9733
0.5380
0.7646
0.8212
0.4531
0.3681
0.3398
0.3115
0.3115
0.3115
0.3115
0.2832
0.2803
2.0954
1.0477
2.9450
2.0671
0.8778
0.5380
0.5947
0.6796
0.3964
0.3398
0.3115
0.3115
0.3115
0.2832
0.2832
0.2718
0.2718
0.2633
0.2633
0.2803
0.3115
0.7929
1.2743
1.3592
0.9628
0.7362
0.6796
0.9628
3.2848
2.1804
1.8406
1.0477
2.1804
3.9077
1.2176
0.9061
0.5380
0.3964
0.3964
0.3964
0.5947
0.4814
0.3398
0.3115
0.3115
0.3115
0.3115
0.3398
0.3115
0.3115
0.3115
0.3115
0.2832
0.3115
0.3115
0.3115
0.2832
0.2832
0.2803
0.3115
2.6335
0.9628
3.8511
1.7556
0.7079
0.4248
0.3398
0.3115
0.3115
0.3115
0.2832
0.2832
0.2832
0.2832
0.2832
0.2832
0.2832
0.2832
0.2832
0.2718
0.2718
0.2803
0.2832
0.3964
0.2832
0.2633
0.2832
0.2832
0.2832
0.2803
0.2832
0.2832
0.2832
0.2832
0.2832
0.3115
0.2832
0.2832
0.2803
0.4248
1.2176
1.6990
3.8511
1.1327
0.9628
2.0105
2.6618
5.8616
6.5695
4.9554
1.8406
1.2176
0.8212
1.6707
0.9061
0.8778
3.4547
2.2653
1.4158
3.4263
3.5113
1.6707
1.4158
1.2176
0.7929
1.2176
0.8778
1.1893
1.0194
0.8212
0.6230
0.5097
0.4531
2.4069
0.7362
0.5380
0.5097
0.6230
0.6230
0.8495
0.9628
1.0477
1.0194
0.6513
0.5097
0.4814
0.4531
0.4531
1.2743
0.9628
0.8212
0.7079
0.7929
0.6513
0.5097
0.4814
0.4531
0.6796
0.9061
0.5663
0.5663
0.5380
0.4814
1.1327
0.5947
0.4814
0.5663
0.4814
0.4531
0.6230
0.5380
0.4248
0.4248
0.5380
0.8778
0.6513
0.7929
0.5097
0.4814
0.4814
0.4248
0.3964
0.3964
0.5947
0.4248
0.4248
0.6513
0.4248
0.6230
0.5663
0.5097
0.4248
0.5097
0.4248
0.5097
0.4248
0.3964
0.3964
0.4248
1.3026
0.8212
2.7184
1.1893
0.6230
0.4814
0.4248
0.3964
0.9061
1.1893
0.5947
0.5097
0.4814
0.6230
0.5663
0.4248
1.0477
1.5291
0.7929
1.6990
1.0194
0.8212
0.5380
1.0477
0.7646
0.7929
0.5947
0.9628
2.0954
2.1521
4.6440
1.0194
0.5947
0.5097
0.6230
0.4814
0.4248
1.4442
3.1998
0.7929
0.5097
0.4248
0.3964
0.3681
0.3681
0.6230
0.4248
0.3964
0.3681
0.3681
0.3681
0.5380
0.4248
0.4531
0.3964
0.8495
0.4531
0.3681
0.5663
0.9061
2.9733
2.2370
2.0105
0.8778
0.5663
0.4531
0.3964
0.3681
0.3681
0.3964
0.4248
0.3964
0.3398
1.2743
1.6707
0.6796
0.7929
2.3786
0.9061
1.2743
0.6230
0.4248
0.3964
0.4531
0.4531
0.3964
0.3681
0.3398
0.3398
0.5947
0.3964
0.4531
0.3681
0.3398
0.3398
0.3681
0.3398
1.7840
1.0194
0.5097
0.5380
0.6796
0.6796
0.9061
0.8778
0.5663
0.4814
0.4531
0.3681
0.3398
0.3398
0.3398
0.3115
0.3115
0.3115
0.3115
0.3115
0.5380
0.4248
0.3681
0.3398
0.3398
3.1998
5.1820
1.3592
0.6230
0.4814
0.4248
0.4248
0.9628
0.6513
0.5663
0.9061
1.9255
1.4158
0.8778
1.3592
1.3026
1.4442
0.9061
1.5857
1.3026
0.6230
0.5380
0.5097
0.5097
0.4248
0.3681
0.9628
2.3786
0.8212
0.5097
0.4531
0.3964
0.5097
0.8495
0.4531
0.3681
0.3398
0.3398
0.3398
0.3398
0.5380
0.3964
0.3681
0.3398
0.3398
0.3398
0.3115
0.8778
0.5097
0.4531
0.3964
0.5663
0.5663
0.4248
0.4531
1.1327
0.4814
0.3681
0.3681
0.3398
0.3398
0.3115
0.3115
0.3398
1.1327
0.5097
0.3964
0.3681
0.4248
0.3398
0.8212
1.3026
0.4814
0.3964
0.3681
0.3398
0.3398
0.3115
0.3115
0.3115
0.7079
0.6230
0.5947
0.3681
0.3681
0.8778
2.0954
0.5947
0.4248
0.3681
0.3398
0.3398
0.3398
0.3115
0.3115
0.8495
0.4248
0.3398
0.3398
0.3115
0.3115
0.4531
0.3398
0.3115
0.3115
1.8406
0.4531
0.3681
0.3115
0.3115
0.3115
0.3115
1.1044
0.3681
0.3115
0.3115
0.3681
0.3115
0.3115
0.3115
1.7840
1.5857
0.3964
0.3398
0.3115
0.3115
0.2832
0.2832
0.2832
0.2803
0.2718
0.2718
0.2803
0.2803
0.2803
0.2803
0.5097
0.3681
0.7929
0.4814
0.3681
0.3115
0.3398
0.4248
0.3398
0.3115
0.4248
0.3398
0.3115
0.2832
0.3398
0.2832
0.2718
0.2718
0.2718
0.3115
0.3681
0.2718
0.2633
0.2633
0.3964
0.3115
0.2832
0.2577
0.2577
0.2832
0.3398
0.3115
0.3115
0.3115
0.3398
0.3115
0.3115
0.3115
0.3115
0.5663
0.3681
1.0194
0.3964
0.3115
0.2832
0.2832
0.2832
0.2803
0.2803
0.2718
0.2718
0.2718
0.3115
0.2803
0.2718
0.2718
0.2718
0.2718
0.2718
0.2633
0.2633
0.2633
0.2633
0.2633
0.2633
0.2633
0.6230
0.6230
0.6230
0.6230
0.6230
0.6230
0.6230
0.2832
0.2832
0.2832
0.2832
0.2832
0.2832
0.2832
0.4814
0.4814
0.4814
0.4814
0.4814
0.4814
0.4814
0.3681
0.3115
0.3398
0.9061
2.0954
0.6230
0.7079
0.9628
0.5947
0.3681
0.3115
0.2747
0.2633
0.2549
0.2464
0.2407
0.2464
0.5380
1.1893
0.6513
0.3681
0.3115
0.2633
0.2549
0.2407
0.2577
0.2718
0.2407
0.2832
0.2832
0.2464
0.3398
0.2633
0.2322
0.2407
0.3115
0.4531
0.4248
0.6796
0.7646
0.5663
0.3398
0.3398
0.2718
1.0194
1.0477
0.5380
0.6513
0.3398
0.3115
0.3964
0.3115
0.2718
0.2549
0.3964
0.3681
0.4248
0.2832
0.4248
0.2832
0.2747
0.2407
0.2322
0.2265
0.3398
0.2322
0.2265
0.3681
0.3115
0.6513
0.3681
0.2832
0.2549
0.2747
1.1893
0.4814
0.3115
0.3964
0.3398
0.3681
0.3681
0.4531
0.4531
1.7840
0.4248
0.6513
0.3115
0.2747
0.4248
0.4814
0.3115
0.2832
0.4248
0.5380
0.4814
0.3398
0.3115
0.2747
0.3681
0.3115
0.2577
0.2322
0.3681
0.3398
0.3115
0.2747
0.2549
0.3681
0.5097
0.9628
0.7079
1.1044
0.5380
0.4531
0.3681
0.3115
0.2718
0.2633
0.2577
0.2718
0.3964
0.3115
0.2718
0.2747
0.2747
0.2464
0.2464
0.2464
0.2464
0.2407
0.2407
0.2407
0.2407
0.2265
0.2265
0.2152
0.2180
0.8495
1.3592
9.5145
1.6990
0.7362
0.6513
0.3964
0.3681
0.3964
0.3398
0.3398
0.3964
0.3398
0.3115
0.4531
0.4814
0.4814
0.3681
0.3115
0.2832
0.2633
5.2669
5.2669
5.2669
0.7079
0.7079
0.7079
0.7079
0.7079
0.2832
0.2832
0.2832
0.2832
0.2832
0.2832
0.2832
0.2832
0.2832
0.2832
0.2832
0.2832
0.2832
0.2832
0.2832
0.2577
0.2464
0.2464
0.2407
0.2407
0.7362
0.3115
0.2832
0.2549
0.7362
0.4814
0.3398
0.2718
0.3398
4.6440
6.0032
1.2743
0.6513
1.8406
2.0105
1.0477
0.5097
0.5947
0.4814
1.6990
0.5947
0.4531
10.0808
13.9319
3.1998
1.3026
1.0194
1.2176
1.5008
0.8212
1.6990
0.7646
0.5097
0.5947
0.4531
0.4248
0.3964
0.3964
0.3964
0.4814
2.5485
2.6618
2.0671
2.1521
1.0477
2.9450
3.0299
1.1044
0.8495
1.3592
0.7646
0.5947
0.3398
0.3398
0.3398
0.3398
0.3398
0.3398
0.3398
0.3398
0.3398
0.3398
0.3398
0.3398
0.3398
0.3398
1.0194
0.6796
0.2832
0.2832
0.2832
0.2832
0.2832
0.2832
0.2832
0.2832
0.2832
0.2832
0.2832
0.2832
0.6513
0.6513
1.2743
8.8349
9.2030
6.4846
4.8988
2.6618
2.6335
0.8778
0.6513
1.3592
1.0477
0.9061
1.9822
2.9733
0.9628
0.7646
0.5663
0.5097
0.4531
5.2953
5.9182
1.4442
1.0477
0.7646
0.5380
2.0105
0.8212
0.5380
0.4531
0.9628
0.8495
0.5380
0.4531
0.3964
0.3964
0.3964
0.3681
0.3681
0.3398
0.4531
8.5800
5.4368
9.6277
13.2806
2.4069
3.8511
4.8705
2.0671
0.9061
0.7646
0.7362
2.4069
1.6141
0.6796
0.5663
0.6230
0.9061
0.5380
0.5947
0.7362
0.5097
0.4248
0.5097
0.5947
0.6230
0.6796
2.4636
1.1893
1.4442
0.6513
1.1044
1.6707
6.4279
9.9109
15.6309
13.9319
5.1820
2.0105
1.1327
0.8495
1.1893
1.5291
0.9061
0.7929
0.7929
0.7929
1.3592
1.7556
1.1327
1.0477
1.2743
0.9628
1.1044
1.1044
0.8212
1.0477
1.0477
1.0477
1.0477
0.6230
0.6230
0.6230
0.6230
0.6230
0.6230
1.0477
1.0194
2.0671
0.7646
0.6230
0.5663
0.5380
0.5947
0.9061
1.6990
0.8495
0.8212
0.9628
0.6796
0.6230
0.5947
0.5663
0.5380
0.5663
0.6513
1.4442
1.0477
2.4919
2.2370
1.9255
1.6141
2.4919
1.4158
1.0477
0.8778
1.1044
0.7929
0.7929
0.9628
0.7079
0.7079
0.7079
1.1893
1.1327
0.7929
1.2176
1.5291
1.7556
1.1327
0.8212
0.6513
0.7929
0.9061
0.6796
1.1893
1.0477
0.6513
1.3026
1.8972
1.0477
0.7646
1.0477
1.5008
0.8778
0.6513
0.8212
0.7929
0.8495
0.7929
0.7929
0.7646
1.2743
1.3026
1.3026
1.1327
0.9628
1.0477
0.8778
0.6513
0.7929
0.7362
0.7362
0.5947
0.5947
1.3026
0.6513
0.6230
1.6141
2.4919
3.4547
0.9628
0.6796
0.7929
0.7362
0.6230
0.9628
0.7646
0.6513
0.5663
0.5097
0.4814
0.4531
0.4531
0.4531
0.4248
0.4248
0.4531
0.4531
0.4814
0.7362
0.8778
0.5380
0.4814
0.4248
0.4248
0.4248
0.4248
0.4248
0.7362
0.7646
1.2743
1.4158
0.7079
0.5947
0.5947
0.5947
0.5097
0.4814
0.4814
0.4814
0.8212
0.7646
1.0194
1.1893
1.0477
1.2743
0.8778
0.5947
0.5097
0.5380
0.4814
0.4531
0.4531
0.5947
0.5097
0.4814
0.4531
0.4248
0.4248
1.6990
1.1327
0.6796
1.1893
0.7646
0.6230
0.5097
1.5857
0.8495
3.0582
1.2743
3.8511
3.7095
5.6917
2.0105
1.7840
0.9628
1.2176
1.3026
1.0194
1.8406
1.1327
0.7646
0.6230
0.6230
0.7929
0.6230
0.5380
0.5097
0.6230
3.2848
0.9061
0.6513
0.5380
0.7362
0.9061
0.7362
0.7079
0.6796
0.5663
0.6513
0.6230
0.8778
1.0194
1.9822
3.4547
3.1149
6.8810
1.6707
0.9061
0.7079
0.6513
0.5663
0.5380
0.5097
0.4814
0.4814
0.4531
0.4531
0.4248
0.4248
0.4248
0.6796
0.5380
0.4531
0.4248
0.8778
0.9628
1.4442
1.3026
1.8972
0.7929
0.8778
0.9628
2.4636
1.3592
0.7646
0.6230
0.5380
0.5097
1.5008
1.1044
0.6230
0.6230
0.7929
1.6707
1.0477
0.7646
1.0194
1.0477
0.7079
0.5663
0.5097
0.4814
2.0105
2.0105
1.6707
1.3592
0.8778
0.6513
0.5380
0.9061
3.0582
1.1327
0.7362
0.6230
0.5380
0.5097
0.4814
2.1804
0.5947
0.4814
0.4248
0.3964
0.3681
0.3681
0.3681
0.3681
0.3681
0.3681
0.3681
0.3681
0.3681
0.3681
0.3681
0.3681
0.4814
0.3681
0.3681
0.3681
0.3681
0.3681
0.3681
0.4248
0.3964
0.3681
0.3398
0.3681
0.4814
1.1327
0.5380
0.7646
1.1327
0.6513
2.4069
1.4158
1.0194
0.8212
0.9628
0.7362
0.7362
4.2192
1.3592
2.0954
0.7079
0.5663
0.5380
0.5097
0.4531
0.4248
0.7362
1.6141
0.9628
0.8212
0.8778
0.6796
0.5947
2.7467
2.0954
2.3220
1.6141
0.7929
0.6513
1.1327
3.5113
3.1149
1.1327
0.7362
0.8212
1.8406
2.4636
0.9628
2.9450
0.9061
0.8495
2.4069
3.6812
0.9061
0.7929
1.4158
0.7362
0.5947
0.5663
0.5097
0.4814
0.4531
0.5097
0.4814
0.4248
0.4248
0.7929
1.5857
0.6796
0.6796
0.5663
0.4814
0.4248
0.4248
0.4248
0.4248
0.4248
0.4248
0.4814
0.4814
0.4248
0.3964
0.3964
0.5097
1.0477
0.5097
0.5947
0.6513
0.5380
0.4531
0.4248
0.4248
0.4814
0.5097
0.4531
0.5097
0.5663
1.7556
2.9450
0.9628
0.7079
0.6513
0.6796
2.4636
1.0194
0.7362
0.8495
0.7929
0.6230
1.2743
2.1804
0.9628
1.0477
1.9255
0.9628
0.7929
0.8778
0.9061
1.2176
3.2848
1.0477
0.7929
0.6230
0.6230
0.9628
2.5485
0.8212
1.2743
1.4442
5.9465
2.0671
1.0194
0.7646
0.9628
1.6141
1.1327
0.7929
0.7646
0.7079
0.5947
0.6513
0.5097
0.4814
0.5097
0.6230
1.3592
0.8495
0.7646
0.7362
0.6230
1.1893
3.8511
1.4442
1.2743
1.1044
1.0194
0.6230
0.5947
0.6513
0.6513
0.5380
0.5097
0.4814
0.4814
0.4814
0.5947
0.7079
1.5857
3.1998
0.8778
0.7362
1.0194
0.8778
1.4158
1.4158
2.0105
0.7646
0.5947
0.5663
0.7079
0.5663
0.6230
0.5380
0.5380
1.0477
0.5947
0.4814
0.4531
0.4248
0.4248
0.4248
0.4248
0.5947
0.5947
0.5947
0.4814
1.3026
0.5947
0.5380
0.7079
0.5097
0.5663
0.5380
0.4814
0.4531
0.4248
0.4248
0.4248
0.5097
0.5097
0.4814
0.6513
0.6796
0.6230
0.5097
0.5663
0.6513
0.5380
0.5097
0.4814
0.4814
0.5663
0.5097
0.6796
0.5097
0.7929
0.7079
0.5380
0.6230
17.1317
9.0614
5.6634
4.0776
2.6335
2.4919
4.5590
2.5768
0.9061
1.0477
1.2743
1.1044
0.9061
1.3026
2.0954
0.7929
0.6230
1.3026
2.3786
0.7362
0.5097
0.4531
0.4248
0.3964
0.5097
0.4248
0.3964
0.3964
0.3681
0.3681
0.5380
1.4442
0.7362
0.5380
0.6513
1.6990
0.9061
0.8495
0.8778
1.1327
0.9061
0.6796
1.0477
0.6230
0.5097
0.4531
0.4248
0.4248
0.3964
0.3964
0.6513
1.6141
0.5663
0.4814
0.6230
1.2176
0.5663
0.4814
0.4531
0.7646
1.7840
1.1044
0.6513
0.5947
0.7079
1.0477
0.6230
0.5380
0.5097
0.4814
0.4814
0.4814
0.9628
1.0477
1.0477
1.0477
1.0477
0.4248
1.1044
0.7646
0.6513
0.4531
0.3964
0.3681
0.4814
0.6230
0.3964
0.3398
0.3398
0.3398
0.3115
0.3115
0.3115
0.3115
0.3115
0.3115
0.3115
0.3115
0.3115
1.0477
0.8212
0.5097
0.6796
2.4069
3.1432
1.4158
0.8495
1.0477
0.6513
0.5380
1.0477
0.5663
0.4531
0.4531
1.2176
0.6513
0.7362
0.6513
0.7929
1.1893
0.7362
1.8406
0.7929
0.9061
1.0477
1.6141
1.2743
0.7929
0.6796
0.6513
0.7362
0.5947
0.4814
0.3964
0.3681
0.3681
0.3964
1.5008
0.5380
0.5097
0.5663
0.7079
0.3964
0.3398
0.3681
0.7362
0.4248
0.3681
0.3398
0.3681
0.3964
0.3398
0.3398
0.3398
0.3115
0.3398
0.5663
1.7840
0.8495
2.2653
0.8212
0.9061
1.0194
0.5947
0.4531
0.6796
1.6707
0.6796
0.5097
0.4531
0.3964
0.3681
0.3681
0.3681
0.3398
0.3398
0.3398
0.3398
0.3398
0.8495
0.4531
1.0194
0.7646
0.5097
0.4814
0.5663
0.3964
0.4248
0.3964
0.3398
0.3681
0.5097
0.7079
0.4248
0.3681
0.3398
0.3115
0.3115
0.3115
0.3398
0.3964
0.3398
0.3115
0.3964
0.9628
1.0477
0.8495
1.6707
0.8495
0.5947
0.4814
0.4814
0.6230
0.7929
0.7079
0.5097
0.3964
0.3681
0.4248
1.1327
0.7646
0.5947
0.5380
0.3964
0.4248
0.3964
0.3681
0.5380
0.5097
0.3964
0.3398
0.3115
0.3115
0.4531
0.4814
0.3681
0.3115
0.3115
0.2832
0.2832
0.2832
0.3964
0.3115
0.2832
0.2803
0.3681
0.3115
0.3398
0.2832
0.3681
0.3115
0.3398
0.3681
0.3964
1.4158
0.5947
0.3964
0.3115
0.3964
0.9628
1.0477
0.7646
0.4814
0.9061
7.5040
1.4442
0.7646
0.5663
0.4248
0.3681
0.3398
0.4248
0.4248
0.4248
0.4248
0.4248
0.4248
0.4248
0.4248
0.3681
0.5097
0.3681
0.3115
0.3115
0.4531
0.5947
0.3398
0.3398
0.5380
0.5380
1.5008
1.1327
0.7362
0.4248
0.3398
1.5008
1.0477
0.5380
0.3964
0.3398
0.3115
0.3115
0.3398
0.3115
0.2832
0.2747
0.2662
0.2662
0.6230
0.3115
0.2662
0.3115
0.3115
0.2832
0.2747
0.2662
0.2747
0.2832
0.2747
0.2718
0.2832
0.2832
0.2832
0.2832
0.2832
0.2832
0.7362
0.7362
0.7362
0.7362
0.7362
0.7929
0.7929
0.7929
0.7929
0.7929
0.7929
0.7929
0.7929
0.7929
0.7929
0.7929
0.7929
0.3398
0.3398
0.3398
0.3398
0.3398
0.3398
0.3398
0.3398
0.3398
0.3398
0.3398
0.3398
0.3398
0.3398
0.3398
0.3398
0.3398
0.3398
0.3398
0.7362
0.7362
0.7362
0.7362
0.7362
0.4814
0.5380
0.4531
0.3964
1.9255
0.6230
0.3681
0.4248
0.3398
0.3115
2.1804
2.1804
0.6230
0.4248
0.5097
0.3398
0.5380
0.5380
0.3681
0.5663
0.4248
1.7840
0.7079
0.4248
0.3681
0.6796
1.5008
0.4531
0.3964
0.3115
0.3115
0.2832
0.2747
0.2662
0.2662
0.2662
0.2662
0.2662
0.2662
0.2832
0.2832
0.2747
0.4814
2.5485
6.4846
1.3592
4.3891
3.6246
2.8034
2.0105
1.7556
0.6796
1.3026
4.0210
5.6067
1.1327
0.6230
2.0105
1.8406
0.9061
0.8212
0.5380
0.4531
0.3681
0.3115
0.2832
0.2803
0.3681
1.1327
0.3681
0.3681
0.2662
0.2464
0.2407
0.2492
0.3681
0.2549
0.2265
0.2237
0.2803
2.0671
1.5008
0.5097
0.3398
0.3398
0.3681
0.2832
0.2718
0.2577
0.3681
0.5947
0.3398
0.2832
0.2577
0.2549
0.2464
0.2464
0.2407
0.2379
0.2803
0.2407
0.2265
0.2237
0.2237
0.5947
0.3964
0.2577
1.3026
0.6796
1.2743
1.8972
1.8972
5.5218
8.3252
1.1044
0.9061
0.7929
0.5663
0.7362
0.5380
1.0194
0.8778
1.3592
1.7556
1.9822
1.6990
0.5947
0.4531
0.4248
0.4814
0.3964
0.3681
0.3681
0.3681
0.5947
0.4814
0.4248
1.0477
0.5380
0.5663
0.4248
0.3964
0.3681
0.3964
0.3398
0.6513
1.2176
0.7362
0.4814
0.7079
0.9628
1.6141
3.7661
4.2192
3.8511
1.3026
3.4547
3.0299
0.9061
1.4158
1.8972
0.7929
0.6230
0.5380
0.7929
0.6230
0.6230
0.9061
0.6230
0.5097
0.8212
0.5380
0.4248
0.4248
0.4248
0.7362
0.9061
0.9628
0.9061
1.0477
0.9061
0.6230
0.4531
0.4531
0.4248
0.4248
0.4248
0.3398
0.3115
0.3398
0.3681
0.3398
0.3115
0.3681
0.3681
0.5097
0.7646
0.4814
0.9061
0.4814
0.4814
0.4248
0.3681
0.3681
0.3681
0.3398
0.4248
0.8495
0.5380
0.8778
1.2176
0.5663
0.4531
0.3964
0.3681
0.3681
0.3681
0.5380
0.7929
0.6796
0.5097
1.3592
0.7646
0.5947
0.5947
0.5380
0.5947
0.5097
0.5663
0.7362
1.1044
0.9628
1.0477
1.3026
0.8212
0.7362
0.8778
2.9450
2.8034
1.1327
0.9628
0.8778
0.5947
0.4248
0.5097
0.3681
0.3964
0.9061
1.1327
0.8778
0.4814
0.3681
0.3398
0.3115
0.3398
0.6796
0.6230
0.4248
0.5097
0.6513
0.4531
0.3115
0.3398
0.3681
0.3964
0.6796
1.4442
3.9927
3.4263
1.4442
1.0194
0.6796
0.6230
1.1893
0.5380
0.4248
0.3964
1.5291
2.0671
2.5485
0.8495
0.7079
0.8212
0.6796
0.8212
1.1893
0.8495
0.5663
0.6230
0.7079
0.5097
0.4248
0.7362
0.5380
0.4814
0.3964
0.4531
0.5947
0.4814
0.6230
0.7362
0.9628
0.6796
0.4814
0.4531
0.4248
0.4248
1.0477
1.0477
1.0477
1.0477
1.0477
1.0477
1.0477
1.0477
1.0477
0.5947
0.5380
0.6230
0.7362
0.5663
0.6230
0.5097
0.4814
0.4814
0.7362
0.6230
0.6230
2.3786
1.5291
0.5947
0.5380
0.5380
0.5947
1.4442
0.6796
0.6230
0.5380
0.5947
0.4248
0.3964
0.3681
0.3398
0.3398
0.3398
0.3398
0.3398
0.3398
0.3115
0.3115
0.3398
0.5380
0.6230
0.4814
0.3681
0.3681
0.4248
2.5485
0.8778
0.4814
0.4248
0.3681
0.3398
0.3115
0.3115
0.3115
1.3026
1.0194
0.6230
0.4248
0.7362
2.0671
0.6513
0.4248
0.4531
0.4248
1.1327
6.0315
4.7289
1.1044
0.7362
1.2743
1.0194
0.8495
0.8212
0.9628
0.6230
0.4814
0.4248
0.3964
0.3681
5.5218
1.5857
0.7362
0.5380
0.4814
0.5947
0.5380
0.4248
0.5947
0.7362
0.5097
0.3964
0.3681
0.3398
0.6230
1.3026
0.9061
0.5380
0.5663
0.6230
0.5097
0.5380
0.5663
0.5663
0.5097
0.3964
0.3681
0.5947
0.3398
0.3398
0.3115
0.3115
0.3681
0.3681
0.3681
0.3681
0.3681
0.7362
0.7362
0.7362
0.7362
0.7362
0.7362
0.7362
0.7362
0.4248
0.4248
0.4248
0.4248
0.4248
0.3398
0.3115
0.3115
0.3115
0.3115
0.3115
0.3115
0.2832
0.2832
0.2832
0.4248
0.4531
0.3398
0.2832
0.3115
0.2832
0.2747
0.2747
0.2747
0.4531
0.5097
0.3115
0.2832
0.2718
0.5097
0.3398
0.5663
0.3398
0.3681
0.5663
0.4531
0.3964
0.5380
0.5380
0.8495
0.7362
0.5380
0.6230
0.3964
0.3398
1.0194
1.0477
0.5097
0.6230
0.3681
0.3115
0.3115
0.7929
0.9628
0.6513
0.3964
0.3398
0.3115
0.3115
0.2832
0.2718
0.2718
0.3398
0.7079
0.4814
0.3681
0.2832
0.2832
0.2747
0.2832
0.3115
0.3398
0.3398
0.3398
0.3398
0.3964
0.3964
0.3964
0.3964
0.3964
0.3964
0.3964
0.2832
0.2832
0.2832
0.2832
0.2832
0.2832
0.2832
0.2832
0.2832
0.2832
0.2832
2.1804
2.1804
2.1804
0.3398
0.3398
0.3398
0.3398
0.3398
0.3398
0.3398
0.2662
0.2633
0.2577
0.2549
0.2577
0.2633
0.2577
0.2718
0.4531
0.3681
0.5380
1.2176
0.7362
1.0194
0.4531
0.9061
0.5380
0.3398
0.3115
0.2832
0.4814
0.6513
0.3681
0.3681
0.3681
0.3681
0.3681
0.2832
0.2832
0.2832
0.2832
0.2832
0.2832
0.2633
0.2633
0.2633
0.2633
0.2633
0.2633
0.2633
0.2633
0.2633
0.2633
0.2633
0.2633
0.2633
0.2633
0.2633
0.3398
0.3398
0.3398
0.3398
0.3398
0.3398
0.3398
0.3398
0.3398
0.5663
0.5663
0.5663
0.5663
0.5663
0.3964
0.4248
0.3115
0.2633
0.2492
0.3964
0.2747
0.2662
0.3964
0.3115
0.3681
0.4814
0.8778
1.5008
0.8778
0.5380
0.3681
0.3115
0.2747
0.2662
0.6796
1.4158
2.4636
0.8778
0.4814
0.4248
0.3681
0.3681
0.3398
0.2832
0.9628
0.5380
1.1044
1.2176
4.7289
2.2370
0.5380
0.6513
0.3681
0.3964
0.9628
0.9061
0.7929
0.7079
0.7929
1.0194
0.8212
0.6796
0.8778
0.7079
1.6707
1.2743
3.9927
1.5857
0.8495
1.6141
0.5947
2.0105
0.8778
0.4814
0.3681
0.3398
0.3398
0.7929
1.1893
2.6618
2.7467
1.6141
0.7929
2.3786
2.3786
0.6230
0.9628
0.7362
1.3026
0.6230
0.5947
0.7646
0.7646
0.8778
1.2176
0.6796
0.4531
0.3681
0.8778
0.5663
1.4158
1.1327
0.6230
0.5947
0.4248
0.4248
0.4814
0.4814
0.3681
0.6796
0.6230
0.3964
0.4248
1.5008
0.5947
0.7079
0.5380
0.5663
0.4248
0.3398
0.3115
0.3964
0.3964
0.4814
0.4248
1.6707
0.6796
1.2176
1.1044
0.7362
0.8212
2.4069
1.1044
0.5380
0.5947
0.4248
0.3964
0.3398
0.5380
1.9255
4.8139
1.2176
0.5663
0.6230
0.5097
0.5947
1.1044
0.8778
0.6513
2.0671
0.6230
0.5097
0.4814
0.5380
0.9628
0.5380
0.4248
0.3681
0.3681
0.5380
0.3398
0.3115
0.3398
0.7646
0.3681
0.3681
0.3115
0.4531
0.5663
1.0194
3.3414
1.0194
1.2176
0.5663
0.4531
0.4814
0.5380
0.5380
0.5380
1.0477
1.1327
1.5857
2.7184
1.1893
0.9628
0.7646
1.3026
1.1893
1.9255
1.4158
1.4158
0.7362
0.5663
1.0477
0.8212
0.5380
0.4248
0.9061
0.7362
1.1893
0.5380
0.4248
0.3681
0.3398
0.3115
0.3115
0.3115
0.3115
0.5097
0.4248
0.3398
0.5097
0.6230
0.3681
0.3115
0.2832
0.4248
2.4069
2.3786
0.7079
0.4531
0.6230
0.7362
0.5947
0.7362
0.8495
2.1521
4.8988
0.7079
2.2370
2.3220
4.3891
1.1893
1.1044
3.0582
3.1998
1.9822
1.1044
2.6335
3.1432
1.6141
9.1463
2.5768
1.0477
0.6796
0.5663
1.2743
0.6230
0.5380
0.5380
0.5663
0.4531
0.4248
0.5947
1.0477
0.5097
2.0671
1.5008
1.6141
1.2176
1.1044
0.8778
0.6230
1.3026
0.6513
0.5380
0.5663
0.5097
0.4814
0.4248
0.4248
0.3964
0.3964
0.5380
0.4531
0.3964
0.3964
0.3681
0.3681
0.3681
0.3681
0.3681
0.3681
0.3681
0.3681
0.3681
0.9061
0.9628
1.7556
2.0954
1.2743
1.0477
1.0477
1.4158
1.5857
0.9628
0.7929
0.7362
1.1893
1.2176
1.1893
2.1804
1.2176
1.3592
0.8778
0.6230
0.7079
0.5380
0.4814
0.5380
0.4814
0.8778
2.8600
1.9822
1.3026
1.4442
0.6796
2.5768
1.0477
0.9061
1.1044
1.5857
0.6796
0.5663
0.8495
0.8495
0.9628
0.6796
0.9061
0.7079
0.9628
0.8212
0.7362
0.6230
1.3026
0.7646
0.5663
0.5380
0.6230
0.6230
1.2176
0.6230
0.5380
0.5663
0.4531
0.4814
0.8212
1.1044
0.6230
1.1044
0.6230
0.5663
0.5380
0.4248
0.4248
0.4248
0.4248
0.5097
0.4531
0.3964
0.6230
0.4248
0.4531
0.4248
0.4248
0.3964
0.4248
0.6230
0.4814
0.4248
0.5663
0.4248
0.3681
0.3681
0.3681
0.3681
0.3681
0.3681
0.6230
0.4248
0.3681
