  3.6246
  4.0210
  1.6707
  1.2743
  3.2281
  2.5485
  1.6707
  2.5485
  3.6246
  2.8600
  1.6707
  1.5008
  1.6707
  1.5008
  0.9061
  1.1044
  0.9061
  1.2743
  4.0210
  6.1448
  4.0210
 20.3598
  5.2669
  5.2669
  3.6246
  9.2030
  6.1448
  3.6246
  2.8600
  2.8600
  4.8139
  4.8139
  4.0210
  5.2669
  8.6650
  5.6917
  4.4174
  4.8139
  4.4174
  4.4174
  4.4174
  3.2281
  2.5485
  2.5485
  2.1804
  8.0986
  3.2281
  5.6917
  3.6246
  2.1804
  2.1804
  1.6707
  2.8600
  2.8600
  8.6650
  3.2281
  4.0210
  7.6172
 17.3016
  8.6650
  4.8139
  2.1804
  1.6707
  1.9255
 10.3073
  3.6246
  4.8139
  3.2281
  2.1804
  2.5485
  2.5485
  4.4174
  2.1804
  1.6707
  1.6707
  1.2743
  1.1044
  0.9061
  1.1044
  1.1044
  1.1044
  0.9061
  3.6246
  9.2030
 10.3073
  3.2281
  3.2281
  2.1804
  2.1804
  5.2669
  8.0986
  6.6261
  2.5485
  2.8600
  2.1804
  2.1804
  6.1448
 12.2612
  4.4174
  2.5485
  2.5485
  1.6707
  1.9255
  5.6917
  7.1075
  6.1448
  8.0986
  2.5485
  1.9255
  4.8139
  2.8600
  1.9255
  1.9255
  1.5008
  4.0210
 23.6446
 26.2780
 41.6258
 10.3073
  5.6917
  4.3891
  3.5113
  1.0477
  0.8778
  0.8778
  0.8778
  0.8778
  0.8778
  0.8778
 11.7798
  3.9360
  1.5857
  2.0671
  1.5857
  1.4158
  1.1893
  1.1893
  1.1893
  4.3325
 17.4432
 11.1568
  4.7289
  3.9360
  2.9450
  6.5695
  7.8721
 10.9586
 15.3194
  8.7499
  5.1820
  6.5695
  4.3325
  2.9450
  4.7289
  2.9450
  2.3786
  1.8406
  1.5857
  1.5857
  1.5857
  1.4158
  1.4158
  2.9450
  1.8406
  1.4158
  1.4158
  1.4158
  1.1893
  1.1893
  1.1893
  1.4158
  1.4158
  1.1893
  1.1893
  1.1893
  1.1893
  1.1893
  1.1893
  1.0477
  1.0477
  1.0477
  1.0477
  1.0477
  1.0477
  1.0477
  1.0477
  5.6917
  3.0582
  2.1804
  1.8406
  3.0582
  1.9822
  1.4158
  1.3026
  1.2743
  1.2743
  1.2176
  1.3026
  4.3891
  3.5113
  4.5873
  6.5695
  4.3891
  3.0582
  2.6335
  2.1804
  3.2848
  2.1804
  3.5113
  5.2669
  3.5113
  2.6335
  2.4636
  2.3786
  2.3786
  2.3786
  2.9450
  1.8406
  2.3786
  2.0671
  1.8406
  2.0671
  2.9450
  1.8406
  1.5857
  1.5857
  1.4158
  1.5857
  2.0671
  1.5857
  2.3786
  3.5962
  1.8406
  2.6335
  2.0671
  1.5857
  1.4158
  1.4158
  2.3786
  1.8406
  2.3786
  1.5857
  1.4158
  1.1893
  1.1893
  1.4158
  1.1893
  2.0671
  1.8406
  2.9450
  2.0671
  2.6335
  2.6335
  1.8406
  1.8406
  2.0671
  2.0671
  3.5962
  2.0671
  2.0671
  1.8406
  1.5857
  1.5857
  2.3786
  2.3786
  1.8406
  1.5857
  1.5857
  1.5857
  1.4158
  1.4158
  1.1893
  1.1893
  1.4158
  1.5857
  1.1893
  1.0477
  1.0477
  1.5857
  1.1893
  1.0477
  1.0477
  1.0477
  1.0477
  1.0477
  2.6335
  3.2281
  1.8406
  1.5857
  1.1893
  1.1893
  1.1893
  1.1893
  1.1893
  1.4158
  4.3325
  2.9450
  2.6335
  2.6335
  3.2281
  3.5962
  3.5962
  4.7289
  3.9360
  5.6067
  1.5008
  1.5008
  1.5008
  1.5008
  1.5008
  1.5008
  1.5008
  1.5008
  1.5008
  1.6990
  1.6990
  1.6990
  1.5008
  3.7661
  2.1804
  1.6990
  2.7467
  3.0582
  2.1804
  1.9255
  1.6990
  1.9255
  1.6990
  1.5008
  1.6990
  1.6990
  3.4263
  1.6990
  1.5008
  4.8705
 10.4206
  8.7499
 16.6503
 16.6503
 23.2198
 10.9586
  7.3624
  4.4741
  4.8705
  4.1059
  4.1059
  2.1804
  1.6990
  1.5008
  1.6990
  1.3026
  1.5008
  3.4263
  4.1059
  2.4636
  2.7467
  3.7661
  2.4636
  3.4263
  3.0582
  4.1059
  2.4636
  2.1804
  2.1804
  2.1804
  2.4636
  2.4636
  2.1804
  2.1804
  3.0582
  3.7661
  1.9255
  1.6990
  1.6990
  1.5008
  1.6990
  2.1804
  3.7661
  4.1059
  2.4636
  2.1804
  3.0582
  5.6634
  3.7661
  3.0582
  1.9255
  3.7661
  3.7661
  2.1804
  1.9255
  1.6990
  3.0582
  3.7661
  2.4636
  2.1804
  3.4263
  3.0582
  2.1804
  2.7467
  6.9093
  6.9093
  3.7661
  3.0582
  2.4636
  2.4636
  2.4636
  2.4636
  2.1804
  3.7661
  3.7661
  6.4846
  3.7661
  5.2669
  7.7871
  6.0315
  3.4263
  3.4263
  3.4263
  2.7467
  2.4636
  2.1804
  2.1804
  1.6990
  1.6990
  1.6990
  1.6990
  1.6990
  1.6990
  3.4263
  4.4741
  3.0582
  3.4263
  2.1804
  2.7467
  3.4263
  2.1804
  1.9255
  1.6990
  1.9255
  2.1804
  1.6990
  3.4263
  2.4636
  1.9255
  3.4263
  2.7467
  3.4263
  3.4263
  2.7467
  1.9255
  1.6990
  1.5008
  1.5008
  1.5008
  1.6990
  1.6990
  1.6990
  1.6990
  1.6990
  1.6990
  1.5008
  1.5008
  1.5008
  1.5008
  2.4636
  1.9255
  1.9255
  1.6990
  1.5008
  1.5008
  1.3026
  1.3026
  1.3026
  1.3026
  1.3026
  1.6990
  2.1804
  1.6990
  1.9255
  2.4636
  3.0582
  2.7467
  2.4636
  2.1804
  4.4741
  6.4846
  3.5113
  2.6335
  2.0671
  2.0671
  1.8972
  2.0671
  1.8972
  2.0671
  2.0671
  2.0671
  2.2653
  2.4636
  2.2653
  3.2848
  2.6335
  2.1804
  2.3220
  2.4919
  2.0671
  2.0671
  2.0671
  1.8972
  1.8972
  1.8972
  2.0671
  1.6990
  1.6990
  1.5857
  1.8972
  1.6990
  1.8972
  2.4636
  4.9554
  2.8883
  2.0671
  2.0671
  1.8972
  1.8972
  1.8972
  1.6990
  1.6990
  1.8972
  1.8972
  1.6990
  1.8972
  1.8972
  1.8972
  2.4636
  3.3697
 18.7458
 13.7620
  4.4174
  2.8883
  2.2653
  2.2653
  2.0671
  2.0671
  1.8972
  2.2653
  2.4636
  2.0671
  2.4636
  2.4636
  3.3697
  2.2653
  2.0671
  2.4636
  3.9077
  5.5218
  3.9077
  4.7006
  3.3697
  2.6618
  2.2653
  2.0671
  2.0671
  1.8972
  2.2653
  6.1448
  6.4846
  3.9077
  2.8883
  2.4636
  2.0671
  2.0671
  1.8972
  1.8972
  1.6990
  1.6990
  1.6990
  1.8972
  1.6990
  1.6990
  1.6990
  1.8972
  4.9554
  4.4174
  2.2653
  2.0671
  2.4636
  4.1626
  6.8244
  5.8333
  3.6246
  2.4636
  2.2653
  2.0671
  2.6618
  2.4636
  2.0671
  1.6990
  2.0671
  1.8972
  1.8972
  3.3697
  3.6246
  2.4636
  2.0671
  2.0671
  1.8972
  2.0671
  1.8972
  2.2653
  2.0671
  1.8972
  2.2653
  1.8972
  2.0671
  1.8972
  1.6990
  1.6990
  1.6990
  2.8883
  2.6618
  4.9554
  2.4636
  2.8883
  2.0671
  2.0671
  2.0671
  1.6990
  1.5857
  1.4442
  1.4442
  1.4442
  1.4442
  1.4442
  2.4636
  1.6990
  1.6990
  1.6990
  1.6990
  1.6990
  1.6990
  1.8972
  1.8972
  1.8972
  1.8972
  1.6990
  1.6990
  1.6990
  1.6990
  1.6990
  1.6990
  1.8972
  1.6990
  2.4636
  2.0671
  2.8883
  1.6990
  1.6990
  1.6990
  1.6990
  1.6990
  1.6990
  2.0671
  2.6618
  2.6618
  1.6990
  1.5857
  1.5857
  1.5857
  1.5857
  1.6990
  1.6990
  1.1044
  1.1044
  1.1044
  1.1044
  1.1044
  1.1044
  1.1044
  1.1044
  1.1044
  3.5113
  3.5113
  3.5113
  3.5113
  3.5113
  3.5113
  3.5113
  3.5113
  3.5113
  3.5113
  1.3026
  1.3026
  1.3026
  1.3026
  1.3026
  1.3026
  2.1804
  2.1804
  2.1804
  2.1804
  2.1804
  2.1804
  2.1804
  2.1804
  1.5291
  1.5291
  1.5291
  1.5291
  1.5291
  1.5291
  1.5291
  1.5291
  1.5291
  1.5291
  2.8883
  1.3026
  1.3026
  1.2743
  1.6990
  2.4636
  1.3592
  5.2669
  7.8438
  3.1998
  4.1059
  9.0331
  3.7661
  6.7394
  3.1149
  2.8034
  1.9255
  1.6707
  1.5857
  1.7556
  1.8972
  2.1804
  1.8972
  1.5008
  3.0299
  8.4101
  2.8883
  5.7483
  5.2669
  6.2297
  6.2297
  3.2848
  3.2848
  3.2848
  7.8438
  2.4636
  1.9255
  1.6707
  1.6707
  1.5008
  1.4158
  1.7556
  2.0105
  3.1998
  2.4636
  1.6707
  1.4158
  1.4442
  1.5008
  2.5768
  2.0954
  1.8972
  1.9822
  6.7111
  5.7766
 14.1867
 20.3315
  7.3624
  3.3697
  2.4919
  2.2653
  2.7184
  2.0671
  1.9822
  3.1432
  2.1521
  1.8972
  1.7840
  2.0671
  2.0671
  1.8972
  1.8972
  4.1059
  2.7184
  2.9450
  3.9927
  2.0954
  3.1432
  2.5485
  1.8406
  1.6990
  3.4547
  1.9255
  2.3786
  1.8972
  1.6990
  1.5857
  1.5291
  1.5008
  1.4442
  1.4442
  1.5291
  1.5291
  1.4442
  1.4158
  1.4158
  1.4158
  1.7840
  1.4442
  1.5008
  1.5291
  1.4158
  1.3592
  1.3026
  1.3026
  1.3026
  1.4158
  2.3220
  1.9255
  1.5291
  1.4158
  1.5291
  1.4158
  1.4158
  1.3026
  1.3026
  1.3592
  1.4158
  1.3026
  1.3026
  1.3026
  4.1626
  5.5218
  2.1804
  1.7556
  1.5291
  2.0105
  1.5291
  1.5857
  1.4442
  1.4158
  1.4158
  1.4442
  1.4158
  1.4442
  1.4442
  1.5857
  1.6141
  2.0105
  1.5857
  1.8406
  2.2370
  4.2475
  3.5396
  2.0954
  1.6707
  1.5291
  2.4919
  1.6141
  1.5291
  1.5291
  1.4158
  1.3592
  1.3026
  1.3026
  1.3026
  2.9733
  2.4919
  1.5857
  3.7661
  5.0404
  1.8972
  3.1149
  1.8972
  1.5857
  1.4442
  1.4442
  4.8988
  3.1998
  2.5485
  1.6990
  1.7840
  2.8883
  2.1804
  2.4069
  3.2848
  1.7840
  2.1804
  1.6990
  1.4442
  1.6707
  1.3026
  5.1820
  2.2653
  1.5857
  1.4442
  1.3592
  1.6707
  1.5008
  2.1521
  1.5291
  2.4069
  1.7840
  1.4158
  1.4442
  5.1253
  1.6990
  3.7095
  2.4636
  1.5291
  1.4158
  1.3026
  1.3026
  1.2743
  1.2743
  1.3026
  1.4442
  1.3026
  1.2743
  1.3026
  1.3026
  1.3026
  1.2176
  1.1893
  1.1327
  1.1327
  1.1327
  1.8406
  2.7467
  2.0105
  1.4158
  1.3592
  1.5291
  2.9733
  1.7840
  1.8972
  1.4442
  1.3026
  4.1626
  5.3519
  2.2370
  6.3996
  1.4158
  1.3592
  1.5291
  1.5291
  4.3325
  5.2103
 10.1091
 11.4683
  2.8883
  2.1521
  2.7467
  2.4636
  2.0671
  5.0687
  2.3220
  1.9822
  2.8600
  3.6812
  2.4636
 12.8842
  4.2475
  2.3220
  1.8406
  2.0105
  2.5768
  1.6707
  1.5291
  1.4442
  1.4158
  1.3592
  1.3026
  1.3026
  1.5291
  1.6990
  4.9838
  2.4636
  2.0105
  5.6634
  2.8883
  2.3220
  1.8406
  1.5857
  2.2653
  1.5291
  1.4158
  1.3592
  2.1804
  1.5857
  1.4442
  1.4442
  1.5857
  1.4442
  7.0226
 18.9157
  5.7483
 15.8574
  4.0210
  2.0671
  1.6141
  1.6990
  1.4158
  1.4158
  1.2743
  1.2176
  1.1893
  1.1327
  1.1044
  1.1044
  1.1044
  1.2176
  1.1044
  1.1327
  1.1044
  1.0477
  1.6141
  1.2743
  1.1044
  1.1044
  1.0477
  1.1044
  1.2176
  2.0954
  1.3026
  1.1327
  1.0477
  1.0477
  1.0477
  1.0477
  1.0477
  1.0477
  1.0477
  1.0477
  1.0477
  1.0477
  1.0477
  1.4442
  1.1044
  1.0477
  1.0477
  1.3026
  1.5008
  1.1327
  1.1327
  1.1893
  2.1521
  1.2176
  1.1044
  1.1044
  1.1327
  1.1044
  1.1044
  1.1327
  1.1044
  1.1327
  1.1044
  1.1044
  1.8972
  1.2176
  3.7661
  1.3026
  1.1327
  1.1044
  1.1044
  1.1327
  1.0477
  1.5857
  1.1044
  1.0477
  1.0477
  3.7095
  2.5768
  2.0105
  3.2281
  1.4442
  1.7556
  1.3026
  1.3026
  1.3026
  1.3592
  1.1893
  1.3592
  1.6141
  1.2176
  1.1327
  1.1044
  1.1044
  1.1044
  1.1327
  1.1327
  1.0477
  1.0477
  1.0477
  2.6618
  7.1075
  2.6335
  5.5218
  2.8883
  2.5485
  2.1804
  3.5113
  2.0954
  2.8034
  1.8972
 48.1386
 15.8008
  3.3414
  2.6335
  2.3786
  3.7661
  2.5485
  3.5113
  3.0582
  2.0671
  1.8406
  2.7184
  2.1804
  1.6990
  1.5291
  1.4442
  1.4158
  1.6707
  1.5291
  1.6141
  4.7006
  2.7184
  1.9255
  2.1521
  1.8972
  1.5857
  1.5857
  1.4442
  1.3592
  1.3026
  1.6141
  1.6141
  1.5291
  2.6335
  2.3220
  1.5857
  2.9733
  3.5113
  4.1059
  3.1149
  2.1804
  1.7556
  1.5291
  2.0671
  3.9360
  2.0671
  2.6335
  3.0299
  2.8034
  3.0582
  2.3220
  2.1804
  1.8406
  1.6141
  1.5291
  1.5857
  1.4442
  1.4158
  1.3592
  1.3026
  1.3026
  1.2743
  1.2743
  1.2743
  1.2743
  1.2743
  1.2176
  1.5008
  1.4158
  1.2743
  1.5857
  1.3592
  2.5485
  3.0299
  3.5113
  4.5590
  6.3996
  2.4919
  2.0671
  3.9360
  2.9450
  2.3220
  1.8972
  1.6707
  1.5291
  1.6141
  1.5291
  1.4442
  1.4158
  1.4158
  1.4158
  1.4158
  1.4158
  1.3592
  1.4158
  1.4442
  1.7840
  1.5857
  1.6141
  1.6141
  1.7556
  1.6707
  1.4158
  1.3592
  1.3026
  1.3592
  1.3026
  1.3026
  1.3592
  1.5008
  2.3220
  2.4069
  1.5291
  1.4158
  1.6990
  1.7556
  1.7840
  1.8972
  1.5857
  1.5008
  1.3592
  1.3026
  1.2743
  1.2176
  1.2176
  1.3026
  1.2743
  1.4158
  1.7556
  3.8511
  2.2653
  2.7184
  1.8972
  9.2879
  3.1998
  2.0105
  1.6990
  1.5291
  1.4442
  1.3592
  1.4158
  1.4442
  1.8406
  1.6990
  1.4442
  1.4442
  1.6707
  1.4442
  2.5768
  2.2653
  2.0105
  1.5857
  2.2370
  2.0671
  2.2370
  2.3786
  1.7840
  1.6990
  1.5291
  8.9481
  6.0032
  2.7184
  2.0105
  1.7556
  1.5857
  1.5008
  1.4442
  1.4158
  1.3026
  1.3026
  1.2176
  1.2743
  1.3026
  1.3026
  1.2743
  1.4442
  1.4158
  1.3026
  1.2176
  1.1893
  1.1893
  1.1327
  1.1327
  1.1327
  1.1044
  1.3592
  1.5291
  1.1327
  1.1327
  1.1044
  1.1044
  5.0687
  2.9733
  2.1804
 18.3210
  2.4636
  1.7556
  1.4442
  1.4158
  1.3026
  1.2176
  1.1893
  7.1075
  1.3592
  1.4442
  1.5857
  1.4442
  1.4158
  3.8511
  1.9255
  1.5857
  1.4442
  1.4158
  1.3026
  1.2743
  5.4652
 22.6535
 54.6515
 41.3426
 12.5160
  7.1358
  3.0582
  2.5768
  6.3996
  3.0582
  2.3220
  2.0954
  2.6335
  3.9077
 16.6786
  3.8511
  2.8034
  2.2370
  2.3786
  1.9255
  1.7556
  1.6141
  1.6707
  1.5857
  1.5291
  1.5008
  1.4442
  1.7840
  1.6990
  1.7840
 20.5014
 11.8364
  5.7766
  2.5768
  2.0105
  1.7556
  1.8972
  1.7556
  2.1804
 10.7887
  6.0881
  5.2669
  3.0582
  3.1998
  2.1804
  1.9255
  1.6707
  1.5857
  1.5008
  1.4158
  1.3592
  1.3026
  1.2743
  1.4158
  1.2743
  1.2176
  1.2176
  1.2176
  1.2176
  1.1893
  1.1327
  1.2176
  1.4158
  1.1327
  1.1044
  1.1044
  1.1044
  1.1044
  1.1327
  1.1044
  1.0477
  1.1044
  1.1893
  1.4442
  3.6246
  1.3026
  5.1253
  3.6246
  3.0582
  1.7840
  1.4158
  1.2743
  1.2176
  1.1893
  1.2176
  1.2176
  1.9822
  1.4158
  7.5323
  5.3519
  4.5590
  2.5768
  2.5768
  3.9360
  2.5768
  1.9255
  1.9255
  2.2653
  1.5857
 11.9497
  5.8333
  2.5768
  1.8972
  1.8406
  1.6141
  1.7556
  1.6141
  1.4442
  1.5857
  1.5008
  1.6707
  1.8972
  1.6707
  1.4442
  2.0954
  1.4442
  1.7556
  2.3786
  9.1463
  3.3414
  2.5768
  1.9255
  1.6141
  1.5857
  1.6707
  2.0105
  1.5008
  1.4442
  1.3026
  1.2743
  1.6990
  1.2743
  1.2176
  1.1893
  1.1893
  1.1327
  2.9450
  2.3786
  1.6707
  1.4158
  1.5008
  1.4158
  1.3592
  1.2176
  1.1893
  1.1327
  1.1327
  1.1044
  1.1893
  1.1044
  1.0477
  1.0477
  1.0477
  1.0194
  1.0194
  1.0194
  1.0194
  1.0194
  0.9628
  0.9628
  0.9628
  1.0194
  0.9628
  0.9061
  0.8778
  1.5857
  1.7556
  2.1521
  1.3592
  1.9822
  1.1893
  3.6812
  2.5768
  4.1626
  2.5485
  4.2475
 21.8606
 10.3356
  4.7006
  7.7871
 13.2806
  5.7766
  5.0687
  4.7006
  3.0582
  3.2848
  2.3786
  2.7184
  3.2848
  2.6618
  2.0105
  1.6990
  1.5291
  6.1731
  2.3220
  1.7840
  1.5857
  1.6990
  2.0671
  2.6335
  2.7184
  3.1998
  2.5485
  1.9822
  1.6141
  1.5008
  1.4158
  1.3592
  1.7556
  2.0954
  1.9255
  1.6707
  2.0954
  1.9822
  1.5857
  1.4158
  1.3026
  1.6990
  2.4919
  1.6141
  1.4158
  1.4158
  1.2743
  2.1804
  1.5291
  1.2743
  1.3026
  1.2743
  1.1893
  1.4442
  1.2743
  1.1327
  1.1327
  1.2743
  2.0954
  1.6707
  1.8972
  1.5291
  1.3592
  1.3592
  1.3592
  1.1893
  1.1327
  1.3026
  1.1893
  1.2176
  1.9255
  1.1893
  1.5857
  1.5008
  1.5857
  1.2176
  1.9255
  1.2743
  1.3026
  1.1327
  1.0477
  1.0194
  1.1327
  2.8600
  2.0954
  9.7693
  3.8228
  1.7840
  1.4158
  1.2743
  1.1327
  2.1521
  3.2848
  1.8406
  1.6990
  1.4158
  2.0954
  1.6707
  1.3026
  3.3697
  2.8883
  1.9822
  2.0671
  1.5857
  1.5857
  1.3026
  3.3697
  1.7556
  1.6707
  1.6707
  2.4636
  7.3057
  8.0986
  6.8244
  3.1149
  2.0954
  1.7556
  1.7556
  1.5291
  1.3026
  4.9838
 12.3461
  2.7184
  1.9255
  1.6141
  1.4158
  1.3026
  1.2743
  2.4919
  1.5008
  1.2743
  1.2176
  1.2743
  1.2176
  1.2743
  1.1893
  1.2176
  1.1327
  2.0954
  1.4158
  1.1893
  1.8406
  7.8721
  8.6650
  7.6172
  5.7483
  3.1149
  2.0105
  1.6707
  1.4442
  1.3592
  1.2176
  1.2176
  1.2743
  1.1893
  1.1044
  2.6618
  2.7184
  1.5857
  1.5857
  5.3519
  2.7184
  2.7467
  1.7556
  1.5008
  1.4442
  1.5291
  1.5008
  1.3592
  1.2176
  1.2176
  1.1893
  3.6246
  2.0105
  1.6990
  1.4442
  1.2743
  1.2176
  0.9061
  1.0194
  0.7646
  0.7929
  0.7646
  1.2176
  0.8778
  0.7929
  0.7646
  0.7362
  0.7646
  0.7929
  0.7362
  0.7079
  0.7079
  0.7929
  1.1327
  0.8778
  0.7646
  0.9061
  1.5291
  1.1893
  2.3786
  1.1893
  0.8778
  0.8212
  0.7929
  0.7646
  0.7362
  0.7362
  0.7079
  0.6796
  0.6796
  0.7646
  0.6796
  0.6796
  0.6796
  0.6796
  0.6796
  0.6796
  1.0194
  0.7362
  0.6513
  0.6230
  0.6230
  0.6230
  0.6230
  0.9061
  2.2370
  0.9628
  1.8406
  2.9450
  1.1327
  0.7929
  0.7929
  0.7079
  0.6796
  0.6513
  0.7079
  0.9628
  0.7929
  2.2370
  1.5857
  0.7929
  0.8495
  0.7646
  1.6990
  0.8495
  1.5291
  1.0477
  0.8778
  1.3026
  4.8139
  2.0105
  3.5113
  4.0210
  2.0105
  1.3026
  1.1327
  0.9628
  0.8495
  0.7929
  0.7929
  0.7362
  0.7362
  0.9628
  2.3786
  1.5008
  0.9628
  0.7929
  0.7362
  0.7079
  0.6796
  0.7079
  0.6796
  0.6796
  0.7362
  0.7079
  0.6796
  0.8495
  0.6796
  0.6796
  0.6513
  0.7646
  1.2743
  1.5291
  2.4919
  2.3220
  1.6707
  1.1893
  2.0954
  1.1327
  6.1731
  4.7855
  2.4636
  2.3220
  1.4442
  1.3026
  1.3592
  1.1327
  0.9061
  0.8495
  1.5291
  1.4442
  1.3026
  1.0477
  1.5291
  1.0477
  0.9628
  0.8212
  0.7929
  0.7929
  2.4069
  0.8778
  0.8212
  1.0477
  0.8778
  2.0671
  1.3026
  0.9061
  0.7929
  0.8495
  3.0299
  1.5008
  0.9628
  1.4158
  1.2743
  1.2176
  1.5857
  2.0105
  2.0105
  6.7111
  1.8406
  6.4846
  2.0105
  1.5008
  2.4069
  2.2653
  1.6990
  1.4442
  1.8406
  2.2370
  2.3220
  1.9822
  1.6141
  1.3592
  1.6990
  1.7556
  1.3026
  1.1893
  1.6707
  1.3026
  1.3026
  1.1893
  1.0477
  1.3592
  2.2653
  5.4652
  2.8883
  5.7766
  2.7467
  1.8406
  1.7556
  1.7556
  1.5857
  1.3026
  1.1893
  1.1327
  1.0477
  1.0194
  0.9628
  0.9628
  0.9061
  0.9061
 11.5250
 13.2240
 54.6515
 60.0317
  8.1836
  6.8244
 10.0808
  5.5218
  2.7467
  2.1804
  1.9822
  6.1731
  4.3891
  2.0105
  1.6707
  1.7556
  2.5485
  1.5291
  1.5008
  1.6990
  1.3592
  1.2743
  1.4158
  1.5008
  1.7840
  2.5485
  8.4951
  3.8228
  4.8988
  2.3220
  2.0105
  4.1059
 18.3210
 39.9268
 53.5188
 56.6337
 14.7248
  5.7766
  3.3414
  2.4636
  8.1553
  6.7111
  2.9733
  2.3220
  2.2370
  1.9822
  4.2475
  3.9927
  2.6335
  3.0299
  3.3697
  2.8034
  2.5485
  2.6618
  2.1804
  2.2653
  4.5590
  5.6634
  4.9838
  1.9255
  1.9255
  1.9255
  1.9255
  1.5291
  1.6990
  2.1521
  2.4069
  4.8705
  1.9255
  1.5857
  1.5008
  1.3592
  1.3592
  2.8883
  5.4368
  2.1804
  2.0105
  1.9255
  1.5291
  1.4158
  1.3026
  1.2743
  1.3026
  1.3026
  1.5008
  3.5396
  2.6618
  7.1925
  9.2030
 10.1657
  6.5412
  9.7127
  4.1059
  2.4636
  2.1804
  2.1804
  1.6990
  1.9255
  2.4636
  2.0105
  1.7840
  1.5857
  3.0299
  2.7467
  2.0105
  3.7095
  5.3519
  5.2103
  3.0582
  2.2653
  1.8406
  2.0105
  2.3786
  1.7556
  2.2370
  1.9255
  1.5291
  3.8511
  5.2103
  3.0582
  2.1521
  2.6618
  4.4741
  2.2653
  1.7556
  2.1804
  1.8972
  2.0105
  1.9255
  2.0954
  1.9822
  4.0210
  5.1253
  4.3042
  4.6440
  2.7467
  2.5768
  2.2653
  1.7840
  2.4069
  2.2370
  2.0671
  2.0671
  2.2370
  5.7483
  2.2653
  1.8406
  3.2848
  7.3057
 15.0646
  3.6812
  2.4919
  2.7184
  2.2370
  2.0954
  3.2281
  2.5485
  2.1804
  1.8972
  1.6707
  1.5008
  1.5008
  1.4442
  1.3592
  1.3592
  1.3026
  1.3026
  1.2743
  1.3026
  2.0954
  2.7467
  1.6707
  2.8883
  2.0671
  3.6812
  1.8406
  1.7556
  6.5695
  3.5113
  8.1553
  2.0954
  1.6141
  1.4158
  1.2743
  1.1893
  1.1893
  1.6990
  4.9554
  2.3786
  2.1804
  2.2653
  1.8406
  1.6990
 12.4311
  6.6261
  6.8810
  6.6545
  2.5485
  2.0105
  3.6246
 15.7158
 12.8275
  5.2669
  2.6335
  2.4069
  6.1731
  8.8349
  3.5113
  7.9854
  3.0299
  2.4919
  3.0582
 10.2507
  2.9450
  2.3220
  3.6246
  2.0954
  1.8406
  1.6707
  1.5008
  1.4158
  1.3026
  1.3026
  1.2743
  1.1893
  1.1327
  2.6335
  4.8705
  1.9822
  1.7556
  1.5008
  1.4158
  1.2743
  1.1893
  1.1893
  1.1893
  1.1893
  1.1044
  1.1044
  1.1044
  1.1044
  1.0194
  1.0194
  1.1893
  3.4547
  1.3592
  1.2176
  1.3592
  1.1893
  1.0477
  1.0477
  1.0194
  1.0194
  1.0477
  0.9628
  1.0194
  1.1044
  4.4174
 11.0719
  2.8034
  1.7556
  1.5008
  1.5008
  8.0703
  2.9733
  1.8406
  2.0671
  2.0671
  1.5291
  4.7289
 15.5459
  3.4547
  3.0582
  8.0986
  3.5962
  2.5768
  3.1998
  2.9450
  5.6634
 18.7458
  4.6440
  2.7467
  2.0954
  1.8406
  2.5768
  5.7483
  2.1804
  2.8883
  3.0299
 16.8202
 11.6665
  3.1998
  2.3220
  2.8600
  4.1059
  2.9733
  2.1521
  1.9255
  1.7840
  1.6141
  2.1804
  1.5008
  1.3592
  1.4158
  1.5008
  2.5485
  1.5857
  1.5857
  1.5857
  1.5857
 14.8947
 14.8947
 14.8947
 14.8947
 14.8947
  3.5113
  3.5113
  1.4158
  1.4158
  1.4158
  1.4158
  1.4158
  1.2176
  1.1893
  1.1893
  1.3592
  1.6707
  5.9465
 13.3656
  3.3414
  2.2653
  3.6246
  2.8600
  3.2281
  3.3414
  9.3446
  2.5768
  1.9255
  1.6990
  2.0954
  1.6141
  1.9255
  1.7840
  1.8406
  4.7006
  1.9255
  1.5008
  1.3026
  1.2176
  1.1893
  1.1893
  1.1327
  1.5857
  1.4442
  1.5291
  1.1044
  1.1327
  1.1327
  1.0477
  0.9628
  0.9628
  0.9061
  0.9061
  2.1804
 12.1479
  4.4174
  6.7111
  3.2281
  2.4069
  2.4069
  2.4069
  1.5857
  1.8406
  9.3729
  2.3220
  1.6990
  1.4158
  1.3026
  1.1893
  1.1327
  1.0477
  0.9628
  0.9628
  0.9061
  0.9061
  0.9061
  1.0477
  1.0477
  1.8972
  1.8406
  0.9628
  1.1893
  1.7556
  1.0477
  1.0477
  0.9061
  0.8495
  0.8778
  1.0477
  1.3026
  0.9061
  0.8495
  0.7929
  0.7929
  0.7646
  0.7362
  0.7929
  0.8778
  0.7362
  0.7079
  0.7929
  1.4158
  1.6141
  3.9360
  5.0404
  2.0105
  2.8883
  1.3026
  1.1893
  1.3592
  1.8406
  1.5291
  1.1327
  0.8778
  0.8212
  0.8778
  2.0671
  1.4158
  1.0477
  0.9628
  0.8212
  0.8495
  0.7929
  0.7646
  0.7929
  0.7929
  0.7646
  0.7079
  0.6796
  0.7079
  0.8495
  0.8778
  0.7362
  0.6796
  0.6796
  0.6796
  0.8212
  0.8212
  1.0194
  0.8212
  0.8212
  0.8212
  0.9061
  0.8495
  0.9061
  0.8495
  1.3592
  0.9628
  0.9061
  0.9061
  1.0194
  3.8228
  1.8972
  1.1327
  0.9628
  1.0477
  3.0299
  5.2953
  2.9733
  1.6990
  2.9450
 27.1275
  6.5695
  3.2281
  2.0671
  1.6141
  1.4158
  1.2743
  1.1893
  1.3592
  1.5857
  2.6618
  3.1432
  2.2370
  1.6141
  1.5291
  1.4442
  1.7556
  1.4158
  1.2743
  1.1327
  1.7840
  2.0954
  1.4442
  1.2743
  1.7556
  1.8406
  4.7289
  3.1998
  2.2370
  1.5008
  1.2743
  3.1432
  2.2370
  1.6141
  1.2743
  1.1327
  1.1044
  0.9628
  1.0194
  0.9061
  0.8212
  0.8212
  0.8212
  0.7646
  6.5695
  0.8212
  0.8212
  0.8212
  0.8212
  0.8212
  0.8212
  0.8212
  0.8212
  0.8212
  0.8212
  0.7362
  0.7362
  0.7362
  0.7362
  0.7362
  0.8212
  0.8212
  1.9822
  0.9628
  1.5291
  2.8034
  4.3891
  5.1820
  3.1998
  1.9255
  2.5768
  4.8988
 10.0242
 12.7426
 12.1762
 14.4133
  5.8616
 31.4317
 15.0362
  4.5024
  3.0299
  3.5113
  2.3786
  2.0671
  1.8972
  2.1521
  2.0671
  2.0671
  2.0671
  1.8972
  1.6707
  2.0954
  1.6141
  1.4442
  1.4442
  1.4442
  2.6618
  3.6812
  4.2192
  4.2192
  3.8511
  7.5889
  3.0299
  2.0954
  1.9822
  1.7840
  1.6990
  1.6990
  1.5008
  1.4442
  1.4442
  1.5008
  1.3026
  1.2743
  1.3592
  1.4158
  1.8406
  2.9733
  4.6440
  3.9077
  1.8972
  1.7556
  1.5291
  1.4158
  1.3592
  1.2743
  1.2176
  1.4158
  2.5485
  1.5857
  2.8883
  6.0032
  2.1804
  1.6141
  1.4442
  1.3592
  1.2743
  1.2743
  1.5857
  2.3786
  2.2653
  1.6141
  5.4368
  4.2192
  2.2370
  2.5485
  2.0105
  2.4919
  1.9822
  2.1521
  3.0299
  4.9838
  4.2192
  4.5024
  5.2669
  3.7095
  2.8600
  3.4547
 11.0719
 14.4699
  7.3624
  3.8511
  3.5113
  2.4919
  1.9255
  2.0954
  1.6707
  1.6707
  3.5113
  4.4741
  4.3891
  2.1521
  1.7556
  1.6141
  1.4442
  1.4158
  1.9822
  2.5485
  1.6141
  1.8406
  2.2653
  1.6990
  1.4158
  1.3026
  1.3026
  1.2743
  1.4158
  3.9927
  8.5517
 10.4206
  4.9554
  3.3414
  2.1804
  1.7840
  7.4473
  2.2653
  1.7840
  1.5291
  4.0210
  7.8721
 15.4327
  3.5113
  2.5485
  3.0582
  2.2653
  2.9450
  4.1626
  3.7661
  2.6335
  2.2653
  2.6335
  1.8406
  1.6707
  2.7184
  1.9255
  1.8406
  1.6141
  1.6141
  1.8406
  1.6707
  2.0954
  3.6246
  4.2475
  2.8600
  1.8406
  1.6990
  1.6707
  1.5291
  1.4158
  1.4158
  3.9360
  1.6707
  1.5008
  1.6141
  2.8600
 11.8364
  3.2281
  2.2370
  1.6990
  2.0105
  2.2370
  2.0105
  2.1804
  1.6707
  1.5857
  1.6141
  2.3220
  1.8406
  1.8406
  5.0687
  1.1044
  4.8705
  1.7556
  1.1893
  1.1893
  1.6141
  1.8406
  1.3592
  1.1327
  1.1044
  1.0477
  1.0477
  1.0477
  1.0194
  1.0194
  1.1044
  1.0477
  1.0194
  7.3907
 14.0168
  1.8406
  1.2743
  1.1893
  1.1044
  1.0477
  1.0477
  1.0194
  0.9628
  0.9628
  0.9628
  0.9628
  0.9628
  0.9628
  0.9628
  0.9061
  0.9061
  1.3026
  1.3026
  1.4158
  3.2281
  1.9255
  2.9733
  1.5008
  2.6335
  1.5857
  1.3026
  1.2176
  1.1893
  1.1893
  1.1893
  1.1327
  1.1044
  1.0477
  1.1044
  1.0477
  1.0477
  1.0194
  1.0194
  1.0194
  0.9628
  0.9628
  0.9061
  0.9061
  0.9061
  0.9061
  0.8778
  0.8778
  0.8778
  0.8495
  0.8212
  0.8212
  0.8212
  0.8212
  0.8212
  0.8212
  0.7929
  1.6707
  1.7556
  0.8778
  0.8212
  0.7929
  0.7646
  1.2743
  1.4442
  1.0194
  1.4442
  2.6618
  1.8406
  2.0954
  1.1893
  1.1893
  1.2176
  0.9628
  0.8212
  0.7929
  0.9628
  0.8212
  0.7929
  1.0477
  0.9628
  1.0477
  1.5291
  2.4069
  6.9659
  2.4919
  1.6141
  1.2743
  1.1044
  0.9628
  0.9628
  2.1521
  4.5024
  6.8810
  3.1149
  1.7840
  1.5008
  1.2743
  1.2176
  1.1044
  1.0477
  2.4069
  1.4442
  3.5113
  8.4667
 29.4495
 10.7887
  2.7184
  2.7184
  1.8406
  1.6990
  3.0299
  2.9733
  2.8883
  2.8883
  2.1804
  3.0299
  2.3786
 26.8161
  4.4174
  2.8883
  6.2297
  5.6917
 12.6293
  6.4279
  3.3414
  6.4279
  2.7184
  6.6261
  3.3414
  2.1521
  1.8406
  1.6141
  1.5291
  2.0671
  3.2281
 12.0063
  9.2030
  4.8988
  3.1149
 11.4683
  9.5994
  3.0582
  4.3042
  3.7661
  5.1820
  2.7184
  2.3786
  2.8883
  2.8883
  4.3891
  4.5590
  2.8883
  2.0671
  1.7840
  3.1149
  2.3220
  6.0881
  4.7289
  2.8883
  2.4919
  2.0105
  1.8406
  1.8972
  6.0881
  3.7661
  3.7661
  4.3042
  5.2103
  3.1149
  2.7184
  2.8883
  3.3414
  5.5218
  5.7483
  8.8349
  3.5396
  3.5396
  2.7184
  2.2370
  4.3891
  2.2370
  1.9255
  1.8406
  1.6990
  5.9465
 10.8737
  6.4279
  4.8139
 10.1657
  3.1149
 11.6949
  4.7855
  3.3414
 13.1390
 13.1390
  3.7095
  3.7095
  3.7095
  5.2669
  5.2669
  5.2669
  5.2669
  3.0582
  3.0582
  3.0582
  3.0582
  3.0582
  4.3891
  4.3891
  2.1804
  2.1804
  2.1804
  2.1804
  3.2848
  3.2848
  3.2848
  3.2848
  3.2848
  3.2848
  8.3252
  8.3252
  3.2848
  3.2848
  3.2848
  2.8600
  2.8600
  2.8600
  2.8600
  2.8600
  1.9255
  1.5857
  1.5857
  1.5857
  1.5857
  1.2176
  1.2176
  1.2176
  1.2176
  1.2176
  1.2176
  1.2176
  1.2176
  1.2176
  1.0477
  1.0477
  1.0477
  1.0477
  1.0477
  1.0477
  1.0477
  1.0477
  1.1327
  1.1327
  1.1327
  1.2176
  1.2176
  1.2176
  2.0105
  2.0105
  2.0105
  1.6707
  1.6707
  1.6707
  1.6707
  2.0954
  2.0954
  4.8139
  4.8139
  2.4069
  2.4069
  2.4069
  2.4069
  4.8139
  4.8139
  4.8139
  2.0954
  2.0954
  2.0954
  1.8406
  1.8406
  1.8406
  1.8406
  1.8406
  2.1804
  2.1804
  1.7556
  1.6707
  1.6707
  1.5291
  2.4069
  2.0105
  1.6141
  2.8034
  2.8034
  2.1521
  5.2953
  2.4919
  2.4636
  2.0954
  2.2370
  2.0954
  1.6990
  2.0954
  2.0105
  3.1998
  2.7184
  1.8406
  1.6990
  1.8406
  1.6707
  1.5857
  2.0105
  1.9255
  1.5291
  1.7556
  1.6707
  1.5008
  1.5008
  1.6990
  1.5857
  1.4158
  1.3592
  1.3026
  1.9255
  6.4279
  6.3147
  2.8883
  2.4636
  2.2653
  1.8972
  1.6707
  1.5291
  1.5008
  1.5008
  1.5008
  1.4442
  1.6990
  1.4158
  1.3026
  1.2743
  1.4158
  1.2743
  1.2176
  1.1893
  1.1893
  1.1327
  1.7556
  9.8543
  3.6812
  2.2370
  1.7840
  1.6141
  1.5008
  1.4158
  1.5008
  1.4158
  1.2176
  1.1893
  1.1044
  1.0477
  1.1044
  1.1893
  1.7840
  1.1044
  0.9628
  0.9628
  1.2743
  1.2176
  1.1893
  1.0477
  0.9061
  0.9061
  1.5291
  1.3592
  1.4158
  1.1893
  1.1327
  0.9628
  1.1327
  1.3592
  1.0477
  0.9061
  0.9061
  0.8212
  0.8212
  1.6707
  1.6707
  1.4442
  1.5857
  1.1327
 30.2990
  4.3042
  3.1149
  2.1521
  2.4636
  2.8883
  1.9822
  1.5857
  1.4442
  1.3592
  1.2176
  1.1893
  1.1327
  1.1327
  1.5291
  4.3891
  1.5857
  1.5857
  2.2370
  2.6335
  2.0954
  2.3220
  2.2653
  5.6917
  2.7184
  1.9822
  1.5857
  1.5291
  1.5008
  1.3592
  1.2743
  1.2743
  1.4442
  1.4158
  1.1893
  1.1044
  1.0477
  1.2743
  1.8406
  2.2653
  1.5291
  1.6990
  2.1804
  3.8228
  2.6335
  2.3786
  3.3414
  4.0210
  5.7766
  3.1149
  4.8988
  3.3414
  2.7184
  1.9822
  2.2653
  1.9255
  2.7184
  1.8406
  1.7556
  1.5291
  2.0671
  1.6990
  2.0105
  3.4547
  2.3786
  1.8406
  1.8406
  1.6707
  2.2370
  2.2370
  1.8972
  2.3220
  3.1149
  2.8883
  2.0105
  2.4069
  4.0776
  2.2653
  2.3786
  2.0105
  2.8034
  2.0954
  2.2653
  2.6335
  1.6990
  1.5008
  1.5857
  1.7840
  1.5291
  1.3026
  1.1893
  1.1327
  1.1044
  1.1893
  1.1893
  1.1044
  1.1893
  1.0477
  1.0194
  0.9628
  0.9628
  0.9061
  0.9628
  0.9628
  1.0194
  1.2743
  1.3026
  1.4158
  1.2176
  1.1893
  1.5857
  1.2176
  1.5291
  1.8406
  2.3786
  1.4442
  1.5291
  1.3592
  1.6707
  1.6990
  1.6707
  2.0671
  1.8406
  1.5008
  1.8972
  1.6141
  2.6618
  1.9255
  1.5008
  1.5291
  1.7556
  1.5008
  1.4442
  1.3592
  1.2743
  1.2176
  1.5008
  1.2743
  1.3026
