  0.1699
  0.1133
  0.1133
  1.1610
  9.1463
  0.7079
  0.1699
  0.1699
  0.1133
  0.1699
  0.2549
  0.1133
  0.1133
  0.1133
  0.1133
  0.1133
  0.0850
  0.0566
  0.0566
  0.1699
  6.3713
  0.5663
  0.1699
  0.1133
  0.5663
  1.1610
  0.2549
  0.1699
  0.1699
  0.1699
  0.1133
  0.1133
  0.1133
  0.1133
  0.1133
  0.1133
  0.1133
  0.1133
  0.1133
  0.1133
  0.1133
  0.1982
  0.2832
  0.3681
  0.4531
  9.1463
  0.4531
  0.3681
  0.2549
  0.1699
  1.8123
  0.5663
  0.4814
  0.4248
  0.3398
  0.1699
  0.1699
  1.9822
  1.0194
  0.3398
  0.1699
  4.1059
  3.3980
  2.6901
  1.8406
  1.5574
  1.5574
  1.2743
  1.2743
  0.9911
  0.8495
  0.8495
  0.7079
  0.5663
  0.5663
  0.5663
  0.4248
  0.3398
  0.2265
  0.2265
  0.9911
  0.4248
  2.1238
 26.0515
 27.4673
  7.0792
  3.1149
  1.5574
  1.9822
  1.4158
  0.7079
  0.2265
  0.1133
  0.0566
  0.2265
  0.4248
  0.2265
  0.1133
  0.0566
 15.8574
  2.5485
  0.8495
  0.2265
  0.1133
  2.5485
  5.9465
  5.9465
  1.5574
  0.8495
  0.3398
  0.0566
  1.5574
  1.8406
  1.5574
  0.3398
  0.1133
  0.0566
 11.8931
  7.0792
 23.7862
  3.9644
  2.1238
  1.4158
  0.5663
  0.3398
  0.2265
  0.2265
  0.2265
  2.5485
  5.2386
  0.9911
  0.4248
  0.0566
  0.4248
  1.5574
  0.0566
  0.1133
  1.2743
  1.5574
  0.1699
  0.1133
  0.0566
  0.6230
  0.2832
  0.7079
  0.4248
 14.1584
  1.6990
  0.1133
  0.7079
  1.5574
  0.8495
  0.4248
  2.8317
 10.7604
  1.5574
  0.2832
  0.5663
  3.3980
 51.5367
  7.0792
  2.8317
  3.1149
  1.5574
  0.8495
  0.5663
  3.6812
  2.5485
  1.6424
  0.1954
  9.3729
  9.0614
 11.2418
  9.0614
 34.8297
 24.0693
 23.6729
  6.3996
  4.9271
  1.9539
  0.3115
  8.0986
 24.0693
  2.2653
  0.5380
  0.3398
  0.1869
  0.0623
  0.0623
  0.0623
  0.0623
  0.1529
  0.1161
  0.0623
  0.0453
  0.0453
  0.0142
  0.0453
  0.0623
  0.0623
  0.1869
  0.0623
  0.0623
  0.0453
  0.0340
  0.0283
  0.0283
  0.0283
  0.0283
  0.0283
  6.3996
  0.3964
  0.1161
  0.0850
  0.0453
  0.0396
  0.0283
  0.0283
  0.0623
  0.5380
  4.2758
  0.0623
  0.0453
 34.8297
  3.6812
  0.1954
  0.0906
  0.0623
  0.0283
  0.0170
  0.0283
  0.0283
  0.0170
  0.0113
  0.0057
  0.0170
  0.0170
  0.0057
  0.0057
  0.0283
  0.0255
  0.0227
  0.0057
  0.0057
  0.0057
  0.0057
  0.0170
  0.0227
  0.0340
  0.0170
  0.0113
  0.1161
  0.0680
  0.0623
  0.0311
  0.1161
  0.0283
  0.0283
  0.0283
  0.0283
  0.0283
  0.0283
  0.0283
  0.0283
  0.0283
  0.0453
  3.9644
  0.1954
  0.1104
  0.0906
 13.8469
  0.5380
  0.1161
  0.1161
  0.1104
  0.0623
  0.0623
  0.1161
  0.1048
  0.0623
  0.0453
  0.0283
  0.0283
  0.0057
  0.0255
  0.0227
  0.0170
  0.2832
  0.0623
  0.0623
  0.0255
  0.0057
  0.0057
  0.0255
  0.0255
  0.0311
  0.2832
  0.1869
  0.1869
  0.1161
  4.9271
 11.2418
  9.4861
  0.6796
  0.1161
  0.1161
  0.1161
  0.1161
  0.0283
  0.0623
  0.0623
  0.5380
  0.0283
  0.0170
  7.2208
  1.6141
  0.1161
 11.2418
  5.6351
  0.1869
  3.6812
  0.3964
  0.1161
  0.0623
 32.5644
  1.9255
  0.1869
  0.1586
  0.1359
  0.0906
  0.0680
  0.0340
  0.0283
  0.0283
  0.0453
  0.0227
  0.0170
  0.0057
  0.0057
  0.0283
  0.0283
  0.0283
  0.0283
  0.0283
  0.0283
  0.0283
  0.0283
  0.0680
  0.0227
  0.0057
  1.1893
  0.3964
  0.0623
  0.0283
  0.0283
  0.0283
  0.0057
  0.1161
  0.2350
 23.0782
 15.2911
  9.0614
  6.3996
  9.0614
  0.1529
  0.0028
  0.0283
  0.0283
  0.0057
  7.2208
  6.0032
  5.6351
  2.6618
  1.3309
  0.7646
  0.3398
  0.0283
  0.0057
  0.0057
  0.3398
  0.0623
  0.0623
  0.0453
  0.0283
  0.0283
  0.0057
  0.0057
  0.0057
  0.0028
  0.0028
 94.5783
 62.0139
 22.0871
  6.3996
  1.3309
  0.1529
  0.6796
  0.0623
  0.0623
  0.0283
  0.0283
  0.0057
  0.0028
  0.1161
  0.1161
  0.0623
  0.0283
  0.0283
  0.0283
  0.0283
  0.0283
  0.0283
  5.2669
  0.3398
  0.1161
  0.1161
  0.0623
  0.0623
  0.0283
 42.1921
 10.1091
  2.8883
  1.3309
  0.2832
  0.1161
  0.0623
  0.0623
  0.0623
  0.0934
  0.0595
  0.0481
  0.0311
  0.0283
  0.0906
  0.0481
  3.2564
  0.9628
  0.5947
  0.1104
  0.0680
  0.9628
 11.2701
  5.2103
 16.1972
 15.4327
  4.7006
  4.3042
  0.5663
  0.0623
  0.0623
  0.0538
  0.0453
  1.3026
 32.5644
  5.1820
  1.8972
  0.0736
  0.0623
  2.2653
  0.1133
  0.0934
  0.0623
  0.0340
  0.0311
  0.0623
  0.0623
  0.0566
  0.0481
  0.0538
  0.0481
  0.0453
  0.0396
  0.0311
  0.0263
  0.0481
  0.0453
  0.0481
  0.0396
  0.0396
  0.0453
  0.0453
  0.0453
  0.1897
  0.0623
  0.4814
  0.0821
  0.5380
  0.3964
  0.0623
  0.0453
  0.0453
  0.0453
  0.0396
  0.0453
  0.0934
  0.0538
  0.0453
  0.0453
  5.3519
  1.7556
  4.8988
 10.5622
  1.1044
  0.7079
  0.5663
  2.1521
  0.0934
  0.0453
  0.0340
  0.0263
  0.0263
  0.0218
  0.0218
  0.0218
  0.0263
  0.0263
  0.0263
  0.0263
  0.0263
  0.1019
  0.0934
  0.0340
  0.0793
  0.0623
  0.0538
  0.0481
  0.0481
 18.1228
  4.7006
  4.4741
  0.8212
  3.5113
  3.0299
  2.8034
  2.0105
  1.4442
  1.1327
  1.1327
  1.0194
  1.0194
  0.8212
  0.6513
  0.5663
  0.4814
  0.4248
  0.3398
  0.2832
  0.1303
  0.0963
  0.0651
  0.0651
  0.0453
  0.0218
 15.5459
  7.8438
  6.9093
  6.0881
  5.3519
  4.9838
  4.7006
  4.3891
  3.5113
  3.0299
  2.8034
  2.8034
  2.3786
  2.0105
  1.8406
  1.5857
  1.4442
  1.2176
  1.1327
  1.0194
  0.9061
  0.9061
  0.8212
  0.7362
  0.6513
  0.5663
  0.4814
  0.4248
 10.5056
  3.2281
  1.8406
  1.5857
  1.3026
  1.2176
  1.1327
  1.0194
  1.0194
  0.9061
  0.8212
  0.6513
  0.5663
  0.4248
  0.3398
  0.2832
  0.2180
  0.1756
  0.0963
  0.0651
  0.0453
  0.0218
  0.0218
  0.0218
  0.0218
  0.0218
  0.0218
  0.0218
  0.0218
  0.0218
  0.0218
  0.0218
  0.0218
  0.0218
  0.0218
  0.0218
  0.0218
  0.0218
  0.0218
  0.0218
  0.0218
  0.0218
  0.0453
  0.0453
  0.0218
  0.0218
  0.0218
  0.0218
  0.0218
  0.4814
  1.0194
  1.4442
  1.4442
  1.3026
  1.2176
  1.1327
  2.8034
  2.0105
  1.6990
  1.5857
  1.4442
  1.3026
  1.2176
  1.2176
  1.6990
  2.0105
  1.4442
  1.5857
  1.4442
  0.0218
  2.0105
  2.0105
  0.0218
  0.0218
  0.0218
  0.0218
  7.3624
  1.6990
  0.5663
  0.5663
  0.0651
  0.5663
  0.0651
  0.0651
  0.0453
  0.0218
  0.0453
  0.0651
  0.0651
  0.0453
  0.0218
  0.0218
  0.0218
  2.0105
  7.3624
  7.3624
  1.4442
  0.1303
  0.1303
  0.0651
  2.3786
  2.8034
  2.0105
  0.2180
  0.1303
  0.1303
  0.1303
  0.6513
 11.6099
  0.6513
  0.5663
  0.4814
  0.4248
  0.4814
 14.8947
  3.0299
  3.0299
  2.8034
  2.8034
  0.0218
  6.4846
  0.6513
  0.2180
  0.0651
  0.0218
  0.0218
  0.0218
  0.0218
153.7605
  9.4295
  9.4295
 15.5459
 11.6099
  0.0651
  0.0453
  0.0453
  0.0453
  0.0453
  3.2281
  1.2176
  0.1303
  0.0651
  0.0651
  0.0651
  0.0651
  0.0453
  0.0453
  0.0453
  9.9958
  5.6917
  2.0105
  0.4248
  1.8406
  4.7006
  7.3624
 12.9125
 19.3687
 28.0337
 38.5109
  4.9838
  4.7006
  4.0776
  3.2281
  4.3891
  2.5768
  2.1804
  1.4442
  1.2176
  0.7362
  0.4248
  0.2180
  0.1756
  0.1303
  0.0963
  0.6513
  0.1756
  0.0453
  0.0453
  0.0453
  0.0453
  0.0453
  0.0651
  0.0651
  0.0651
  0.0651
  0.0651
  0.0651
  0.0651
  0.0453
  0.0453
  0.0453
  0.0453
  0.0453
  0.0453
  0.0453
  0.0453
  2.5768
  0.3398
  1.6990
  0.4814
  0.2180
  0.2180
  0.2180
  0.1756
  0.1303
  0.1303
  0.1303
  0.0963
  0.0651
  8.8349
 12.2612
  8.3252
  6.9093
  2.8034
  0.6513
  0.3398
  0.2180
  0.2180
  0.2832
  0.2180
  0.1303
  0.1303
  0.1303
  0.1303
  0.1303
  0.1303
  0.1303
  0.1756
  0.1756
  0.1756
  0.4248
  0.6513
  0.3398
  0.2180
  0.2180
  0.1303
  0.1303
  0.0651
  0.0651
  0.0963
  0.6513
  0.1303
  0.0651
  1.4442
  0.2832
  0.1756
  0.1303
  0.0651
  0.0651
  0.0651
  0.4248
  0.1303
  0.2832
  0.1303
  0.0963
  0.1303
  0.0963
  0.0651
  0.0651
  0.0651
  0.1756
  0.6513
  3.2281
  1.3026
  0.2180
  0.1303
  0.1303
  0.2180
  1.1327
  2.0105
  1.0194
  0.1303
  0.1303
  0.1303
  0.1303
  0.1303
  0.6513
  0.4814
  0.2180
  0.1303
  0.1303
  0.1303
  0.1303
  0.0651
  0.0651
  1.8406
  0.2832
  0.0963
  0.0651
  0.1303
  0.0651
  0.0651
  0.0651
  0.0651
  0.0963
  0.1303
  0.0651
  3.5113
  0.6513
  0.2180
  0.1303
  0.1303
  0.8212
  1.1327
  0.7362
  0.2832
  0.2180
  0.2832
  0.8212
  0.9061
  4.0776
  9.4295
  6.4846
  1.8406
  3.0299
  3.2281
  0.5380
  0.3398
  0.3398
  0.2832
  0.2180
  0.2180
  0.2180
  0.2180
  0.2180
  0.2180
  0.2180
  0.2180
  0.2180
  1.8972
  2.2653
  0.2180
  0.2180
  1.0194
  1.0194
  0.6230
  0.2180
  0.2180
  0.2180
  0.2180
  0.2180
  0.2180
 48.9881
  5.6067
  2.0671
 20.5863
 13.1390
  8.9764
  7.6172
 16.7353
 46.4396
 12.4877
  9.9958
  3.4547
  3.4547
  3.4547
  7.1925
  2.4919
  1.6990
  1.1893
  0.8778
  0.7362
  0.5380
  1.3592
  1.8972
  1.6990
  1.6990
  1.3592
  2.9450
  2.7184
  2.0671
  1.6990
  1.8972
  0.7362
  0.3398
  0.2180
  0.2180
  0.5380
  1.3592
  1.1893
  1.3592
  3.1998
  4.5873
  1.5291
  0.5380
  4.5873
  0.8778
  0.2180
  0.2180
  0.2180
  0.2180
  1.1893
  0.2832
  2.2653
  1.1893
  0.2832
  0.2180
  7.1925
  2.7184
  0.2180
  0.4248
  0.2832
  0.3398
  0.7362
  0.5380
  1.3592
  2.9450
  3.5113
  4.1059
  4.4741
  8.6366
  0.9061
  3.2281
  0.1303
  0.1104
  0.1104
  0.1104
  0.0878
  0.0878
  0.7079
  0.5380
  1.0477
  4.4741
  4.4741
  4.8139
  0.7079
  0.2633
  0.1303
  0.1303
  0.1303
  0.1303
  0.1104
  0.0878
  0.0878
  0.0878
  0.0878
  0.0878
  0.0878
  0.0651
  0.0651
  3.2281
  1.1893
  1.1893
  0.1756
  0.1104
  0.0878
  0.0878
  0.0878
  0.1104
  0.1756
  0.4248
  0.3115
  0.5380
  0.3115
  0.1303
  0.9061
  6.3996
  3.8228
  1.3026
  0.2633
  0.2180
  0.1303
  0.1104
  0.0878
  0.2180
  0.1303
  0.0878
  0.0878
  0.0878
  0.0651
  0.0651
  0.0453
  0.0453
  0.0453
  0.0453
  0.0453
  0.0651
  0.0453
  0.2633
  0.0878
  0.1104
  0.0878
  0.0878
  0.0878
  0.0878
  0.0878
  0.0878
  0.5380
  1.5008
  1.6707
  0.2633
  2.4636
  0.3115
  1.1893
  0.5380
  1.3026
  0.3115
  0.2633
  0.1104
  5.2103
  4.1059
  3.2281
  2.7184
  2.0105
  1.6707
  1.6707
  1.3026
  1.6707
  1.5008
 42.1921
  5.2103
  3.5113
  2.9733
  2.4636
  2.2370
  2.7184
  1.5008
  1.1893
  1.0477
  0.9061
  0.7929
  2.7184
  5.2103
  2.9733
  3.2281
  2.4636
  2.0105
  1.5008
  1.1893
 14.7248
  5.2103
  2.0105
  1.3026
  1.0477
  1.0477
  0.7929
  0.6230
  0.6230
  0.6230
  0.5380
  0.4248
  0.3115
  0.3681
  0.4248
  0.3115
  0.3681
 45.8733
 24.9755
 10.1657
  4.4741
  3.2281
  3.5113
  2.2370
  2.0105
  1.8406
  1.6707
  4.4741
  5.2103
 10.1657
 10.1657
  8.1553
  3.8228
  2.9733
  2.2370
  6.3996
  7.2774
  6.3996
  5.2103
  3.2281
  2.2370
  1.6707
  1.3026
  1.3026
  1.3026
  0.9061
  3.8228
  4.8139
  4.1059
  2.9733
  1.5008
  1.0477
  0.9061
  0.7929
  0.6230
  0.5380
  0.4248
  0.4248
  0.4248
  0.4248
  0.4248
  1.5008
  0.4248
  0.4248
  3.8228
  0.5380
  0.6230
  0.3681
  1.0477
 15.4327
  4.8139
  2.0105
  2.2370
  0.9061
  0.6230
  0.6230
  0.3681
  1.6707
  2.0105
  2.0105
  2.9733
  2.4636
  2.4636
  0.3681
  1.3026
  2.9733
  2.4636
  1.0477
  1.0477
  0.6230
  0.5380
  0.5380
  0.2633
  0.2180
  0.4248
  1.8406
  2.7184
  0.7079
  0.3115
  0.3681
  0.3115
  0.2633
  0.2180
  0.2180
  2.0105
  2.2370
  2.0105
  0.9061
  2.4636
  4.1059
  0.3681
  0.3115
  0.2633
  0.2180
  0.2180
  0.2180
  0.2633
  0.2180
  0.2180
  0.1303
  0.1756
  0.1303
  0.1303
  0.1104
  0.0878
  0.0878
  0.0878
  0.0878
  0.0878
  0.0878
  0.0878
  0.0878
  0.0878
  0.0878
  0.0651
  0.0651
  0.0878
  0.1303
  0.2180
  0.6230
  2.7184
  2.2370
  0.5380
  0.1756
  0.1104
  0.0878
  0.1104
  0.1104
  0.1303
  1.5008
  1.6707
  0.7929
  0.7929
  6.6261
  9.8543
  8.0703
  6.2297
  5.4652
  7.1075
  9.2030
  7.5323
  6.2297
 11.3551
  6.6261
  4.5024
  4.5024
  5.1253
  5.1253
  4.5024
  3.6812
173.0159
 82.4020
 39.3604
 22.3420
 19.0572
 11.3551
  8.0703
  5.8333
  5.8333
  7.5323
  6.2297
  3.9360
  3.6812
  3.4547
  3.2281
  3.2281
  4.8139
  5.4652
  3.4547
  3.0299
  5.8333
  2.8034
  2.2370
  2.2370
  5.8333
  4.2192
  1.8972
  1.8972
  1.5857
  1.5857
  2.8034
  2.0671
  1.5857
  1.2743
  1.0194
  1.5857
  1.0194
  1.7556
  1.0194
  1.8972
  5.1253
  4.2192
  1.4158
  1.5857
  1.7556
  2.4636
  0.6230
  0.4248
  0.3681
  0.2633
  0.2633
  0.2180
  0.2180
  0.3115
  1.0194
  0.7929
  1.2743
  1.0194
  2.2370
  2.6335
  1.7556
  0.7079
  1.5857
  2.4636
  1.0194
  2.6335
  1.8972
  1.7556
  1.7556
  0.6230
  1.7556
  1.0194
  0.7079
  0.5380
  0.1274
  0.1133
  0.1133
  0.0878
  0.0821
  0.0821
  0.0708
  0.7079
  1.1893
  3.1998
  3.8511
  3.4547
  3.6812
  3.4547
  2.8034
  2.2653
  1.0477
  0.2095
  0.1019
  3.2848
  2.6335
  0.4248
  0.3398
  0.2718
  0.1501
  0.1189
  0.0878
  0.0736
  1.5291
  0.9061
  0.4248
  0.2832
  0.1926
  1.3026
  0.7362
  0.0821
  0.0821
  0.0793
  0.0623
  0.0538
  0.0623
  0.0821
  0.0793
  0.0793
  0.0736
  0.0651
  2.8600
  2.5768
  0.1274
  0.1133
  0.0934
  0.9628
  0.3115
  3.1149
  2.1521
  0.9628
  0.2379
  0.1218
  0.0878
  0.0793
  0.0708
  0.0821
  0.1048
  0.2180
  0.0793
  0.0453
  0.0453
  0.0263
  0.1048
  0.4248
  6.6261
  1.6990
  0.2718
  0.1274
  0.1218
  0.1048
  0.0878
  0.0793
  0.0651
  0.0538
  0.0453
  0.0453
  0.0566
  0.0623
  0.0623
  0.0708
  0.0963
  0.1019
  0.0566
  0.0538
  0.0538
  0.0538
  0.9345
  6.3430
  2.7184
  1.2743
  0.5947
  0.3681
  0.2832
  0.2662
  0.2549
  0.2662
  0.2803
  0.2803
  0.2803
  0.2662
  0.2832
  0.3398
  0.3681
  0.3398
  0.2549
  0.2237
  0.2095
  0.8212
  0.2379
  0.1784
  0.1699
  0.1784
  0.1784
  0.1784
  0.1784
  0.1841
  0.1841
  0.1926
  2.3786
  3.2848
  0.6796
  0.1926
  0.1784
  0.1926
  0.1841
  0.1784
  0.1926
  0.1756
  0.6230
  1.2459
  0.4248
  0.1699
  0.1614
  0.1699
  0.9911
  1.3592
  2.4636
  0.3398
  0.1784
  0.3681
  0.2152
  0.1048
  0.1048
  0.1048
  0.1048
  0.1104
  0.1699
  0.1841
  0.1841
  0.1841
  0.1841
  0.1841
  0.1784
  0.1699
  0.1784
  0.1841
  2.3220
  3.3697
  2.3786
  2.3786
  2.1521
  0.4248
  0.2010
  0.1841
  0.1784
  0.1699
  0.1784
  0.1784
  0.1699
  0.1784
  0.1784
  0.1841
  0.2010
  0.2662
  0.3398
  0.3115
  1.7840
  1.3309
  0.1841
  2.4636
  2.0954
  2.1804
  1.2743
  0.7362
  0.1671
  0.1048
  0.1019
  0.1048
  0.1189
  0.1218
  0.1218
  0.3398
  0.1926
  0.1133
  0.0963
  0.0963
  0.1019
  0.7929
  2.1804
  0.9061
  1.5574
  2.9733
  0.6513
  0.1784
  0.1444
  0.1048
  0.0538
  0.0176
  0.0263
  0.0340
  0.0340
  0.0340
  0.0340
  0.0263
  0.0340
  0.0453
  0.0566
  0.0708
  0.1019
  0.0878
  0.0708
  0.0793
  0.0736
  0.0708
  0.0736
  0.0736
  0.0736
  0.0708
  0.0736
  0.0793
  0.0793
  0.1048
  0.1189
  0.1501
  0.0736
  0.0651
  0.0878
  0.0623
  0.0708
  0.0708
  0.0623
  0.0538
  0.0566
  0.0623
  0.0708
  0.0708
  0.0708
  0.0708
  0.0708
  0.0651
  0.0566
  0.0453
  0.0538
  0.0623
  0.0566
  0.1926
  0.2718
  0.0793
  0.0263
  0.0176
  0.0218
  0.0263
  0.0263
  0.0263
  0.0263
  0.0263
  0.0263
  0.0218
  0.0263
  0.3115
  0.1274
  0.0538
  0.6796
  0.2152
 48.9881
 17.3016
  2.7184
 56.0674
  7.1075
  2.9450
  1.8406
  1.2743
  1.1044
  0.8212
  0.7362
  4.0210
  1.8406
  0.9911
  0.5380
  0.4248
  0.3681
 51.8198
  7.7871
  4.1059
  4.3891
 24.7206
  9.9392
  4.4174
  3.4263
  2.5485
  2.7184
  1.7840
  1.3592
  1.7556
  2.7184
  7.1075
  3.8511
  4.2192
  2.4919
  1.7840
  1.3026
  1.0194
  0.8495
  0.7929
  0.5947
  0.4531
  0.3681
  0.3115
  0.3115
  0.2832
  0.2832
  0.2803
  0.2803
  0.2549
  0.2549
  0.2549
  0.2549
  0.2237
  0.2237
  0.2010
  0.2010
  0.2010
  0.1048
  0.0651
  0.0736
  0.0963
  0.0934
  0.1019
  0.1189
  0.1444
  0.1303
  0.1019
  0.1133
  0.2492
  0.2322
  0.1784
  0.1784
  0.1614
  0.1614
  0.1614
  0.1699
  0.1784
  0.1784
  0.1416
  0.1019
  0.1274
  0.5947
  0.3398
  0.0340
  0.0311
  0.0340
  0.0340
  0.0453
  0.1444
  0.1019
  0.0963
  0.0708
  0.0538
  0.0453
  0.0340
  0.0311
  0.0311
  0.0311
  0.0311
  0.0453
  0.3115
  0.2549
  0.0453
  0.0340
  0.0311
  0.0311
  0.0453
  0.1529
  3.4547
  5.8333
  4.7006
  1.1044
  0.3115
  0.2095
  0.1841
  0.1784
  1.3309
  1.6990
  0.7929
  0.1444
  2.1521
  6.8810
  1.2459
  0.1699
  0.1303
  0.4814
  0.1133
  0.0934
  0.1019
  0.1104
  0.0878
  0.2010
  0.5947
  0.1756
  0.1019
  0.4531
  1.2743
  0.2010
  0.0396
  0.0623
  0.9345
  0.2180
  0.0736
  0.0623
  0.0566
  0.0566
  0.0623
  0.0623
  0.0566
  0.0538
  0.0538
  0.0453
  0.1104
  0.4814
  0.1218
  0.0311
  0.0311
  0.0311
  0.0396
  0.0538
  0.0453
  0.0453
  0.1274
  0.0311
  0.0396
  0.0396
  0.0340
  0.0340
  0.0340
  0.0340
  0.2775
  0.0566
  0.0538
  0.0651
  0.0481
  0.0538
  0.0481
  1.4158
  2.3786
 12.2612
  2.8034
  3.2848
  2.2653
  1.1044
  1.3592
  1.0194
  0.6513
  0.2662
  0.2095
  0.2095
  0.5097
  0.3398
  9.2030
 11.0719
  3.8511
  5.8616
  9.4295
  6.3996
  2.0954
  1.4442
 18.5192
  3.2281
  1.3026
  1.0760
  0.9911
  0.8495
  2.3220
  2.4636
  1.3026
  1.2459
  0.9911
  0.3964
  0.2237
  0.1926
  0.1841
  0.1784
  0.3115
  0.1756
  0.1444
  0.1416
  0.1416
  0.1303
  0.1303
  0.1303
  0.1416
  0.1416
  0.1416
  0.1529
  0.1218
  0.0963
  0.0963
  0.1019
  0.1133
  0.1218
  0.1444
  0.1444
  0.1444
  0.1529
  0.1784
  0.1926
  0.2010
  0.5947
  5.0687
  0.6513
  0.1444
  0.1444
  2.1521
  0.7929
  0.1303
  0.1444
  0.1444
  0.1614
  1.0760
  0.4248
  0.0934
  0.1048
  0.1699
  0.1444
  0.4814
  3.2281
  0.7929
  0.1756
  0.0623
  0.1133
  0.1614
  0.1529
  0.1529
  0.1614
  0.0623
  0.1586
  0.2010
  0.1982
  0.0538
  0.6513
  0.7646
  3.0299
  5.6067
  0.5097
  0.0453
  0.0130
  0.7079
  0.4531
  0.0623
  1.5008
  1.0194
  0.2237
  0.1048
  0.0176
  0.0651
  3.4263
  1.5008
  0.1756
  0.0793
  0.0793
  0.2180
  3.9360
  1.6141
  0.3964
  0.0623
  0.0340
  0.0453
  0.6230
  0.1189
  0.0623
  0.0340
  0.0340
  0.0623
  0.0623
  0.0453
  0.0708
  0.0821
  0.0481
  0.0481
  0.1841
  0.0934
  0.2718
  0.1133
  0.0878
  0.0793
  0.0708
  0.0623
  0.0623
  0.0538
  0.0538
  0.0566
  0.0623
  0.0623
  0.0623
  0.0481
  0.0453
  0.0453
  0.0481
  0.0538
  0.0623
  0.0623
  0.0651
  0.0708
  0.0934
  0.0736
  0.0481
  0.0311
  0.0311
  0.0340
  0.0340
  0.0566
  0.0708
  0.0878
  0.0934
  0.0934
  0.0963
  0.1019
  0.1048
  0.1019
  0.0934
  0.0340
  0.0453
  0.0311
  0.0340
  0.0340
  0.0311
  0.5097
  0.4814
  0.1416
  0.8495
  0.1444
  0.0623
  1.2176
  2.3220
  1.0194
  0.6796
  1.7840
  2.2370
  1.3875
  0.6230
  0.1048
  0.0340
  0.0340
  0.0481
  0.0623
  0.0708
  0.0311
  0.0263
  0.0130
  0.0088
  0.0453
  0.0396
  0.0263
  0.0218
  0.0176
  0.0218
  1.0477
  9.0331
 19.2271
  5.0404
  1.1044
  0.1841
  0.0340
  0.0088
  0.0088
  0.0130
  0.0176
  0.0130
  0.0130
  0.0963
  0.1048
  0.0481
  0.0566
  2.2370
  0.4248
  5.6917
  1.3026
  0.1133
  0.0263
  0.0263
  0.0340
  0.0263
  0.0218
  0.0218
  0.0263
  0.0453
  0.0263
  0.0263
  0.0218
  0.0218
  0.0263
  0.0263
  0.0340
  0.0396
  0.0623
  0.0481
  0.0623
  0.0453
  0.0396
  0.0651
  0.1501
  1.2743
  0.1104
  0.0263
  0.0340
  0.0623
  0.1841
  1.3026
  0.6796
  0.0130
  0.0130
  0.2322
  3.0582
  0.9061
  1.5008
  1.3592
  7.2774
  1.6707
  7.3624
  1.6707
  1.1044
  0.7929
  0.5663
  0.4814
  0.3964
  0.0793
  0.3964
  2.6618
  0.9628
  0.4814
  0.2464
  0.1019
  0.0878
  0.0453
  0.0176
  0.0263
  0.0218
  0.0218
  0.0176
  0.0218
  0.0263
  0.0340
  0.0396
  0.0453
  0.2803
  0.0311
  0.0218
  0.0263
  0.0311
  0.0340
  0.0396
  0.0538
  0.0538
  0.0566
  0.0623
  0.0623
  0.0651
  0.1048
  0.3398
  0.0538
  0.3964
  4.8988
  1.6990
  0.0821
  5.2953
  0.9628
  0.0218
  0.0088
  0.0088
  0.0088
  0.0088
  0.0176
  5.9465
 10.3073
  2.8883
  0.5380
  0.0651
  0.1104
  0.4531
  0.0736
  0.0566
  2.6335
 11.5533
  1.5574
  0.1756
  1.7840
  2.0671
  1.2176
  0.7362
  0.6796
  0.7929
  1.8406
  1.0194
  0.3398
  0.1416
  0.1133
  0.0934
  0.0736
  0.0311
  0.0088
  0.0088
  0.0088
  0.0088
  0.0088
  0.0088
  0.0088
  0.0088
  0.0088
  0.0088
 12.2612
 18.7458
 10.5905
  6.2297
  3.4263
  3.1998
  9.9392
  7.1358
  4.9554
  4.9554
  4.5590
  5.7483
  4.0210
  2.8883
  3.1432
  1.8406
  1.1044
  0.8212
  0.4814
  0.3115
  0.2633
  0.2633
  0.2322
  8.0137
 12.7992
  4.4741
  1.7840
  1.0760
  0.8212
  0.9911
  1.0194
  1.1327
  0.8212
  1.1610
  0.7079
  0.3681
  0.2322
  0.2067
  0.1982
  0.2067
  0.2152
  0.2152
  2.9733
  0.9345
  0.3681
  0.2322
  0.1982
  0.1501
  0.1671
  0.9628
  0.6513
  0.1897
  0.3964
  3.2848
  3.4547
  1.6990
  0.6796
  1.3592
  1.1893
  0.7362
  0.9345
  1.1044
  1.5574
  1.0194
  0.3681
  0.1133
  0.0963
  0.0963
  0.0963
  0.0963
  0.0934
  0.1189
  0.1897
  0.6796
  0.3398
  0.1048
  0.0934
  0.0878
  0.1104
  0.1274
  0.1189
  0.0708
  0.0708
  0.0736
  0.0708
  0.0623
  0.0623
  0.0878
  0.1586
  2.8883
  2.2653
  0.2067
  0.0453
  0.8212
  1.1893
  0.9911
  1.6707
  1.9822
  0.2718
  0.7362
  0.1784
  0.0481
  0.0396
  0.5380
  0.0736
  1.3026
  3.4263
  3.2281
  3.7661
  0.9061
  0.8212
  0.3115
  0.0263
  0.0176
  0.0176
  0.0130
  0.0088
  0.0130
  0.0263
  0.0311
  0.0481
  0.0623
  0.0708
  0.0538
  0.0396
  0.0396
  1.4158
  0.6796
  0.0340
  0.0176
  0.0176
  0.0176
  0.0176
  0.0218
  3.9927
  0.7646
  0.0934
  3.6246
  1.2459
  0.4814
  0.0481
  0.3964
  0.3964
  0.0821
  0.0176
  0.0088
  0.0130
  0.0623
  0.1274
  5.7766
  4.2192
  0.5663
  0.1019
  0.0176
  0.0218
  0.4531
  0.3681
  0.0566
  0.0340
  0.8495
  1.0194
  0.0396
  0.0176
  0.0130
  0.0130
  0.0130
  0.0176
  0.0130
  0.0176
  0.0218
  0.0263
  0.0263
  0.0263
  0.0311
  0.0311
  0.0311
  0.0218
  0.0538
  0.0088
  0.0088
  8.8349
  1.2176
  0.0736
  0.5663
  0.7929
  0.6796
  0.5097
  0.4531
  0.4531
  0.4248
  0.4248
  0.4248
  0.4248
  1.0194
  1.5008
  0.6513
  0.5947
  0.6230
  0.5663
  0.5380
  0.4814
  0.4248
  0.4248
  0.4814
  0.4531
  2.9450
  8.2402
  0.9628
  0.4248
  0.7646
  0.3964
  0.3398
  0.3398
  1.0194
  0.6796
  0.3964
  0.3681
  0.3398
  0.3115
  0.3115
  0.3115
  0.3115
  0.3115
  0.3115
  0.3115
  0.3115
  0.3964
  0.4248
  0.4814
 56.0674
  7.6739
  2.6618
  1.8972
  1.5291
  1.4158
  1.0477
  0.6513
  0.4531
  0.3681
  0.3115
  0.4248
  1.4158
  0.6230
  0.3681
  0.2492
  0.2010
  0.1841
  0.1756
  0.1586
  0.1218
  0.0623
  0.0566
  0.0538
  0.0538
  0.0538
  0.0651
  0.0623
  0.0878
  0.1359
  0.0963
  0.0736
  0.0708
  0.0623
  0.0651
  0.1416
  0.7646
  0.5663
  0.3398
  0.0793
  0.1019
  0.1444
  0.0651
  0.0623
  0.6513
  0.7362
  0.8212
  0.6513
  0.8212
  2.0671
  1.1610
  0.2492
  0.0934
  0.0595
  0.0453
  0.0425
  0.0425
  0.1246
  0.7079
  0.1218
  1.3026
  0.1982
  0.0566
  0.0850
  0.0425
  0.0396
  0.0396
  0.0481
  0.1303
  0.1926
  2.5485
  1.1327
  0.1104
  0.0538
  3.7378
  1.6707
  0.2803
  0.0963
  0.0481
  0.0396
  0.0396
  0.0396
  0.1359
  0.1218
  0.0481
  0.0425
  0.0453
  0.0481
  0.0481
  0.0453
  0.0481
  0.0425
  0.0396
  0.1982
  0.5947
  0.7362
  1.5857
  2.1804
  3.6246
  1.0194
  0.1529
  0.0538
  0.2265
  0.1784
  0.0623
  0.0368
  0.0311
  0.0311
  0.0311
  0.0311
  0.0283
  0.0283
  0.0311
  0.0340
  0.0311
  0.0368
  0.0340
  0.0311
  0.0263
  0.0263
  0.0263
  0.0263
  0.0246
  0.0263
  0.0283
  0.0340
  0.0311
  0.0396
  0.0368
  0.0283
  0.0283
  0.0311
  0.0396
  0.0425
  0.0425
  0.0396
  0.0368
  6.2297
  2.1521
  0.4814
  0.2010
  0.1756
  0.2010
  0.2180
  1.0760
  0.9911
  0.2180
  0.1133
  0.0821
  0.0680
  2.0954
  4.1626
  9.7693
  9.1180
  2.0671
  0.9061
  0.2718
  0.1218
  5.8616
 13.1107
  4.1059
  4.2475
  2.4919
  8.8065
 37.9446
  8.9764
  3.6246
  2.5485
  2.6335
  3.2848
  3.7661
  2.0954
  1.5008
  0.9061
  4.5873
  1.6707
  0.4814
  0.2265
  0.1756
  0.1472
  0.1133
  0.3398
  0.5947
  3.4547
  1.6141
  1.5857
  0.7929
  1.1044
  0.4248
  0.1472
  0.0934
  0.0878
  0.0878
  6.7111
  0.8778
  0.1416
  0.0765
  0.0566
  0.0481
  0.0481
  0.0481
  0.0566
  0.0595
  0.0595
  0.0538
  0.0538
  0.0538
  0.0595
  0.0623
  0.0821
  0.0878
  0.0934
  0.0934
  0.0821
  0.0821
  0.0821
  0.0708
  0.0708
  0.0765
  0.0821
  0.0623
  0.3115
  4.7289
  2.4919
  1.5291
  0.5663
  0.1416
  0.0595
  0.0538
  0.0538
  0.0566
  0.0566
  0.0566
  0.0595
  0.0680
  0.0566
  0.0481
  0.0453
  0.0453
  0.0453
  0.0821
  0.0538
  0.0453
  0.0453
  0.1274
  0.5663
  0.1444
  0.1841
  0.0680
  0.0595
  0.5663
  0.3115
  0.6513
  0.1614
  0.0765
  0.0453
  0.0566
  0.0481
  0.0396
  0.0453
  0.3398
  0.5663
  0.7362
  0.3681
  0.0311
  0.0311
  0.0340
  0.0396
  0.0368
  0.0368
  0.0396
  0.0396
  0.0396
134.7882
 48.9881
 43.8911
 79.8535
 39.3604
 24.0976
 15.3194
 10.0808
  6.6261
  5.6634
  4.8988
  4.4741
  4.1059
  4.3042
  3.9077
  3.5113
  3.3414
  3.1149
  3.3414
  2.7184
  2.5485
  2.4069
  2.2653
  2.5485
  3.5113
  2.5485
  2.7184
  6.5412
  6.2580
  2.8883
  2.5485
  2.2653
  2.0954
  1.9822
  1.8406
  1.6141
  1.1327
  0.7929
  0.5663
  0.3964
  0.3115
  0.2775
  0.2407
  0.2322
  0.2237
  0.2237
  0.2095
  7.8721
 13.3656
 34.5466
 18.7458
 13.5921
  7.3624
  5.7766
  4.7289
  4.0776
  3.8511
  3.6246
  9.5994
  4.2192
  3.6246
  3.6812
  2.6335
  1.5291
  1.1327
  1.0477
  1.2743
  1.0760
  1.0194
  0.9911
  0.6796
  0.5663
  0.4531
  0.4248
  0.3964
  0.9061
  1.8972
  0.6796
  0.4531
  0.3681
  0.3398
  0.3115
  0.3115
  0.3115
  0.3115
  0.3398
  0.3115
  0.3115
  0.3115
  0.3115
  0.3115
  0.3115
  0.3115
  0.3115
  0.2832
  0.3115
  0.3115
  0.3115
  0.2832
  0.2718
  0.2549
  0.2803
  0.2549
  0.2379
  0.2379
  0.2379
  0.2379
  0.3115
  0.2832
  0.2265
  0.2095
  0.2010
  0.1784
  0.1727
  0.1727
  0.1727
  0.1727
  0.1614
  0.1529
  0.1529
  0.1671
  0.1671
  0.1614
  0.1614
  0.1784
  0.2180
  0.1614
  0.1416
  0.1303
  0.1303
  0.1218
  0.1784
  0.1727
  0.1529
  0.1359
  0.1218
  0.1189
  0.1218
  0.1926
  0.2718
  0.2152
  0.1218
  0.1076
  0.0991
  0.0906
  0.0850
  0.1019
  0.0850
  0.0708
  0.0680
  0.0595
  0.0595
  0.2549
  0.1076
  0.0850
  0.0708
  0.0566
  0.0538
  0.0510
  0.0396
  0.0368
  0.0368
  0.7646
  0.0680
  0.3398
  0.3398
  0.6513
  0.7362
  0.2775
  0.0595
  0.0510
  0.0651
  1.1044
  0.6230
  3.9360
 18.2644
  2.4069
  0.8495
  1.7273
  0.6796
  0.3681
  0.1246
  0.9911
  1.2176
  0.5947
  0.5097
  0.5380
  0.2718
  0.1416
  0.0991
  0.1926
  0.1019
  0.3681
  1.3026
  0.4814
  0.1614
  0.1019
  0.5663
  0.3681
  0.1359
  1.1893
  3.2281
  2.0671
  0.4814
  0.1982
  0.8495
  0.2322
  0.2407
  2.6335
  0.6230
  0.1671
  0.1019
  0.0906
  0.0934
  0.0991
  0.1019
  0.1133
  0.1133
  0.1359
  1.3592
  5.6917
 59.1822
  7.0509
  2.4636
  1.4158
  1.0194
  0.8212
  0.7079
  0.6230
  1.1893
  1.4158
  1.0194
  0.7929
  0.6230
  0.5947
  0.9061
  0.7079
  1.1044
  0.8212
  0.5380
  0.7362
  0.7929
  1.9255
  1.4442
  0.4814
  0.3115
  0.2633
  0.2464
  0.3115
  0.4531
  1.2176
  6.5695
  3.5396
  0.5380
  0.2152
  0.4248
  6.7394
  2.3220
  0.6796
  2.4069
  1.2176
  0.3681
  7.0226
  2.6335
  1.2743
  0.9061
  1.6141
  0.5663
  0.2803
  0.2265
  0.5097
  0.3681
  0.2152
  0.1727
  0.1472
  0.1331
  0.1331
  0.1841
  0.1841
  2.1521
  5.2953
  1.5008
  2.3220
  2.1804
  0.8495
  0.2265
  0.1472
  0.1331
  0.1331
  0.1472
  0.1614
  0.1727
  0.1331
  0.1104
  0.1019
  0.1019
  0.1076
  0.1614
  0.1841
  0.4814
  0.8495
  0.1472
  0.2095
  1.2743
  1.2176
  1.2743
  0.9628
  0.7929
  0.2464
  1.4442
  1.4725
  2.1804
  2.8034
  0.7646
  0.4814
  0.1841
  0.0934
  0.0850
  1.3592
  0.6513
  0.1472
  0.0850
  0.0793
  0.0850
  0.3115
  0.1614
  0.1104
  0.0934
  0.1019
  0.1104
  0.1218
  0.1104
  0.1104
  0.1104
  0.1104
  4.5590
  8.3535
  1.2176
  0.8495
  0.4814
  0.4248
  0.1557
  0.0934
  0.0850
  0.0850
  0.0934
  0.2379
  1.5008
  0.9061
  0.1727
  0.1218
  0.1104
  0.1104
  0.1104
  0.1104
  0.1104
  0.1104
  0.1104
  0.1218
  0.1331
  0.1331
  0.1331
  0.1331
  0.1218
  0.1104
  0.1104
  0.1218
  0.1218
  0.1331
  0.1331
  0.1218
  0.1218
  0.1104
  0.1218
  0.1218
  0.1218
  0.1218
  0.5097
  0.4814
  0.3115
  0.0793
  0.0708
  0.0708
  0.0708
  0.0793
  0.0850
  0.0850
  0.0850
  0.0850
  0.1671
  0.3681
  0.2464
  0.7079
  0.5380
  0.1104
  0.0708
  0.0651
  0.0651
  0.0708
  0.0708
  0.0708
  0.0708
  0.0708
  0.0793
  0.0850
  0.0793
  0.0793
  0.0708
  0.0708
  0.0708
  0.0708
  0.0793
  0.0850
  0.0934
  0.0651
  0.0538
  0.0538
  0.0651
  0.0793
  0.0708
  0.0708
  0.1218
  0.0850
  0.0793
  0.0651
  0.0651
  0.0651
  2.0954
  2.7184
  0.2464
  2.4636
  1.0194
  0.2803
  0.1218
  0.0793
  0.0595
  0.0538
  0.0538
  0.0538
  0.0651
  0.0538
  0.0538
  0.0651
  0.0595
  0.0651
  2.7467
  1.2459
  0.1614
  0.6513
  0.3964
  0.1359
  0.0850
  0.0850
  0.0850
  0.0850
  0.0850
  0.0850
  0.0850
  0.1019
  0.1331
  0.1218
  0.1019
  0.0934
  0.0934
  0.1104
  0.1104
  0.0850
  0.0934
  0.0934
  0.1218
  1.6990
  0.5947
  0.3115
  0.0793
  0.0708
  0.0708
  0.0793
  0.0793
  0.0708
  0.0651
  0.0651
  0.0708
  0.0793
  0.0793
  0.0793
  0.0934
  0.6230
  0.6513
  0.3964
  0.1218
  0.0850
  1.5008
  0.3115
  0.0595
  0.0368
  0.0311
  0.0368
  0.0368
  0.0425
  0.0481
  0.0538
  0.0538
  0.0538
  0.0538
  0.0538
  0.0595
  0.0708
  0.0793
  0.0934
  0.0793
  0.0651
  0.0651
  0.0651
  0.0651
  0.0708
  0.0793
  0.0934
  0.0850
  0.1586
  0.1019
  0.0651
  0.0595
  0.0595
  0.0595
  0.0538
  0.0538
  0.0538
  0.0651
  0.0595
  0.0651
  0.0595
  0.0651
  0.0708
  0.0708
  0.0793
  0.0538
  0.0425
  0.2803
  0.0651
  0.0249
  0.0193
  0.0193
  0.0193
  0.0193
  0.0368
  0.0425
  0.0368
  0.0481
  0.0708
  0.0708
  0.0481
  0.0481
  0.0481
  0.0481
  0.0595
  0.0651
  0.0708
  0.0793
  0.0793
  0.0708
  0.0934
  0.0934
  0.0934
  0.1104
  0.0934
  0.0793
  0.0708
  0.0793
  0.0708
  0.0708
  0.0793
  0.0850
  0.0934
  0.0934
  0.1019
  0.0934
  0.4814
  0.0680
  0.0311
  0.0249
  0.0249
  0.0311
  0.0311
  0.0368
  0.0368
  0.0425
  0.0481
  0.0481
  0.0538
  0.0595
  0.0651
  0.0793
  0.0793
  0.0934
  0.1246
  0.1019
  1.6990
  0.8495
  0.1133
  0.1614
  1.4725
  3.5396
  1.0477
  0.5097
  0.3398
  0.2832
  0.2718
  0.2407
  0.2095
  0.2095
  0.2095
  0.2407
 21.2376
  3.7661
  0.7646
  0.3115
  0.2407
  0.5663
  0.4248
  0.3398
  0.3398
  0.3115
  0.2832
 27.8921
 54.3683
  7.9287
  2.8600
  1.6990
  1.1893
  4.4174
  3.5396
  2.5485
  1.1893
  0.8778
  1.0194
  0.5947
  0.4248
  0.3115
  0.2832
  0.2549
  0.2407
  0.2407
  0.2237
  0.2549
  0.2407
  0.1841
  0.1671
  0.1557
  1.2176
  5.3519
  2.4919
  0.5097
  2.1521
  3.5113
  1.6990
  9.1180
  3.6246
  1.5008
  1.0194
  1.4442
  1.0477
  0.6513
  0.8495
  2.0954
  3.8511
  0.8495
  0.6796
  0.5663
  0.3398
  0.1671
  0.2067
  1.2176
  1.1610
  0.2549
  0.1444
  0.5663
  0.2718
  0.1926
  0.1841
  0.1218
  0.1218
  0.5380
  0.7362
  0.1331
  1.6990
  0.2633
  0.4248
  2.0671
  1.4158
  4.7289
  6.3147
  2.6335
  0.3964
  0.0963
  0.0736
  0.0736
  2.2653
 26.6462
 10.4772
 24.7206
  4.1059
  1.5574
  0.6230
  0.5380
  9.7693
  2.4636
  0.7079
  0.7362
  0.9061
  1.2459
  0.6230
  0.5380
  0.4248
  0.3964
  0.3964
  0.4248
  0.8495
  1.3592
  0.7079
  0.5097
  0.4248
  0.3681
  3.2848
  3.5962
  0.6513
  0.4531
  0.7079
  0.4248
  0.4248
  0.5380
  0.5663
  0.4248
  0.3964
  0.4248
  0.3964
  0.2832
  0.9061
  0.2718
  2.1804
  1.2176
  0.5663
  0.1133
  0.3398
  0.1048
  0.0736
  0.0821
  0.2237
  0.1331
  0.0878
  0.0736
  0.0651
  0.0651
  0.0878
  0.1331
  0.1444
  0.1671
  0.1557
  0.1444
  0.4248
  0.1218
  0.0878
  0.0821
  0.1133
  0.1218
  0.0821
  0.0963
  0.3681
  0.3115
  0.2407
  0.0821
  0.0595
  0.0595
  0.0595
  0.0538
  0.1161
  0.0878
  0.0963
  0.0821
  0.0538
  3.6812
  2.0954
  1.5008
  0.7079
  0.3398
  0.2832
  0.3115
  0.4248
  0.4248
  0.3115
  0.2407
  0.2095
  0.1926
  0.2095
  1.5291
  7.6172
 11.0719
  2.1804
  2.4069
  0.8495
  0.4248
  2.3220
  1.6990
  2.8034
  4.0210
  1.1327
  0.6796
  2.0954
  6.9659
  2.0105
  0.6230
  0.1218
  3.4547
  1.2176
  0.1926
  0.1133
  0.1331
  0.0963
  0.0821
  0.0595
  0.0538
  0.0595
  0.0736
  0.0651
  0.0736
  0.0821
  0.0736
  0.0736
  0.0906
  0.2237
  1.0760
  0.2549
  0.0878
  0.0595
  0.0651
  4.4741
  1.5857
  0.5380
  0.1444
  0.0736
  0.0538
  0.0481
  0.0878
  0.0736
  0.1133
  0.0821
  0.0538
  0.0481
  0.0481
  0.0481
  0.0481
  0.0481
  0.0538
  0.0538
  0.0651
  0.0736
  0.0878
  0.1048
  0.1048
  4.3325
  5.8333
  1.0760
  0.1359
  0.0538
  1.3309
  0.3115
  0.0651
  0.0481
  0.0453
  0.0538
  0.0595
  0.0878
  0.0736
  0.1472
  0.1614
  0.0736
  0.0878
  0.1133
  0.1331
  0.0595
  0.0595
  0.0453
  0.0453
  0.0538
  0.5097
  7.7871
  4.3325
  1.9255
  3.5396
  0.9345
  0.2095
  0.1444
  0.1331
  0.1331
  0.1557
  0.1557
  0.1586
  0.3115
  3.7661
  0.7362
  1.5008
  0.3681
  0.7646
  0.2095
  3.5962
  1.6141
  0.2832
  0.5380
  0.6796
  0.1841
  0.7929
  0.7079
  1.4158
  0.4248
  0.1926
  0.8778
  1.6141
  2.4069
  0.4531
  2.3220
  2.8600
  0.9061
  0.8212
  0.3115
  0.1671
  0.1218
  8.3252
  3.2848
  0.6796
  1.0477
  1.9822
  0.8495
  0.3964
  0.3964
  0.3964
  0.8778
  0.3115
  0.3398
  0.1841
  0.0878
  0.0821
  0.0963
  0.1331
  0.1444
  0.1331
  0.1218
  0.1048
  0.1133
  0.0963
  0.1218
  0.1133
  0.0963
  0.2718
  3.9927
  2.2653
  1.0477
  2.8883
  1.9255
  0.4248
  0.4248
  0.2718
  0.1841
  0.1671
  5.3802
  1.3875
  0.8212
  0.6513
  0.4814
  0.3681
  0.6796
  0.8212
  1.4725
  1.5857
  0.9628
  0.5097
  0.7362
  1.0760
  0.8212
  0.8212
  0.4814
  0.3681
  3.1998
  4.0776
  2.0105
  1.3026
  0.4814
  0.3115
  0.3115
  0.3115
  0.9628
  3.6812
  1.1893
  0.5097
  0.3681
  0.3115
  0.2662
  0.2492
  0.2492
  0.4814
  0.3681
  1.5857
  0.9061
  0.4814
  1.7273
  1.1327
  0.5380
  0.3115
  0.3681
  0.6796
  0.2832
  0.2237
  0.2095
  0.2010
  0.2379
  0.4814
  0.9061
  0.2832
  0.2237
  0.1897
  0.2010
  0.2010
  3.8511
  0.8212
  1.2176
  0.6230
  0.4531
  0.4248
  0.9628
  1.2176
  1.0477
  0.8212
  0.7929
  0.5097
  0.4814
  1.3026
  2.9733
  1.2176
  1.6424
  3.0582
  2.3786
  1.7556
  0.5663
  0.3681
  0.2237
  0.1897
  0.3964
  1.2176
  1.8406
  0.6796
  0.3681
  0.2662
  0.2492
  0.2379
  0.2095
  0.2095
  0.1897
  0.1671
  0.2010
  0.2010
  0.1671
  0.1671
  0.3681
  1.1610
  0.5380
  0.4531
  0.3115
  0.8495
  1.3592
  0.6796
  0.2832
  1.0760
  0.3398
  0.2379
  0.2662
  0.2010
  0.1897
  0.1671
  0.1671
  0.1444
  0.1444
  0.1331
  0.2095
  0.1756
  0.1331
  0.1331
  0.1557
  0.1444
  0.1331
  1.0194
  1.0194
  0.2180
  0.1331
  0.5380
  1.6424
  0.2464
  0.6230
  0.1529
  0.0991
  0.0850
  0.0850
  0.1756
  0.1161
  0.8495
  1.0477
  0.1841
  0.0991
  0.0850
  0.0850
  0.0850
  0.0991
  0.1076
  0.0850
  0.0850
  0.0850
  0.0991
  0.1076
  0.4531
  0.2152
  0.0991
  0.0991
  0.0934
  0.1076
  0.2095
  0.1331
  0.0991
  0.0850
  0.0850
  0.0850
  0.0850
  0.0850
  0.1246
  0.8495
  0.4814
  0.2010
  0.1161
  0.0934
  0.0850
  0.0850
  0.0793
  0.0736
  0.0793
  0.0850
  0.0850
  0.0736
  0.0736
  0.0850
  0.1331
  0.1501
  0.1699
  3.4263
  1.1044
  0.3964
  0.9628
  3.5113
  1.2743
  0.2832
  0.1501
  0.1133
  0.1048
  0.1048
  0.1218
  5.0687
  7.1075
  2.8600
  3.9360
  6.3996
  1.3592
  0.4531
  1.2176
  4.5590
  2.6335
  2.1521
  2.4069
  4.3891
  3.2848
  4.8139
  2.5768
  1.3026
  0.5380
  0.6230
  0.3398
  0.2095
  0.1416
  0.1048
  0.0934
  0.0991
  0.1048
  0.5663
  0.5380
  0.3398
  1.2176
  0.4248
  0.1614
  0.0934
  0.1048
  0.1048
  0.1048
  0.1218
  0.1218
  0.1133
  0.1331
  0.1501
  0.1501
  0.1331
  0.1331
  0.1416
  0.1501
  0.1501
  0.1614
  0.1982
  0.1897
  0.1218
  0.1133
  0.1218
  0.1133
  0.1133
  0.1048
  0.1048
  0.1048
  0.1048
  0.0878
  0.0821
  0.0878
  0.0878
  0.1133
  0.1897
  1.3592
  0.4248
  0.5380
  0.1614
  0.0878
  0.0510
  0.0566
  0.0736
  0.0736
  0.0878
  0.0934
  0.0934
  1.6990
  1.5291
  0.1982
  0.0623
  0.0510
  0.0368
  0.0623
  0.0510
  0.0736
  6.5695
  1.5291
  0.2464
  0.0934
  0.2832
  0.0934
  0.0623
  0.0566
  0.1104
  0.1756
  0.2492
  0.1501
  0.0821
  0.0821
  0.0821
  0.0878
  0.1784
  0.7646
  0.9345
  0.3115
  1.1044
  0.9628
  0.2265
  3.5962
  8.8915
  1.7273
  9.4295
 22.1155
  5.0404
  2.0954
  0.7929
  0.3681
  0.1699
  0.1642
  1.8406
  0.3398
  0.4531
  0.1982
  0.1699
  0.5097
  0.1699
  0.1133
  0.0821
  0.0510
  0.0510
  1.1044
  1.8972
  0.7646
  0.1501
  0.1416
  0.9061
  0.3115
  5.4368
  0.9911
  1.9255
  2.2370
  0.3681
  0.1501
  0.0991
  0.1133
  0.0934
  0.0680
  0.0623
  0.0623
  0.0623
  0.0878
  0.0934
  0.0680
  0.0736
  0.0878
  0.1218
  0.1218
  0.1133
  0.0934
  0.0821
  0.0680
  2.6618
  1.5574
  0.3681
  0.1218
  0.1926
  0.0680
  0.4531
  0.3398
  0.2577
  0.2832
  0.8495
  0.3964
  0.2803
  0.2180
  0.2010
  0.1926
  0.1756
  0.1274
  0.2832
  1.3309
  1.6707
  0.6513
  0.3115
  0.2379
  0.3115
  0.8212
  1.5574
  0.5097
  0.1841
  0.1274
  0.1586
  0.1501
  0.1388
  0.1274
  0.1076
  0.1133
  0.1303
  0.2775
  0.6230
  0.4814
  0.2152
  0.1501
  0.1501
  0.1756
  2.2653
  3.4547
  1.6141
  0.9061
  2.5768
  0.8212
  0.3398
  4.7855
  2.7184
  0.8495
  0.3964
  0.2379
  0.1756
  0.1501
  0.1444
  0.1274
  0.1274
  0.1076
  0.0906
  0.0821
  0.0850
  0.0623
  0.0623
  0.0595
  0.0595
  0.0510
  0.0368
  0.0340
  0.0368
  0.0396
  0.0453
  0.0425
  0.0481
  0.0595
  0.3115
  0.4248
  0.0736
  0.0481
  0.0425
  0.0425
  0.0425
  0.0396
  0.0368
  0.0311
  0.0283
  0.0263
  0.0263
  0.0340
  0.0595
  0.2832
  1.5574
  8.9764
  0.7929
  0.1388
  0.1161
  0.1218
  0.4531
  0.6796
  0.2265
  0.0793
  6.7394
  1.0194
  0.7362
  1.3875
  1.6990
  0.7362
  0.3964
  0.4531
  1.7556
  0.5947
 15.1495
  5.7766
 27.3824
  4.8705
  1.9255
  3.5396
  2.2653
  1.9822
  1.0194
  0.4814
  0.2407
  0.1303
  0.1133
  0.1133
  0.0934
  7.8438
 10.4772
  2.4069
  3.9927
  4.5590
  2.0105
 50.4040
 16.7919
  4.3891
  1.5857
  0.7362
  0.4248
  0.3398
  0.3398
  0.5947
  0.8495
  0.3115
  0.1756
  0.1274
  3.5113
  2.1804
  0.9628
  0.3964
  0.1699
  1.3309
  1.1610
  0.4248
  0.1756
  0.1019
  0.2633
  0.2718
  0.1756
  1.1893
  0.3681
  0.1444
  0.1019
  6.3996
  7.1925
  0.7929
  0.2464
  0.1274
  0.1076
  0.1274
  0.1274
  0.2265
  2.2653
  1.1327
  0.6230
  1.5574
  5.3519
  9.8259
  2.0954
  0.6513
  0.2803
  0.1926
  0.1501
  0.2265
  0.2464
  0.1501
  0.1274
 10.9869
  3.7661
  2.1804
  1.1044
  0.6230
  3.8511
  2.5485
  0.8495
 18.7174
 16.6503
  2.9733
  1.0194
  0.5947
  0.2010
  0.1019
  0.0765
  0.0623
  0.0595
  0.0538
  0.0538
  0.0538
  0.0538
  0.0623
  0.0651
  0.0538
  0.0538
  0.0538
  0.0538
  0.0510
  0.0538
  0.0623
  0.0623
  0.0680
  0.0680
  0.0595
  0.0623
  0.6513
  3.6246
  3.9927
  3.5396
  1.3592
  0.7646
  0.3964
  0.3681
  0.1359
  3.2848
  3.3414
  3.1432
  1.0194
  0.1926
  0.7079
  1.4442
  0.2633
  0.1501
  0.0934
  0.0510
  0.0453
  0.0453
  0.0481
  0.0425
  0.0396
  0.0396
  0.0340
  0.0340
  0.0368
  0.0368
  0.0368
  0.0396
  0.0396
  0.0425
  0.9628
  0.0934
  0.0481
  0.1614
  0.0821
  0.0538
  0.0453
  0.0425
  0.0396
  0.0368
  0.0368
  0.0368
  0.0368
  0.0368
  0.0396
  0.0368
  0.0311
  0.0340
  0.0396
  0.0425
  0.0425
  0.0396
  1.3309
  4.5590
  1.8123
  6.2580
  7.6172
  3.3980
  0.9628
  2.3503
  0.6230
  0.1189
  0.0623
  0.0510
  0.0510
  0.0481
  0.0481
  0.1586
  0.0991
  0.0623
  0.0538
  0.0765
  0.1274
  0.1331
  0.1189
  0.1076
  0.1076
  0.1189
  0.1274
  0.1189
  0.1189
  0.1189
  0.1189
  0.1189
  0.1133
  1.4158
  3.2564
105.6218
 73.9070
 14.2434
  5.4652
 17.9529
  4.2758
  2.9450
  1.3592
  0.7362
  0.5380
  0.3964
  0.3398
  1.3875
  2.0671
  0.5947
  0.3398
  0.2265
  0.1869
  0.1529
  0.1331
  0.1331
  0.1472
  0.1303
  0.1388
  0.1133
  0.1218
  0.1699
  0.1274
  0.1048
  0.1048
 10.7321
  5.4368
  0.8495
  0.2690
  0.1586
  0.1331
  0.1189
  0.1133
  0.1727
  0.1756
  0.1699
  0.1472
  0.3115
  0.1812
  0.1472
  0.1331
  0.1218
  0.1274
  0.1274
  0.1274
  0.1812
  0.3115
  0.1756
  0.1529
  0.1416
  0.1388
  0.1274
  0.1133
  0.1019
  0.6513
  0.4248
  0.1841
  1.4158
  5.5218
  8.8065
  8.6366
  1.7556
  0.5380
  0.3115
  6.6545
  3.7945
  0.9911
  9.6277
  4.5024
  2.5485
  0.5663
  0.2152
  0.3115
  0.5097
  0.5097
  0.3398
  0.1019
  0.0566
  0.0538
  0.0510
  0.0623
  0.0566
  0.0396
  0.0311
  0.0821
  0.1784
  0.0736
  0.0566
  0.0538
  0.0538
  0.0538
  0.0934
  0.1048
  0.1189
 13.1107
  3.9077
  0.7646
  0.2520
  0.1472
  1.8123
  7.1925
  4.8705
  2.7184
  1.6707
  0.5097
  0.1727
  0.1246
  0.1331
  0.1388
  0.1642
  0.0963
  0.0736
  0.0736
  0.0708
  0.0651
  0.0566
  0.0538
  0.0510
  0.0340
  0.0255
  0.0255
  0.0255
  0.0311
  0.0311
  0.0311
  0.0311
  0.0311
  0.3398
  0.0708
  0.0396
  0.0340
  0.0311
  1.3026
  3.8794
  0.6513
  0.2095
  0.1614
  0.1416
  1.0194
  9.7693
  1.6707
  0.2464
  0.0963
  0.3398
  2.4636
  1.1327
  0.4814
  0.1954
  0.1246
  0.1048
  0.1246
  0.0651
  0.0566
  0.0566
  0.4814
  0.9911
  0.1557
  0.0566
  0.0368
  0.0311
  0.0255
  0.0238
  0.0311
  0.0311
  0.0275
  0.0311
  0.0311
  0.0311
  0.0368
  0.3115
  1.3592
  0.1359
  1.4725
  0.3681
  0.0510
  0.0481
  0.3681
  1.3026
  0.4814
  0.1359
  0.0481
  0.0368
  0.0991
  0.0765
  0.0396
  0.0368
  0.0368
  0.0368
  0.0340
  0.0368
  0.0425
  0.0510
  0.0538
  0.1161
  0.0736
  0.0538
  0.1246
  0.1416
  0.0934
  0.0934
  1.3592
  0.5947
  0.2747
  0.5380
  0.2209
  0.0963
  0.1019
  0.0651
  0.0510
  0.0311
  0.0481
  0.1133
  0.1246
  0.0850
  0.1699
  0.0595
  1.5574
  0.4248
  0.0878
  0.0566
  0.1557
  0.0736
  0.0566
  0.0566
  0.0510
  0.7362
  1.8972
  2.1521
  0.2832
  0.1104
  0.0396
  2.6335
  0.9061
  2.2653
  4.1626
  4.6440
  2.1804
  0.3964
  0.0878
  0.0368
  0.0238
  0.0167
  0.0167
 16.0273
 24.8339
  5.9182
  2.2370
  1.1893
  1.8689
  2.1238
  0.8778
  0.3398
  0.1756
  0.1388
  0.1104
  0.0934
  0.0651
  0.0793
  0.0566
  4.4741
  4.5024
  8.4667
  1.6707
  0.5380
 12.5160
  2.3503
  1.0194
  0.5097
  0.3398
  0.2265
  0.1784
  0.1104
  0.0623
  0.0510
  0.0368
  0.0311
  0.0218
  0.5097
  0.5097
  0.0736
  0.0368
  0.3964
  0.1982
  0.1161
  5.9465
 12.0913
  2.7184
  0.5380
  0.1048
  0.0368
  0.5947
  0.1189
  0.0538
  0.0481
  0.0425
  0.0340
  0.0311
  0.0255
  0.0275
  0.0311
  0.0311
  0.0311
  8.8065
  2.4069
  1.6424
  0.3681
  0.3398
  0.1756
  0.0481
  0.0340
  0.0311
  0.0275
  0.0340
  0.0368
  2.4069
  2.3220
  0.2633
  0.0651
  0.0340
  0.0311
  0.0368
  0.3681
  0.3115
  1.6707
  1.2743
  4.8988
  0.9345
  0.3681
  0.0680
  0.1161
  0.0821
  0.0538
  0.0425
  0.0368
  0.0340
  0.0340
  0.0340
  0.0340
  0.0272
  0.0258
  0.5663
  8.6650
  1.8406
  0.2095
  0.0765
  0.0510
  0.0425
  0.0368
  0.0340
  0.0425
  0.0510
  0.0340
  0.0311
  0.0340
  0.0425
  0.0651
  1.6424
  2.7184
  0.3398
  0.0765
  0.0425
  1.7273
  1.2176
  2.3786
  0.2294
  0.0680
  0.0510
  0.0311
  0.0272
  0.0272
  0.0241
  0.0258
  0.0272
  0.0241
  0.0227
  0.1897
  0.2265
  0.0595
  0.0538
  0.1699
  0.0481
  0.0258
  0.0258
  0.4814
  0.9061
  0.1246
  0.0510
  0.1841
  0.4531
  0.0793
  0.0453
  0.0765
  0.0963
  0.0453
  0.0311
  0.0340
  0.7079
  1.2176
  0.1671
  0.0765
  0.0340
  0.0311
  0.0272
  0.0241
  0.0258
  0.0227
  4.3891
  1.1327
  0.1388
  0.0623
  0.0396
  0.0821
  0.0368
  0.0566
  0.0934
  0.1359
  0.0651
  2.1521
  1.8689
  1.6424
  1.9255
  1.8123
  1.7273
  1.2459
  1.1893
  2.1238
  2.5485
  2.4069
  2.3220
  4.0210
 30.8654
 11.2135
  3.5113
  4.3042
  6.2297
  3.5396
  2.9166
  2.3220
  1.5574
  0.8212
  1.1044
 85.5169
108.1704
 60.8812
 35.1129
 19.7085
 13.1390
  8.7499
  7.0226
  5.6917
  4.8139
  3.9360
  3.2281
  2.6335
  2.2653
  2.0105
  1.9255
  2.1804
  1.3026
  1.5291
  1.2176
  1.7556
  3.5113
  2.4636
  3.0299
  2.9733
  1.6707
  0.9061
  0.6513
  1.2459
  1.2459
  0.5380
  0.7079
  1.1893
  0.3681
  0.2803
  0.2605
  0.2407
 14.9513
 28.6000
  4.2475
  1.9255
  1.2176
  0.8495
  0.5663
  0.4531
  0.6230
  0.5947
  0.4531
  0.4531
  0.5380
  0.3398
  0.2322
  0.2832
  0.5097
  0.3115
  0.3681
  0.2605
  0.9628
  0.3681
  0.4248
  0.4248
  0.2718
  0.1359
  0.1189
  0.4531
  0.9061
  1.5857
  0.7646
  0.2180
  0.1529
  0.3115
  1.3875
  0.6796
  0.4248
  0.4531
  0.2803
  0.1472
  1.4158
  1.1893
  1.9822
  0.5947
  0.1954
  0.1019
  0.0821
  0.9061
  1.1327
  1.0194
  1.1893
  1.2176
  1.1327
  1.1327
  0.9911
  0.1529
  0.1133
  0.0963
  0.0963
  0.0963
  0.0878
  2.6618
  5.2669
  0.8495
  0.3964
  0.1529
  0.0878
  0.7929
  0.3115
  0.0765
  0.0510
  0.0510
  0.0481
  0.0425
  0.0453
  0.5947
  0.6796
  0.0963
  0.0595
  0.0765
  0.0736
  0.0736
  0.0765
  0.0765
  0.0736
  0.0736
  0.0765
  0.0765
  0.0765
  0.0963
  0.0821
  0.1076
  0.1529
  0.1472
  0.1472
  0.0878
  0.0453
  0.0275
  0.0311
  0.0368
  0.0425
  0.0595
  0.0340
  0.0283
  0.0275
  0.0275
  0.0275
  0.0227
  0.0246
  0.0275
  0.0311
  0.0340
  0.0275
  0.0227
  0.0246
  0.0227
  0.0227
  0.0538
  0.0680
  0.0227
  0.0227
  0.0246
 13.1390
 11.6099
 18.2644
 17.9529
  8.0986
  6.5412
  5.9465
  4.8705
  4.5873
  4.7006
  6.8810
  7.4473
  9.2313
  8.6650
 45.0238
 39.9268
 21.0394
 15.6875
 31.7149
 10.4206
  9.3729
  7.1358
 12.1479
 11.4400
  6.4279
  8.8915
 10.2507
  9.9109
  6.0315
  3.6246
  4.8705
  3.0016
  4.7855
  6.6261
  3.3697
  2.8600
 11.7798
  3.1149
  5.0404
  5.9465
  3.5679
  6.4279
  3.1149
  4.6440
  2.6901
  1.9822
  3.0016
  2.8600
  2.2937
  1.4158
  1.2176
  0.9911
  0.7646
  0.7362
  1.0760
  0.9911
  0.8778
  1.8972
  3.6246
  6.1448
  2.1238
  1.9822
  1.7273
  1.3592
  1.2176
  1.8406
  1.3309
  0.7079
  1.6707
  0.9628
  1.3875
  1.1610
  1.3875
  0.8212
  0.5380
  1.4158
  1.6424
  0.7646
  0.5380
  1.3026
  2.3786
  4.1909
  9.7127
  2.7467
  1.3592
  1.0477
  2.0954
  1.5291
  0.7079
  0.6796
  0.5663
  2.8034
  1.5574
  2.2937
  1.6424
  0.7362
  0.6796
  0.5663
  0.3964
  0.1671
  0.0150
  0.0119
  0.0105
  0.1161
  0.6796
  0.7646
  0.8778
  0.9061
  7.6739
  6.3430
  3.0299
  2.1521
  5.1253
  3.1715
  2.1804
  0.9345
  0.1671
  0.1246
  1.5574
  0.3398
  0.1897
  0.1303
  0.1557
  0.1727
  0.1557
  0.1557
  0.1501
  0.2039
  0.1133
  0.1076
  0.1076
  0.1161
  0.1076
  0.1076
  0.1133
  0.1076
  0.1133
  0.1557
  1.4725
  0.3398
  0.1784
  0.1246
  0.1161
  0.1076
  0.1076
  0.1926
  0.7362
  0.2718
  0.2124
  0.3115
  0.2832
  0.2180
  0.2407
  0.1982
  0.1218
  0.1048
  0.1133
  0.1076
  0.1161
  0.1161
  0.1218
  0.1161
  0.1218
  0.1161
  0.1246
  0.1303
  0.1303
  0.1416
  0.1303
 41.6258
 14.7248
  2.1238
  0.4531
  0.3115
  0.1784
  0.1303
  0.1133
  0.1076
  0.0963
  0.0878
  0.0850
  0.1076
  0.0878
  2.2653
  1.7840
  3.0582
  3.0582
  3.7095
  2.7184
  2.1804
  1.1044
  0.7362
  0.4814
  0.8495
  1.1610
  1.3309
  0.4814
  0.3681
  0.3115
  0.2832
  0.3964
  0.4248
  0.5947
  1.4442
  0.5947
  0.4814
  7.5323
  4.7855
  1.7840
  2.6335
  0.6796
  4.3042
  2.2937
  1.1610
  1.6707
  0.7929
  0.2549
  0.1841
  0.1727
  0.1501
  0.1444
  1.3592
  0.9345
  0.3681
  0.8495
  0.5380
  0.1416
  0.0991
  0.1727
  0.1557
  0.0991
  0.0821
  0.0934
  0.3398
  8.3252
  7.5889
  4.9554
  1.3309
  2.1521
  1.3592
  0.9628
  0.1557
  0.2180
  0.1784
  0.1133
  0.0850
  0.0821
  0.0793
  0.0793
  0.0821
  0.0878
  0.0878
  0.0821
  0.0765
  0.0765
  0.0793
  0.0878
  0.0963
  0.0963
  0.0623
  0.0481
  0.0566
  0.0538
  0.0680
  0.0680
  0.0680
  0.0595
  0.0736
  0.0991
  1.6424
  2.9733
  5.8616
  0.7362
  0.0595
  0.5380
  0.2690
  0.7929
  1.2743
  0.7362
  2.1238
  0.6230
  6.4846
  0.8778
  0.3398
  0.3681
  0.2152
  1.0194
  0.1756
  0.2294
  4.2758
  1.7273
  0.7362
  0.6513
  0.1218
  0.0396
  0.0311
 25.5701
  8.4951
 14.2717
  8.3535
  1.4442
  0.3681
  0.1048
  0.0623
  0.0453
  0.0850
  2.6335
  0.7362
  0.0651
  0.0453
  0.0311
  0.0453
  0.0566
  0.8778
  0.1812
  0.0538
  0.0481
  0.0453
  0.1727
  1.4158
  1.0477
  5.9182
  1.8689
  0.7079
  0.9911
  0.2124
  0.0850
  0.0510
  0.1133
  0.0623
  0.0481
  0.0481
  0.0453
  0.0453
  0.0538
  0.0538
  0.0566
  0.0368
  0.0453
  0.2690
  0.1982
  0.1161
  0.1048
  0.0566
  0.0311
  0.0283
  0.0258
  0.1246
  0.3398
  0.0934
  0.0793
  4.8988
  2.9733
  1.0194
  1.8972
  0.5947
  1.0477
  0.1133
  0.0793
  0.0651
  0.0538
  0.0538
  0.0481
  0.0368
  0.0340
 36.8119
  0.1614
  0.2407
  1.4442
  2.3220
  9.2879
 14.2717
  4.6723
  1.5574
  0.7929
  4.9554
  3.7945
  1.3309
 31.7149
  3.8511
  2.1804
  1.6424
  1.3592
  1.0760
  0.8495
  0.6513
  0.5663
  0.5097
  0.4814
  0.4248
  0.4531
  5.3802
  5.3802
  3.0865
  5.9182
  2.8883
  1.9255
 21.2376
 30.0159
  5.6067
  5.9465
  4.1059
  3.2281
  2.6901
  1.9822
  1.7840
  2.9166
  2.6901
  2.6901
 65.1287
 13.0257
  8.4951
  6.0598
  4.2475
  4.8139
  4.2475
  2.8317
  2.3220
  2.5485
  1.4158
  0.7079
  1.6990
  1.1327
  0.9911
  3.3980
  2.0105
  1.9822
  1.1327
  1.6990
  0.8495
  1.9822
  2.5485
  1.4158
  0.2832
  0.3681
  0.4248
  0.7079
  0.8495
  0.5663
  1.1327
  1.6424
  2.3786
  0.6796
  0.5663
  0.3115
  0.5097
  0.4248
  0.2265
  0.1133
  0.1274
  0.1699
  0.1982
  0.2152
  0.1699
  0.1416
  0.7079
  0.1982
  0.1189
  0.1133
  1.2459
  0.9628
  0.5663
  0.2379
  0.1076
  0.3115
  6.3147
  1.9255
 14.8380
  2.8317
  1.1327
  0.5663
  0.2832
  0.1359
  0.3398
  0.8495
  0.2832
  0.1133
  0.0850
  5.6067
  2.4636
  0.6230
  0.2265
  0.1133
  0.0850
  0.0566
  0.0566
  0.0510
  0.0538
  0.0538
  0.0510
  0.0510
  0.0481
  0.0481
  0.0481
  0.0481
  0.0765
  0.0765
  0.1642
  0.3398
  0.0793
  0.0481
  0.0623
  0.0595
  0.0821
  0.5663
  0.1133
  0.0510
  0.0396
  0.0340
  0.7362
  1.9255
  0.9345
  0.1501
  0.0510
  0.0425
  0.1756
  0.1501
  0.0510
  0.0311
  0.0283
  0.0311
  0.0283
  0.0283
  0.0283
  0.0311
  0.0283
  0.0269
  0.0765
  0.4248
  0.2577
  0.1388
  0.0425
  0.0207
  0.0198
  0.0255
  0.0311
  0.0510
  0.0680
  0.0453
  5.2386
  3.4830
  1.7840
  1.0194
  0.5947
  0.3964
  0.2832
  0.2407
  0.2095
  0.1756
  0.0538
  0.0736
  0.0538
  0.0538
  0.0368
  0.0481
  0.0425
  0.0623
  0.0793
  0.0878
  0.0481
  0.0425
  0.0481
  0.0255
  0.0255
  0.0368
  0.0396
  0.0425
  0.0425
  0.0623
  0.0283
  0.0263
  0.0311
  0.0368
  0.0368
  0.0425
  0.0623
  0.0340
  0.0238
  0.0340
  0.0340
  0.0311
  0.0275
  0.0280
  0.0263
  0.0210
  0.0210
  0.0283
  0.0207
  0.0201
  0.0241
  0.0246
  0.0249
  0.0340
  0.0283
  0.0283
  0.0263
  0.0255
  0.0311
  0.0340
  0.0340
  0.0340
  0.0396
  0.0311
  0.0224
  0.0210
  0.0198
  0.0283
  0.0263
  0.0201
  0.0167
  0.0159
  0.0159
  0.0161
  0.0368
  0.0311
  0.0159
  0.0170
  0.0176
  0.0170
  0.0176
  0.7079
  0.2464
  0.0150
  0.0144
  0.0184
  0.0198
  0.0198
  0.0184
  0.0184
  0.0198
  0.0218
  0.0255
  0.0340
  0.1671
  0.0736
  1.4158
  1.3026
  0.0425
  0.0184
  0.0934
  0.0255
  1.6141
  0.7079
  0.1501
  0.0481
  0.0167
  0.0122
  0.0144
  0.0176
  0.0167
  0.0147
  0.0130
  0.0311
  0.0283
  0.0340
  0.0736
  0.0821
  1.6141
  0.1019
  0.0139
  0.0396
  0.0210
  0.0340
  0.0227
 24.2675
 19.3687
  2.4636
  0.3681
  0.0263
  0.0241
  0.0210
  0.0210
  0.1756
  0.0311
  0.0241
  0.0255
  0.0255
  0.0263
  0.0481
  0.0396
  0.0311
  0.0311
  0.0340
  0.0396
  0.0396
  0.0538
  0.0425
  0.0340
  0.0340
  0.0340
  0.0340
  0.0340
  0.0340
  0.0736
  2.2653
  3.7661
  8.8349
  3.1432
  1.2176
  0.1388
  0.0340
  0.0340
  0.0906
  0.0368
  0.0396
  0.0368
  0.0340
  0.0340
  0.0311
  0.0241
  0.0241
  0.0340
  0.0396
  0.0340
  0.0481
  0.0566
  0.0340
  0.0481
  0.0425
  0.0425
  0.0425
  0.0425
  0.0708
  0.0623
  0.0538
  0.0538
  0.0425
  0.0708
  0.0538
  0.0538
  0.0538
  0.0538
  3.9644
  3.0016
  3.1715
  4.2192
 16.4521
  5.5501
  2.2653
  3.5962
 17.8113
 33.4139
 64.2792
 30.5822
 13.9319
 12.4311
 15.1778
  5.4085
  3.3980
  2.6618
  2.2370
  1.8406
  1.3592
  1.1044
  0.9061
  0.7646
  0.5663
  0.5097
  0.3964
  0.3115
  0.3115
  0.2662
  0.2492
  0.2407
  0.7646
  1.5574
  0.4248
  0.2039
  0.1926
  0.3398
  0.4814
  0.2577
  0.1926
  0.1756
  0.1699
  0.1699
  1.4442
  0.9061
  1.0194
  0.6796
  1.1893
  4.7572
 29.7327
120.9129
 25.4852
  6.0598
  3.2848
  2.1804
  1.4725
  1.1610
  1.2743
  1.5857
  1.9255
  1.1327
  1.3309
  1.0477
  0.9628
  1.5291
  0.7929
  0.4814
  0.3398
  0.3115
  0.3115
  0.2832
  0.2747
  0.2832
  0.2662
  0.2322
  0.2209
  0.2039
  0.2209
  0.2124
  0.1756
  0.1586
  0.2124
  0.1501
  0.1501
  0.1444
  0.1331
  0.1331
  0.1529
  0.1501
  0.1019
  0.1218
  0.1218
  0.1274
  0.1218
  0.0934
  0.1104
  0.0963
  1.5008
  1.5574
  0.4814
  0.1671
  0.0595
  0.0595
  0.1642
  0.2803
  0.1218
  0.7929
  1.5857
  0.2690
  0.1019
 10.9303
  3.8794
  0.3398
  0.0906
  0.0906
  0.0708
  0.0821
  0.2379
  0.0906
  0.0623
  0.2350
  0.1189
  0.0680
  0.0906
  0.0566
  0.0538
  0.0708
  0.1019
  0.2690
 12.3745
  7.2491
  2.6618
  0.5380
  0.3681
  0.5097
  0.5380
  0.2124
  0.1841
  1.3592
  0.6230
  0.2662
  0.1841
  0.1388
  0.1019
  0.1019
  0.0934
  0.1104
  0.1274
  0.0963
  0.0793
  0.0934
  0.0821
  0.0340
  0.0510
  0.6230
  0.2520
  1.1327
  0.2690
  0.1133
  0.1019
  1.6990
  0.3398
  0.0991
  0.0340
  0.0396
  1.2459
  0.3115
  0.0396
  0.0340
  0.0244
  0.0283
  0.0269
  0.0269
  0.0283
  0.0340
  0.0340
  0.0481
  0.0623
  0.0481
  0.0425
  0.0396
  0.0425
  1.8689
  1.2743
  0.9628
  0.7929
  0.8212
  0.9061
  0.7362
  1.1327
 18.3210
 35.9624
  6.6545
  3.7378
  2.5485
  2.8317
  1.9822
  1.3309
  1.7556
  2.3220
  6.1448
 12.6576
  5.3519
  2.8883
  2.0388
 11.8364
  8.4101
  5.0404
  4.3325
  2.7751
  2.6051
  1.9539
  2.4919
  3.1149
  1.5291
  1.3026
  3.7378
  1.4442
  0.7929
  0.6513
  0.5097
  0.4814
  1.3309
  1.2743
  0.4248
  0.3681
  0.2747
  0.2209
  0.2265
  0.2124
  0.2124
  0.2124
  0.2039
  0.2039
  0.2209
  0.2124
  0.1982
  0.2124
  0.2209
  0.1982
  0.1756
  0.1756
  0.1756
  0.1756
  0.1756
  0.1699
  0.1586
  0.1642
  0.1642
  0.1586
  0.1926
  0.1756
  0.1642
  0.1388
  0.1331
  0.2832
  1.8123
  0.5663
  0.1529
  0.1444
  0.1133
  0.0821
  0.0934
  0.0821
  0.0850
  0.1388
  0.0934
  0.1048
  0.0821
  0.0708
  0.0708
  0.7929
  2.1521
  2.3786
  0.3398
  0.1303
  0.1019
  0.1501
  0.1104
  0.0906
  0.0793
  0.0708
  0.0651
  0.0680
  1.2459
  3.8511
  0.5097
  0.0708
  0.0340
  0.5097
  1.3026
  0.0708
  0.0396
  0.0425
  0.0340
  4.2758
  6.5129
  0.5380
  0.1019
  0.0680
  0.0651
  0.0793
  0.0651
  0.4248
  1.4442
  0.1586
  0.0510
  0.0396
  0.0368
  0.0481
  0.0481
  0.0453
  0.0453
  0.0651
  0.0736
  0.0850
  0.3398
  0.2577
  0.0453
  0.0283
  0.0821
  0.1841
  0.0736
  0.0934
  0.0963
  0.1388
  0.1812
  0.0821
  0.0651
  0.0651
  0.0736
  0.0906
  0.0680
  0.0425
  0.0340
  0.0340
  0.0736
  0.7929
  0.9345
  0.0538
  0.0113
  0.0210
  0.0283
  0.0198
  0.0252
  0.0311
  0.0481
  0.0227
  0.0481
  0.0481
  0.0340
  0.0176
  0.0481
  0.0481
  0.0510
  0.0595
  0.0651
  0.0765
  0.0566
  0.0850
  0.1388
  0.8212
  0.1359
  0.0510
  0.0252
  0.7646
 12.7709
 12.4877
  2.8034
  0.9628
  0.7646
  0.6796
  0.6513
  0.6230
  0.7646
  0.7362
  0.8212
  0.7646
  1.5008
  1.5008
  1.2743
  0.8495
  0.9628
  1.1610
 10.1091
  1.4158
  1.8972
 10.4489
  2.4069
  5.2953
  3.0865
 11.0153
  2.4919
  2.6051
  2.0105
  0.9911
  1.2459
  3.2281
  2.0388
  0.9628
  0.6513
  0.5380
  0.4814
  0.4531
  0.4248
  1.4158
  0.6230
  0.3964
  0.3681
  0.3398
  0.3398
  0.3398
  0.3398
  0.3681
  0.3681
  0.3398
  0.3681
  0.3398
  0.3115
  0.3115
  0.3681
  0.5663
  0.3681
  0.3115
  0.3115
  0.3398
  0.3398
  0.3681
  0.3115
  0.3115
  0.3115
  0.3115
  0.3398
  0.3398
  0.3115
  0.3115
  0.3398
  0.3398
  0.3115
  0.3115
  0.3115
  0.3115
  0.3115
  0.3398
  0.3398
  0.3398
  0.3964
  0.5663
  0.3115
  0.2775
  1.9822
  0.8212
  0.2832
  0.7079
  0.4531
  0.7362
  0.8495
  0.2775
  0.2407
  0.2350
  0.2350
  0.2775
  0.3681
  0.3115
  0.8778
  2.9733
  0.8778
  1.6990
  0.7646
  0.8778
  0.3964
  0.2775
  0.2549
  1.5574
  0.5097
  0.2775
  0.2492
  0.2407
  0.2492
  0.2549
  0.3115
 12.0347
  1.8689
  0.5380
  0.3681
  0.3681
  0.3964
  0.4814
  0.4814
  0.4814
  0.4814
  0.4814
  0.4814
  0.4814
  0.5380
  0.5663
  0.5097
  0.4814
  0.4814
  0.5097
  0.6230
  0.7646
  0.5380
  0.8495
  0.8778
  0.5097
  0.4531
  0.4531
  0.4531
  0.5380
  0.6230
  0.6230
  0.6230
  2.2370
  0.9061
  0.4531
  0.4531
  0.3964
  0.3964
  1.5008
  0.5663
  0.3964
  0.3681
  0.3681
  0.4248
  0.5663
  0.4814
  0.4531
  0.4531
  0.4814
  0.4531
  0.4248
  0.4248
  0.4531
  0.4531
  3.0299
  2.4636
  2.7467
  1.2459
  0.5663
  0.3964
  0.3681
  0.3681
  0.3681
  0.3681
  0.3681
  0.3964
  0.4814
  2.8883
  2.5768
  4.1626
  3.3414
 18.9157
 24.8622
 41.9089
  4.6156
  3.3697
  2.6618
  2.2937
  1.9255
  1.6424
  2.8034
  2.5768
  2.4919
  2.1521
  1.7556
 17.1883
 26.2497
 11.2135
  7.4190
 26.0515
 51.2535
 17.6414
  7.7588
  5.5501
  3.3697
  2.4919
  2.2087
  3.0299
  3.0865
  1.7556
  1.3309
  1.1327
  1.1610
  1.1327
  1.0760
  0.8778
  1.1044
  0.8212
  0.6796
  0.5663
  0.5097
  0.4814
  0.4531
  0.4248
  0.4248
  0.3964
  0.3681
  0.4531
  0.3398
  0.3115
  0.3115
  0.5663
  0.3398
  0.2832
  0.2775
  0.2775
  0.5947
  1.5008
  0.6230
  0.2775
  0.2549
  0.2407
  0.2407
  0.2407
  0.2350
  0.2492
  0.8212
  0.7362
  0.2832
  0.2549
  0.2492
  0.2407
  0.2690
  0.2832
  0.2775
  0.2832
  0.2549
  0.2549
  0.3964
  0.3115
  0.3115
  0.3115
  0.3681
  0.4248
  0.3398
  0.3398
  0.3398
  0.3115
  0.2832
  0.3115
  0.3115
  0.3115
  0.2832
  0.2832
  0.3115
  1.3309
  1.6707
  7.6739
  1.6141
  0.3398
  0.2039
  0.1869
  0.1812
  0.1812
  0.1812
  0.1812
  0.1869
  0.1926
  0.2095
  0.2039
  0.1982
  0.1926
  0.1869
  0.1812
  0.1982
  0.2180
  0.2350
  0.2294
  0.7362
  0.2095
  0.1699
  0.1756
  0.1756
  0.1926
  0.1982
  0.2350
  0.2294
  0.3115
  0.4248
  0.2492
  0.1331
  0.1161
  0.1218
  0.1246
  0.1218
  0.1416
  0.1614
  0.1331
  0.1614
  0.1416
  0.1444
  0.1359
  0.1359
  0.1444
  0.1416
  0.1416
  0.1557
  0.1501
  0.1557
  0.1557
  0.1557
  0.1614
  0.1557
  0.1812
  0.2095
  0.2690
  0.1982
  0.4248
  0.3398
  0.1416
  0.1331
  0.1444
  0.1444
  0.1501
  0.1331
  0.1274
  0.1331
  0.1416
  0.1359
  0.1331
  0.1359
  2.6901
  0.3398
  0.1359
  0.1218
  0.1614
  0.1444
  0.1246
  0.1133
  0.1699
  0.3681
  0.3681
  0.4248
  0.4248
  0.3964
  0.3964
  0.4531
  0.3681
  0.4248
  3.3980
  1.2176
  0.4531
  0.3398
 67.6773
 45.5901
 37.3782
 11.5250
 23.8711
 10.6188
  3.2848
  2.4919
  2.2937
  2.2087
  1.6424
  1.3875
  1.3026
  1.5574
  1.1327
  1.1327
  1.1893
  1.1044
  0.8495
  0.7362
  0.7079
  0.7362
  0.4531
  0.4248
  0.4248
  0.3964
  0.3681
  0.3681
  0.3681
  0.3964
  0.4814
  0.5380
  0.3964
  0.2520
  0.2294
  0.2294
  0.2294
  0.5380
  1.1044
  0.2520
  0.5947
  0.2832
  0.2832
  0.2605
  0.2605
  0.2718
  0.3398
  0.4248
  0.3681
  0.3115
  0.2605
  0.2067
  0.2067
  0.1982
  0.1982
  0.1982
  0.2067
  0.2294
  0.2718
  0.1869
  0.2180
  0.2067
  0.2067
  0.2067
  0.2180
  0.2294
  0.3398
  0.2832
  0.2067
  0.2407
  0.2407
  0.2067
  0.2067
  0.2605
  0.2605
  0.2520
  0.5947
  0.2520
  0.1671
  0.1671
  0.1614
  0.1671
  0.1614
  0.1671
  0.1614
  0.1869
  0.2407
  0.2605
  1.1044
  0.3964
  0.1246
  0.1161
  3.0016
  0.7079
  0.0793
  0.0651
  0.0623
  0.0566
  0.0651
  0.0736
  0.0708
  0.0651
  0.0623
  0.0566
  0.0850
  0.0850
  0.0850
  0.0934
  0.1388
  0.1019
  0.0878
  0.0963
  0.0878
  0.0793
  0.0793
  0.0793
  0.0708
  0.0850
  0.0850
  0.0878
  0.0963
  0.0963
  0.1104
  0.1019
  0.1161
  0.1104
  0.1019
  0.1472
  0.1104
  2.4069
  0.4531
  0.0708
  0.0623
  0.0934
  0.0934
  0.0963
  0.0736
  0.0708
  0.0793
  0.1529
  0.6513
  2.1238
  0.1161
 15.9707
  1.0760
  0.1472
  0.1161
  0.1161
  0.0878
  0.0963
  0.0793
  0.0736
  0.0736
  0.0736
  0.3115
  2.1521
  0.2180
  0.1019
  0.0878
  0.0878
  0.0963
  0.1104
  0.1019
  0.0934
  0.0934
  0.0878
  0.0850
  0.0850
  0.1303
  0.1246
  0.2549
  0.2265
  0.1982
  0.1869
  0.1699
  0.3964
  0.3398
  0.2832
  0.2265
  0.1982
  0.2265
  0.1982
  0.4248
  0.9911
  0.8212
  0.3115
  0.2832
  0.2803
  0.2180
  0.1529
  0.0906
  0.0934
  0.1019
  0.1019
  0.0991
  0.0934
  0.0906
  0.0906
  0.0934
  0.0991
  0.0934
  0.0906
  0.0878
  0.0821
  0.0850
  0.0906
  0.0906
  0.0906
  0.0934
  0.0934
  0.0963
  0.0963
  0.0991
  0.0991
  0.0906
  0.1019
  0.0934
  0.1104
  0.0991
  0.0934
  0.0906
  0.0991
  0.0991
  0.0906
  0.0736
  0.0793
  0.0991
  0.0878
  0.0934
  0.1019
  0.1218
  0.3398
  1.1327
  0.1529
  0.0906
  0.0821
  0.0850
  0.0934
  0.0878
  0.0934
  0.1048
  0.1133
  0.1104
  0.2039
  0.2322
  0.5663
  0.1897
  0.1331
  0.2718
  8.1553
  1.6990
  1.0760
  0.7362
  0.1642
  0.1104
  0.0736
  0.0680
  0.0623
  0.0623
  0.0623
  0.0595
  0.0566
  0.0566
  0.0566
  0.0566
  0.0566
  0.1586
  0.0934
  0.0736
  0.0736
  0.0765
  0.0793
  0.0878
  0.0878
  0.0991
  0.0934
  0.0934
  0.1274
  0.1388
  0.1133
  0.2718
  0.1444
  0.1019
  0.0906
  0.0906
  0.0991
  0.1444
  0.1388
  0.1104
  0.0934
  0.1019
  0.1019
  0.3398
  0.3115
  0.1331
  0.0991
  0.0878
  0.0906
  0.0906
  0.0906
  0.1048
  0.1104
  0.1048
  0.1189
  0.1218
  0.1218
  0.1218
  0.1189
  0.1048
  0.1133
  0.1274
  0.1331
  0.1274
  0.1274
  0.1388
  0.1331
  0.1189
  0.1133
  0.1189
  0.1133
  0.1133
  0.1218
  0.1189
 33.1307
 24.9755
 30.8654
 12.1762
  8.9198
  8.7782
 11.3267
 14.9513
 31.4317
 31.4317
 31.4317
 17.6697
  2.1238
  1.5008
  1.0477
  0.8778
  1.2743
  1.1327
  4.1909
  1.6424
  2.4919
 17.1600
 15.2911
  5.4368
  1.6424
  0.9345
  3.1998
 13.9319
  3.9644
  4.2475
  1.4158
  0.6513
  0.3964
  0.2718
  0.2322
  0.2095
  0.1897
  0.1812
  0.1756
  0.1444
  0.1699
  0.1642
  0.1642
  0.1756
  0.1642
  0.1586
  0.1812
  0.1812
  0.2039
  0.3115
  1.8972
  4.5024
  1.5291
  0.9911
  0.3681
  0.4248
  0.2549
  0.7929
  0.6513
  0.5380
  0.1812
  0.1586
  0.1444
  0.1444
  0.1699
  0.2464
  0.2464
  0.2180
  0.1699
  0.1557
  0.1586
  0.5663
  0.2095
  0.1699
  0.1557
  0.1501
  0.7362
  0.7646
  0.2464
  2.2937
  0.7929
  0.2039
  0.1557
  0.1501
  0.1501
  0.1388
  0.1444
  0.1501
  0.2180
  0.2265
  0.1586
  0.1388
  2.1804
  1.1610
  0.2265
  0.1586
  0.1444
  0.1331
  0.1218
  0.1189
  0.2832
  0.1699
  0.1218
  0.1388
  0.1274
  0.1331
  0.1274
  0.1218
  0.1331
  0.1557
 14.2717
  1.6707
  0.3398
  1.8406
  0.2407
  0.1218
  0.1189
  0.9061
  0.5380
  0.3398
  0.1642
  0.1444
  0.1331
  0.1133
  0.1133
  0.1133
  0.1133
  0.1133
  0.1218
  0.1189
  0.1303
  0.1331
  0.1218
  0.1557
  0.1444
  0.1557
  0.1756
  0.1529
  0.2180
  3.5679
  4.3325
  2.8600
  0.3115
  0.2039
  0.1614
  0.1274
  0.1104
  0.1076
  0.1189
  0.1614
  0.1331
  0.1274
  0.1246
  0.1189
  0.1274
  0.1274
  0.1274
  0.1274
  0.1331
  0.1388
  0.1557
  0.2039
  0.1727
  0.4531
  2.3786
  0.3115
  0.1727
  0.1501
  0.1444
  0.1388
  0.1388
  0.1388
  0.1444
  0.1388
  0.1444
  0.1671
  0.1501
  0.1331
  0.1331
  0.2180
  1.5008
  0.1784
  0.1189
  4.4174
  2.9450
  2.4919
  2.6618
  2.0105
  2.7751
  1.9539
  0.3398
  0.3398
  0.3115
  0.2803
  0.3964
  0.3115
  0.3398
  0.5663
  4.5024
  1.1327
  0.3964
  0.3115
  3.0016
  4.5024
  0.7646
  0.2209
  0.2803
  0.7079
  0.7646
  0.4814
  0.3115
  4.8422
  1.5574
  0.3115
  0.2095
  0.1812
  0.1699
  0.8212
  8.9764
  3.3131
  0.7079
  0.5097
 14.2434
 23.0499
 62.0139
 23.1915
  9.9109
  8.0986
  4.9271
  3.7661
  3.1998
  2.8600
  2.2370
  0.3964
  2.0671
  1.6990
  0.9628
  0.5380
  0.4248
  0.3681
  0.9911
  1.1327
  0.4248
  0.3115
  0.2549
  0.2265
  0.2152
  0.2095
  0.1982
  0.3681
  0.2322
  0.1897
  0.1954
  0.2180
  0.2322
  0.1954
  0.1699
  0.1642
  0.1529
  0.1586
  0.2322
  0.3115
  0.4531
  0.2718
  0.2322
  0.1642
  0.1388
  0.1388
  0.1388
  0.1444
  0.1642
  0.1529
  3.9077
  0.3681
  0.1529
  0.1274
  0.1189
  0.1133
  0.1444
  0.2209
  0.8495
  0.3681
  0.1869
  0.1812
  1.2743
  1.9822
  0.9911
  0.6513
  0.1614
  0.1472
  0.1388
  0.1388
  0.3115
  0.1982
  0.1699
  0.1586
  0.1416
  0.1416
  0.1444
  0.1218
  0.1303
  0.1614
  0.4248
  0.2464
  0.1557
  0.1359
  0.1331
  0.1388
  0.1501
  0.1614
  0.1784
  0.7646
  0.3398
  0.3398
  0.2265
  0.1869
  0.1727
  5.5501
  5.0687
  0.3115
  0.0821
  0.0793
  0.0906
  0.0821
  0.0793
  0.0736
  0.0793
  0.1501
  0.0765
  0.0651
  0.0595
  0.0651
  0.0680
  0.0623
  0.0623
  2.0954
  0.4531
  0.0736
  3.6529
  0.1472
  0.0538
  0.0510
  0.0736
  0.0595
  0.0623
  0.0651
  0.0623
  0.0623
  0.0651
  0.0708
  0.0623
  0.0566
  0.0680
  0.0736
  0.0850
  0.0991
  0.0878
  0.0850
  0.0793
  0.0651
  0.0623
  0.0708
  0.0765
  0.0878
  0.0765
  0.0793
  0.1048
  0.0765
  0.0736
  0.0934
  0.0850
  2.6051
  1.7556
  0.3681
  0.3681
  1.4442
  6.5695
  2.7184
  0.3964
  2.3503
  6.6261
  6.9659
  4.4741
  0.7646
  0.8212
  9.5711
  2.4069
  0.5380
  0.2095
  0.1104
  0.0850
  0.0934
  1.6141
  0.7646
  0.2322
  0.0850
  0.1048
  0.1048
  0.0934
  0.2832
  0.4531
  0.2492
  0.2690
  0.2803
  0.1472
  0.1586
  0.1104
  0.0850
  2.9733
  8.8349
 10.7604
  3.3414
  1.0477
  0.3398
  0.2095
  0.1586
  0.1472
  0.1529
  0.3398
  0.3115
  0.2492
  3.3980
  6.4846
  3.1998
  0.6796
  0.2832
  0.2010
  0.1416
  0.1133
  0.1104
  0.3681
  1.6141
  3.8794
 10.6755
 24.0410
  1.6141
  0.5380
  0.2492
  0.1954
  0.1869
  1.1610
  3.5679
  2.3503
  3.5396
  3.5396
  1.3309
  4.5024
 12.0913
  4.1909
  3.2848
  1.4725
  0.5097
  0.2633
  0.1727
  7.5323
 11.3551
  1.3026
  0.3964
  4.5590
  1.7556
  0.4814
  0.1869
  0.1303
  0.6230
  0.4814
  0.1812
  0.1303
  0.1189
  0.1416
  0.3964
  0.2095
  0.1671
  0.1529
  0.6796
  1.9822
  0.9345
  0.2180
  0.6513
  0.3681
  0.1359
  0.0906
  0.0906
  0.0850
  0.0850
  0.0850
  0.1133
  0.2095
  0.1359
  0.1104
  3.6812
  0.9911
  2.1521
  0.3681
  0.5663
  0.1472
  7.0226
  1.8689
  0.2633
  0.0991
  0.1246
  0.1133
  0.0906
  0.1104
  0.0850
  0.0765
  0.0680
  0.0765
  0.3398
  3.4830
  3.6246
  0.3681
  0.2322
  0.0991
  0.0680
  0.0680
  0.0651
  0.0765
  0.0736
  0.0651
  0.0736
  0.0906
  0.0906
  0.0991
  0.1133
  0.0934
  0.0680
  0.0991
  0.1048
  0.0991
  0.0651
  0.0680
  0.0623
  0.0765
  0.6513
  1.6141
  1.4442
  2.0388
  0.2407
  1.1327
  1.3592
  0.2832
  0.1727
  0.0906
  0.0765
  0.0538
  0.0566
  0.0566
  0.0566
  0.0566
  0.1246
  0.1303
  0.1246
  0.4531
  1.6990
  1.6424
  0.1841
  0.5380
  0.9628
  0.3681
  0.2407
  0.6513
  0.6513
  0.1954
  0.1472
  0.1246
  0.0991
  0.0934
  0.0850
  0.0850
  0.0850
  0.1104
  0.1104
  0.1133
  0.1189
  0.1472
  0.1048
  0.0850
  0.6796
  0.2577
  0.0934
  0.0736
  3.1715
  3.9644
  0.9345
  6.0598
  2.6901
  0.5380
  0.1133
  0.0906
  0.0850
  0.0934
  0.0850
  0.0736
  0.0680
  0.0765
  0.0821
  0.1104
  0.0934
  0.0850
  0.0934
  0.1048
  0.1133
  0.0991
  0.0934
  0.0906
  0.1048
  0.1671
  0.2577
  0.1954
  0.1614
  0.1416
  0.1189
  0.1133
  0.0821
  0.0765
  0.0765
  0.0821
  0.0850
  0.0906
  0.0934
  0.0991
  0.4248
  2.2370
  0.5947
  0.1359
  0.0934
  1.9539
  0.5380
  4.2475
  1.1327
  0.4248
  0.2124
  2.1804
  1.5008
  0.2492
  0.1416
  0.1359
  0.1472
  0.1189
  0.1189
  0.1133
  0.0850
  0.0821
  0.0765
  0.0906
  0.2747
  3.2848
  0.2832
  0.1133
  0.0850
  0.0821
  0.0765
  0.0765
  0.0736
  0.0821
  0.0850
  0.0821
  0.0425
  0.0821
  0.0821
  0.0850
  0.0906
  0.0934
  0.1104
  0.4531
  0.2577
  0.1954
  0.1727
  0.1104
  0.0934
  0.0850
  0.0821
  0.0821
  0.0934
  0.1246
  0.1303
  0.0991
  0.0991
  0.0934
  0.0934
  0.1133
  0.1614
  0.0991
  0.0850
  0.0906
  0.0850
  2.0671
  1.7556
  1.4158
  1.9822
  0.1586
  0.0821
  0.0651
  0.0595
  0.0595
  0.0680
  0.0680
  0.0708
  0.0736
  0.0708
  0.0708
  0.0708
  0.0736
  0.0821
  0.0821
  0.0878
  0.1076
  0.1076
  0.1076
  0.1048
  0.1586
  0.1472
  0.0680
  0.0765
  0.0821
  0.0821
  0.0821
  0.0850
  0.0934
  0.0850
  0.1104
  0.1048
  0.1048
  0.1048
  0.0991
  0.1048
  0.1048
  0.0906
  0.1048
  0.1189
  0.1671
  0.1189
  1.3309
 15.4327
  4.6440
  1.3592
  0.4814
  0.2322
  0.2010
  0.2832
  0.2010
  0.2265
  7.0509
  8.4951
  1.4158
  1.9822
 12.5160
 29.1664
 13.3089
  5.7766
  1.6141
  0.5663
  0.3115
 18.5192
 30.0159
  9.5994
  5.8616
 12.0063
  2.0671
  0.9061
  0.4531
  0.2803
  0.2180
  0.6513
  0.4814
  1.0760
  0.4531
  0.3115
  0.2718
  0.9911
  3.1432
  1.2743
  1.1893
  0.7929
  1.3026
  0.3964
  0.1869
  0.1727
  0.3681
  0.3398
  0.1727
  0.3398
  0.9345
  1.1044
  1.7840
  4.3608
  2.1238
  5.8899
 22.2570
 12.7992
 12.6576
 45.8733
 16.1689
  6.1448
  4.7572
  3.2564
  7.3907
  2.5768
  1.1327
  2.8883
  0.9911
  0.5380
  2.0105
  2.0671
  1.0760
  0.5097
  5.5784
 38.5109
 11.9780
  3.1715
  1.1893
  0.6230
  0.3964
  0.3398
  0.3964
  0.2633
  0.2322
  0.2095
  0.1869
  0.1954
  0.2010
  0.2180
  0.2180
  0.1727
  0.2010
  4.5873
  2.2653
  0.5947
  0.6513
 24.7489
  2.4919
  0.5097
  0.2492
  0.2180
  0.7079
  1.1610
  0.6796
  0.6230
  0.3115
  1.3026
  7.5606
  1.8689
  0.3964
  0.2718
  0.4531
  0.2492
  0.2492
  0.2095
  0.1303
  0.1359
  0.2095
  0.4531
  0.1954
  0.1303
  0.1104
  0.1048
  0.1416
  0.2407
  0.1671
  0.1303
  0.0934
  0.0906
  0.1048
  0.1189
  0.1133
  0.0991
  0.1048
  0.1104
  0.1048
  0.1586
  0.1954
  0.2407
  0.2095
  0.3398
  0.1869
  0.1472
  0.1133
  0.0991
  0.0821
  0.1048
  1.8406
  0.2832
  0.1104
  0.1133
  0.1246
  0.1529
  0.0821
  0.0736
  0.8495
  3.3980
  0.4814
  0.4248
  0.1472
  0.0963
  0.0991
  0.0963
  0.0991
  0.1218
  0.1076
  0.1246
  0.1331
  0.2832
  0.2350
  0.1359
  0.1189
  0.1048
  0.1019
  0.1019
  0.1048
  0.1076
  0.1104
  0.0991
  0.0963
  0.0991
  0.0934
 11.2701
 11.5250
  4.5307
  1.3309
  9.9675
  3.9644
  2.1238
  1.7840
  1.5857
  1.4158
  1.2459
  0.9061
  0.1246
  0.1897
  7.0792
  1.9822
  0.3681
  0.1841
  0.1416
  0.1189
  0.1133
  0.1133
  0.1133
  0.1133
  0.1246
  0.1472
  0.1727
  3.2848
 13.9319
  5.8333
 13.7620
  4.0493
  5.4368
  0.5947
  0.2237
  3.5962
  0.4531
  0.1642
  0.1416
  0.1246
  0.1133
  0.1048
  0.0963
  0.1019
  0.1048
  0.1019
  0.1019
  1.5291
  0.6513
  0.1189
  0.1133
  0.1189
  0.0906
  0.0906
  0.0934
  0.1019
  0.0963
  0.0934
  0.0934
  0.0934
  0.0934
  0.0963
  0.0963
  0.0963
  0.0963
  0.0963
  0.1416
  1.2459
  0.1897
  0.0963
  0.0850
  0.0906
  0.0963
  0.1642
  0.2407
  0.1359
  0.3115
  0.1586
  0.1246
  0.1303
  0.1133
  0.1019
  0.1048
  0.1133
  0.1586
  0.1416
  0.1303
  0.1246
  0.1586
  0.1359
  0.1246
  0.1359
  0.1727
  0.1472
  0.1303
  0.2237
  0.1727
  0.1359
  0.1189
  0.1472
  1.1327
  1.2176
  0.3398
  0.3398
 11.9780
 14.4699
  9.6844
  2.3503
  0.8778
  0.4531
  0.6230
  6.4279
  1.8406
  0.4814
  0.1897
  0.3115
  0.7362
  0.2180
  2.9733
  4.4741
  0.6796
  0.9911
  0.2237
  0.1586
  0.1416
 19.5386
 22.3703
  2.8883
  0.7929
  0.3115
  0.1982
  0.1642
  0.1472
  2.4919
  1.0194
  0.1699
  0.1019
  0.0850
  0.1246
  0.0850
  2.1238
  1.7273
  0.2180
  0.1133
  0.0934
  0.0906
  0.0963
  0.0821
  0.0708
  0.0708
  0.0765
  0.0850
  0.0850
  0.0821
  0.0850
  3.7945
  0.9911
  2.4352
  0.4248
  0.1189
  0.0850
  0.1189
  0.8778
  0.9061
  0.1246
  0.0765
  0.2379
  0.0736
  0.0623
  0.0538
  0.0453
  0.0510
  0.0651
  0.0906
  0.0765
  0.0651
  0.0623
  0.0906
  0.0821
  0.0765
  0.0736
  0.1189
  0.0906
 70.7921
 41.0594
 25.2020
 10.3073
  7.2208
  7.5323
 54.0852
 16.8202
 12.2329
  6.7394
  4.5307
  3.7378
  3.1715
  3.2281
  2.8034
  2.5202
  3.9644
  3.2848
  2.2937
  2.6618
  9.5994
  7.7022
  2.8883
  5.6634
  5.7200
  2.6618
  1.9822
  3.5113
  2.3786
  1.6424
  1.4725
  1.3309
  1.1893
  0.9061
  0.7929
  0.8212
  2.9166
  1.5857
  1.3592
  0.8212
  0.6513
  1.3875
  1.0194
  0.6230
  0.5097
  0.5097
  0.5097
  0.6796
  0.6796
  0.5097
  0.4531
  0.5097
  0.4814
  0.3964
  0.8495
  0.5380
  0.4531
  0.3681
  0.3398
  0.3398
  0.3398
  0.3398
  0.3115
  0.2747
  0.2605
  0.2605
  0.2464
  0.2407
  0.2407
  0.2265
  0.2152
  0.2265
  0.3115
  0.2322
  0.2464
  0.2464
  0.3398
  0.2322
  1.1327
  1.4725
  1.8406
  1.2176
  0.6796
  0.3964
  0.3115
  0.2832
  0.4531
  0.2832
  0.2464
  0.2803
  2.4352
  1.6707
  4.1343
  2.1521
  2.5485
  1.9822
  1.3592
  8.3252
  2.8317
  2.0105
  1.8123
  0.7929
  0.4531
  4.2475
  5.5218
  1.8123
  1.6707
 12.4877
 11.1002
  2.7751
  1.1327
  0.6796
  0.5947
  0.5380
  0.3398
  0.2747
  0.2520
  0.2407
  0.2322
  0.2407
  0.2832
  0.3398
  2.8317
 28.3168
  2.2087
  0.8495
  0.5947
  0.3681
  0.2747
  0.2662
  0.2464
  0.8495
  1.9255
  4.9554
  1.1893
  0.3681
  0.2605
  4.2475
  3.3980
  2.5485
  2.2653
  1.9822
  5.6634
  3.9644
  8.4951
  3.3980
 14.1584
  5.6634
  2.7751
  1.4725
  0.9345
  0.8212
  1.1610
  1.0477
  3.8228
  1.7556
  0.6796
  0.3964
  0.3398
  0.3115
  0.2832
  0.2605
  0.2464
  3.1432
  4.0210
  1.7556
  1.4442
  2.9166
  0.8495
  0.3964
  0.3398
  0.2832
  0.2662
  0.2265
  0.2265
  0.2209
  0.2209
  0.2209
  0.9628
  1.4158
  0.6230
  0.6796
  0.3398
  0.3115
  0.2832
  0.2832
  0.2832
  0.2832
  0.2832
  0.2832
  0.4248
  0.3398
  0.3115
  0.2832
  0.2633
  0.2633
  3.4830
  0.8778
  0.3681
  0.2832
  0.8495
  0.9061
  1.7556
  0.7929
  4.4741
  1.5008
  1.1044
  0.7646
  0.8212
  5.9465
  6.5129
  5.2386
  1.5857
  1.4725
  3.7945
  3.7095
  6.2014
  7.2208
  8.3535
  1.8972
  1.0760
  0.7929
  0.4814
  0.3681
  0.3115
  0.2633
  0.2549
  0.2633
  0.2832
  0.2549
  0.2350
  0.2350
  1.7273
  1.8972
  0.5663
  0.3398
  0.4531
  0.5663
  2.6051
  0.9345
  0.4248
  0.3115
  0.2633
  0.2549
  0.2549
  0.8778
  0.5947
  0.3398
  0.2832
  0.3681
  0.3398
  0.2832
  0.2549
  0.2464
  0.2832
  0.3681
  0.3964
  0.3115
  0.2633
  1.6141
  1.2176
  1.4158
  0.8778
  0.7929
  0.5663
  0.4814
  0.6796
  0.3964
  0.5947
  0.5663
  0.4814
  0.3681
  0.3115
  0.3398
  0.3115
  0.2832
  0.2832
  0.5380
  4.3891
  1.8406
  1.3026
  7.4190
  1.8406
  4.4174
  5.4652
  2.6051
  2.5768
  6.3147
  3.4830
  3.0016
  2.0671
  0.9628
  3.7378
  1.3026
  0.9061
  0.6796
  0.3398
  0.2832
  0.2718
  0.2718
  0.2549
  0.2350
  0.2265
  1.2459
  1.8406
  0.8778
  0.5380
 12.8558
  9.2313
  4.1343
  2.3503
  1.3026
  0.6796
  0.7362
  0.4248
  0.3115
  9.2879
  2.3220
  0.7362
  0.4248
  0.2832
  1.6141
  0.8212
  0.3964
  0.2832
  0.2633
  0.2464
  0.2350
  0.2265
  0.2180
  0.2464
  0.3115
  0.4531
  0.3115
  0.2549
  0.2464
  0.3398
  0.3681
  0.2832
  0.3115
  0.3681
  0.4531
  0.7646
  6.3713
  1.8689
  0.8778
  0.4248
  0.3115
  0.3115
  1.3592
  0.3115
  0.5097
  2.7184
  1.7556
  0.5097
  0.3115
  0.2832
  0.2832
  0.3115
  0.3398
  0.5663
  0.3681
  0.2832
  0.2633
  0.6796
  0.3681
  2.1238
  0.8212
  0.2067
  0.1671
  0.1472
  0.1388
  0.1671
  0.2633
  0.1982
  6.3713
  6.3996
  1.9255
  1.6424
 11.6099
  0.9345
  0.2379
  0.1699
  0.8212
  1.4725
  0.6513
  1.5857
  0.9911
  2.4636
  0.5663
  0.2435
  0.2435
  0.2209
  0.2124
  0.1784
  0.1756
  0.1841
  0.1841
  0.2010
  0.2010
  0.1926
  0.1982
  0.1841
  0.1812
  0.1756
  0.1756
  0.1699
  0.1642
  0.1586
  0.1529
  0.1472
  0.1444
  0.1557
  0.2010
  0.3681
  0.1784
  0.2832
  0.1699
  0.1586
  1.3309
  0.4248
  0.1727
  0.1501
  0.1586
  0.1501
  0.1303
  0.1472
  0.1501
  0.1444
  0.1444
  0.1501
  0.1557
  0.1671
  0.1756
  0.1699
  0.1699
  0.2067
  0.2010
  0.6230
  2.3220
  0.4248
  0.1784
  0.1756
  2.0954
  0.6230
  0.1897
  0.1501
  0.1444
  0.7362
  0.3115
  0.1784
  0.1501
  0.1557
  0.1529
  0.2209
  0.1756
  0.1416
  0.1699
  0.1756
  0.1586
  0.1642
  0.1841
  0.1869
  0.1841
  0.1671
  0.1614
  0.1642
  0.1756
  0.2067
  0.1699
  0.1699
  0.1699
  0.1756
  0.1699
  0.1642
  0.1812
  0.1869
  0.1869
  0.2379
  0.2067
  0.1926
  0.1699
  0.1557
  0.1557
  0.1642
  0.1642
  0.1699
  0.1642
  0.1557
  0.1642
  0.1642
  0.1756
  0.3964
  0.2152
  0.1699
  0.1557
  0.1557
  0.1557
  0.1642
  0.1557
  0.1642
  0.2520
  0.2379
  0.1869
  0.1727
  0.1727
  0.1727
  0.1586
  0.1756
  0.1671
  0.1642
  0.3398
  0.2633
  0.1954
  0.2095
  0.2124
  0.1897
  0.1529
  0.1501
  0.1671
  0.1586
  0.1529
  0.1869
  0.1756
  0.1557
  0.1586
  0.1586
  0.1671
  0.1671
  0.1699
  0.1812
  0.1727
  0.1614
  0.2775
  0.2690
  0.3115
  0.2322
  0.1869
  0.1586
  0.1586
  0.1926
  0.2010
  0.1756
  0.1841
  0.2322
  0.2832
  0.2435
  0.1954
  0.2067
  3.0016
  5.2669
  7.2491
  2.1804
  1.3592
  1.3875
  2.1521
  2.3220
  0.6796
  0.4248
  0.3681
  0.3681
  0.3115
  0.3115
  0.3115
  0.2832
  0.2718
  1.7273
  1.9539
  5.3236
  2.0105
  3.0299
  1.7273
  1.0477
  1.3309
  0.9911
  0.3398
  0.2718
  0.2549
  0.2492
  0.2407
  0.2322
  0.2407
  0.5097
  0.3964
  0.3115
  4.4174
  0.8495
  0.3964
  0.5097
  0.3964
  0.9628
  4.3042
  5.8616
  6.1448
 12.2329
  6.3996
  2.8034
  1.0194
  0.3964
  0.3398
  0.2718
  0.2633
  0.2549
  0.2322
  0.2067
  0.2010
  0.1954
  0.1756
  0.2152
  0.2492
  0.2237
  0.2152
  0.1954
  0.1812
  0.1812
  0.1699
  0.1699
  0.1756
  0.1699
  0.1642
  0.1557
  0.1812
  0.1303
  0.1359
  0.1303
  0.1246
  0.1303
  0.1331
  0.1303
  0.1331
  0.1331
  0.1671
  0.1557
  0.1642
  0.1756
  0.1954
  1.8972
  0.6796
  0.1926
  0.1557
  0.1388
  0.1331
  0.1359
  0.1472
  0.1472
  0.1416
  0.1416
  0.1472
  0.1727
  0.1614
  0.1671
  0.1699
  0.1699
  0.1727
  0.1727
  0.1586
  0.1926
  3.2848
  0.5380
  0.1812
  0.1529
  0.1388
  0.1416
  0.1699
  0.2010
  0.1926
  0.1812
  0.1614
  0.6513
  1.6424
  3.5962
  4.0776
  0.3398
  0.3398
  5.5784
  4.6723
  0.9061
  1.4158
  1.7556
  1.1893
  0.3115
  0.1982
  0.1727
  0.1671
  0.1557
  0.1841
  0.3115
  1.3875
  0.1756
  0.1416
  0.1274
  0.1274
  0.1359
  0.1388
  0.1444
  0.1671
  0.1557
  0.1444
  0.1529
  0.1614
  0.2095
  0.2605
  0.2124
  0.1982
  0.1586
  0.1472
  0.1699
  0.1756
  0.1444
  0.1444
  0.1444
  0.1501
  0.1501
  0.3398
  0.1671
  0.1388
  0.1416
  0.1331
  0.1472
  0.1472
  0.1416
  0.1472
  0.1472
  0.1614
  0.4248
  0.3115
  0.9628
  0.2832
  0.2039
  0.1841
  0.2152
  0.2237
  0.4248
  0.5097
  5.5218
 17.0751
  6.5978
  4.2192
  6.3147
 35.9624
 13.2523
 54.3683
 39.0772
  6.2580
  4.2192
  2.3786
  1.4442
  0.9345
  1.3026
  2.2370
  1.0477
  0.7079
  0.4248
  0.3398
  0.3398
  0.9345
  1.1610
  0.9628
  0.3964
  1.5291
  0.6230
  0.3115
  0.2350
  0.2124
  0.1756
  0.1841
  8.5234
  1.3309
  0.2832
  0.1982
  0.2747
  2.7184
  0.9911
  0.3964
  0.5947
  0.4531
  0.5097
  0.3964
  0.3115
  0.2549
  0.2265
  0.2350
  0.2350
  0.2237
  0.2152
  0.2492
  0.2492
  0.2520
  0.2180
  0.2464
  0.2549
  2.4636
  0.8495
  0.2832
  0.2180
  0.2039
  0.1897
  0.1982
  0.2520
  0.2294
  0.2095
  0.2010
  0.2152
  0.2464
  0.2350
  0.2294
  0.1982
  0.1897
  0.1982
  7.1358
  2.5485
  1.0760
  0.2832
  0.8778
  0.8212
  0.2379
  0.1982
  2.0388
  1.0760
  0.2832
  0.2209
  0.1982
  0.3681
  1.0760
  0.2662
  0.1926
  0.3115
  1.3592
  0.3115
  0.2095
  0.1869
  1.1044
  2.1521
  1.6141
  1.2176
  1.8689
  3.8511
  9.3162
  2.0954
  0.4248
  0.4814
  0.3681
  0.2803
  0.2633
  0.2152
  0.2039
  0.2039
  0.5947
  0.7929
  0.3681
  0.2832
  0.2832
  0.4248
  0.3681
  0.2832
  0.2662
  0.2775
  0.3115
  0.3115
  0.2690
  0.2605
  0.2605
  0.3681
  0.5380
 10.0808
 11.0436
  1.3875
  1.6141
  0.8495
  0.3115
  0.2294
  0.2095
  6.2863
  9.0897
  1.0477
  0.3398
  0.2322
  0.2095
  0.2010
  0.1954
  0.1926
  0.1954
  0.8212
  7.0509
  0.6513
  0.2662
  0.2294
  0.2180
  0.2152
  0.2237
  0.2180
  0.2237
  0.2633
  0.5097
  0.5097
  0.7362
  0.7362
  0.5663
  1.6141
  0.4814
  0.3398
  0.2832
  0.2435
  0.2209
  0.2095
  1.2459
  1.3309
  0.2095
  0.2718
  0.2662
  0.2350
  0.1982
  0.3964
  0.3681
  0.3398
  3.8228
  0.5380
  0.1869
  0.1642
  0.1642
  0.1557
  0.1642
  0.1642
  0.1756
  0.1812
  0.2067
  0.2379
 17.4715
 32.8475
  9.0614
  3.6812
  5.5784
  5.9465
  1.7840
  0.5097
  2.1521
  4.3325
  3.7378
  1.1044
  0.4248
  6.2580
 12.2895
  2.4636
  1.1327
  0.7362
  1.6424
  1.2459
  1.6141
  1.0477
  0.5380
  0.4248
  9.6277
  2.3503
  0.9061
  0.8212
  0.6796
  0.3398
  0.3115
  0.3115
  0.7646
  1.3309
  1.3592
  0.3681
  0.2605
  0.2435
  0.2294
  0.2294
  2.6901
 23.2481
  2.3220
  2.3786
 12.9974
  5.5218
  1.5857
  0.5663
  0.4531
  0.4248
  0.3115
  0.2718
  0.2605
  0.2832
  0.4814
  0.7362
  0.3115
  0.2718
  0.2718
  0.3681
  1.1327
  3.1715
  0.7079
  5.1537
  0.7646
  0.4248
  0.3681
  1.5008
  0.5097
  0.3115
  0.2832
  0.2832
  0.4531
  0.3681
  0.3115
  0.3115
  0.3964
  0.3681
  0.2832
  0.3115
  0.3115
  0.3115
  0.3115
  0.3398
  0.3681
  1.2176
  0.9628
  0.4531
  0.3398
  0.3398
  0.7646
  0.3964
  0.3398
  0.3681
  0.5947
  0.3964
  0.3681
  0.3964
  0.3964
  0.3398
  0.8212
  1.5857
  0.4531
  0.8212
  0.5663
  0.3964
  0.3115
  0.3115
  1.0477
  0.9345
  0.4248
  0.3398
  0.3115
  0.3115
  0.3115
  0.3681
  0.3115
  0.2832
  0.3115
  0.3115
  1.0477
  1.4158
  0.4531
  0.3115
  0.2832
  0.2832
  0.3964
  3.2564
  2.5202
  0.3681
  0.2549
  0.2520
  0.2520
  0.2803
  0.2520
  0.2605
  0.2718
  0.6513
  0.6796
  0.3398
  0.5097
  1.5291
  1.5291
  0.5663
  0.4248
  0.3681
  0.3115
  0.3115
  0.2803
  0.2832
  0.2832
  5.0121
  3.2281
  5.9465
 17.3016
  6.3430
  0.6796
  0.2407
  0.2152
  0.3681
  0.2492
  0.2464
 17.4149
  1.5291
  0.4248
  0.2690
  0.4531
  1.2459
  0.3681
  0.2549
  0.7646
  3.5113
  6.1731
  4.2192
  5.4652
  1.9255
  0.7929
  0.4248
  0.8212
  0.2350
  0.2152
  0.7929
  0.2633
  0.1756
  0.1642
  0.1671
  0.2180
  0.2379
  0.1756
  0.1529
  0.1557
  0.1671
  0.1671
  0.1586
  0.1529
  0.1472
 12.9408
  2.0388
  8.6650
  4.8988
  2.4636
  3.7945
  1.5574
  0.7362
  0.3681
  0.6230
  8.3535
 38.5109
  4.9554
  1.6141
  0.6796
  2.9166
  5.8899
  3.6529
  9.2030
 12.3461
  1.4725
  0.5663
  0.2832
  0.2265
  0.2180
  0.2010
  0.1841
  0.1784
  0.1897
  0.1954
  0.1784
  0.2010
  0.2067
  0.1897
  0.2180
  0.4814
  0.2549
  0.1501
  0.1303
  0.1359
  0.1359
  0.1274
  0.9061
  0.8778
  0.2662
  1.0194
  0.4814
  0.1897
  0.1444
  0.1444
  0.1416
  0.1246
  0.1444
  0.1642
  0.1501
  0.1501
  0.1501
  0.1699
  0.1727
  0.1642
  0.1784
  0.1727
  0.1501
  0.1444
  0.1472
  0.1529
  0.1586
  0.1586
  0.1841
  0.1954
  0.3681
  0.4248
  2.6901
 11.1002
  2.6618
  3.0865
  0.7646
  2.3220
  0.8212
  4.1626
  1.9255
  0.2832
  0.2010
  0.1727
  0.1699
  0.1642
  0.1472
  0.1642
  0.1756
  0.2010
  0.1841
  0.2039
  0.1812
  0.1614
  0.1756
  0.1784
  0.1727
  0.1841
  0.1614
  8.6933
  1.6141
  0.3115
  0.2464
  0.2435
  0.2520
  0.7362
  0.2832
  0.6513
  2.0388
  0.5663
  0.2322
  0.2039
  0.2379
  0.5097
  0.2294
  0.2294
  0.2010
  0.8778
  0.2832
  0.2492
  0.1954
  0.1671
  0.1727
  0.1756
  0.1699
  0.1727
  0.3681
  0.3115
  0.2265
  0.1557
  0.1529
  0.1642
  0.1586
  0.1586
  0.1812
  0.2039
  1.1610
  0.9061
  1.9539
  0.6513
  0.3398
  0.1812
  0.1529
  0.1529
  0.1614
  0.1529
  0.3681
  0.2322
  0.1784
  0.1699
  0.3681
  0.7929
  0.2464
  0.1982
 16.0273
  5.7483
  0.7929
  0.1841
  0.7929
  0.9061
  2.0671
 25.6834
 10.9303
 12.2612
  7.6172
 22.8517
 14.6964
  4.7006
  2.2653
  1.5291
  1.7556
  4.3891
  2.1238
  0.7362
  0.4814
  0.3964
  0.3681
  0.4248
  0.4814
  5.9465
  2.9166
 13.8469
  5.4935
  1.3875
  3.3697
  4.7572
  1.6990
  0.6796
  0.4814
  0.3964
  0.3681
  0.3398
  0.3115
  0.2832
  0.3115
  0.2832
  0.2832
  0.3115
  0.2832
  0.2832
  0.3115
  0.3398
  8.3535
 14.5549
  1.5857
  0.4814
  0.3115
  0.2832
  0.3115
  0.2633
  3.9927
  2.7751
  2.4069
  0.8212
  1.1327
  0.7929
  0.3115
  0.2718
  0.2832
  0.3115
  0.7646
  0.6513
  0.3398
  0.3115
  2.8883
  0.9061
  0.3398
  0.2577
  0.2407
  0.2039
  0.1982
  0.1869
  0.1926
  0.2010
  0.2067
  0.2180
  0.2237
  0.2039
  0.2039
  0.2095
  0.2350
  0.2095
  0.2209
  0.2209
  0.2265
  0.2209
  0.2294
  0.2549
  0.2549
  0.2407
  0.2180
  0.2124
  0.7362
  7.0226
  9.4578
  4.9554
  0.9911
  0.3398
  0.2435
  0.2577
  0.5097
  0.3398
  4.0493
  2.4069
  9.5994
  1.4158
  0.6796
  0.3398
  9.9392
 19.9917
 52.1030
186.8912
 20.8412
  7.9287
  5.0970
  7.3624
  5.0970
  3.8228
  5.9465
  2.6051
  4.5024
  7.8721
  9.0048
  4.9838
  4.2475
  4.8139
  2.5485
  1.4158
  0.9911
  0.7079
  0.6230
  1.4158
  0.8495
  0.6230
  0.5097
  0.4814
  0.5097
  0.4814
  0.4531
  0.7362
  7.1925
  3.1715
  0.8778
  0.5380
  0.4531
  0.4248
  0.4248
  0.4248
  0.4531
  0.4248
  0.3964
  0.4248
  0.6796
  3.5113
  0.7079
  0.5380
  0.4531
  0.4531
  0.4531
  0.4531
  0.4248
  0.6796
  0.4814
  0.4248
  0.4248
  0.3964
  0.3964
  0.4248
  0.6230
  0.4531
  0.4531
  0.4531
  0.4248
  0.4248
  1.4442
  0.8778
  0.5663
  0.4248
  0.3964
  0.3964
  0.3964
  0.9911
  0.8778
  0.5663
  2.2087
  2.2087
  0.7646
  0.4531
  2.4069
  2.3220
  0.8495
  0.9345
  0.7362
  0.7362
  0.6230
  0.5380
  0.4531
  0.3115
  0.2832
  0.2832
  0.2832
  0.2747
  0.2690
  0.2662
  0.2775
  0.2690
  0.2832
  0.3964
  2.0671
  4.0210
  9.4861
  5.4368
 10.6188
 21.1810
  3.8794
  2.3220
  2.3786
  2.0671
  2.2087
  1.6990
  0.9345
  0.6230
  0.4248
  0.4248
  0.4531
  0.7079
  0.9061
  8.6366
 15.8291
  7.2491
  3.9644
  1.6141
  1.1610
  2.9450
  2.1804
  1.3026
  1.5291
  0.7079
  0.3964
  0.3398
  0.3115
  0.3115
  0.2832
  0.2832
  0.2775
  0.2747
  0.2832
  0.3115
  0.3115
  0.3115
  0.2832
  0.2832
  0.2832
  0.2747
  0.2718
  0.3964
  0.9061
  1.5574
  3.7095
  1.1044
  0.3964
  0.3398
  0.3681
  0.4248
  0.2832
  0.2407
  0.2294
  0.2492
  0.2832
  0.3115
  0.2464
  0.2407
  0.3398
  0.3398
  0.3398
  0.2577
  0.2407
  0.2322
  0.2379
  0.2549
  0.2832
  0.7929
  0.9911
  0.6230
  0.5663
  0.3115
  0.3115
  0.7929
  0.3964
  3.0016
  1.5574
  0.4531
  0.3115
  0.2549
  0.2435
  0.2435
  0.3115
  0.2832
  0.2605
  2.1521
  1.1044
  0.3964
  2.1238
  0.8212
  0.2832
  0.2435
  0.2379
  0.2464
  0.2464
  0.2464
  0.2407
  0.3115
  0.3964
  0.3115
  0.2747
  0.2662
  0.2690
  0.2690
  0.2662
  0.3115
  0.2775
  0.2718
  0.2832
  0.4531
  0.4531
  0.4531
  0.3398
  0.2832
  0.2747
  0.2803
  0.2747
  0.2633
  0.2577
  0.2633
  0.3115
  0.2832
  0.3115
  0.3115
  0.2832
  0.8778
  0.4248
  0.3398
  5.1820
  2.4636
  0.8778
  0.3398
  2.0671
  1.8123
  0.4248
  0.3115
  0.2690
  0.2803
  0.4814
  0.3115
  0.3115
  0.3115
  0.3964
  3.1149
  1.7556
  0.5097
  0.3115
  0.2832
  0.2832
  0.2633
  2.7751
  2.2937
  2.1804
  2.0388
  1.7840
  2.1804
  1.6424
  1.3875
  5.7200
  2.9166
  1.5857
  8.8349
  2.3786
  1.5291
  1.1044
  0.9345
  1.5857
  1.2459
  0.9061
  0.8212
  3.8511
  6.7111
  3.4830
  1.9822
  1.4725
  1.4442
  1.6141
  1.1327
  1.1044
  0.7929
  1.3875
  1.2743
  0.6513
  0.5947
  0.7929
  0.7079
  0.5947
  0.4248
  0.6230
  1.2459
  0.7362
  0.5380
  0.4531
  0.3964
  0.3398
  0.3398
  0.3398
  0.3398
  0.3681
  0.3398
  0.3681
  0.3681
  0.7362
  0.4248
  0.2832
  0.3115
  0.3115
  0.5097
  1.3592
  0.8778
  0.9628
  0.7929
  0.5380
  4.5307
  5.2669
  1.5574
  0.5947
  4.5024
  5.6917
  3.0865
  4.1343
  1.6990
  1.9539
  0.7646
  0.8212
  1.5857
  1.4442
  0.5663
  0.4248
  0.3964
  0.3681
  0.3681
  0.3964
  0.3681
  0.3681
  0.9061
  0.5663
  1.5291
  3.0299
  0.9345
  0.4814
  0.4248
  0.3681
  0.3398
  0.3398
  0.3398
  0.3398
  0.3398
  0.3398
  0.3398
  0.3398
  0.4248
  0.4248
  0.6796
  0.4531
  0.3964
  0.3964
  2.4352
  1.4442
  0.5663
  0.6513
  0.4248
  0.3681
  0.3398
  0.3681
  0.3964
  0.5380
  0.7646
  0.4814
  0.3964
  0.4531
  0.6230
  0.5380
  2.3503
  0.9911
  7.4190
  9.6844
  1.7556
  0.7079
 24.0693
 10.1374
  4.2758
  1.1610
  0.6230
  0.4814
  0.7079
  0.4814
  0.3964
  0.3964
  0.5097
  0.6513
  0.4248
  0.4248
  0.3964
  0.3964
  0.3964
  2.9166
  7.1358
  6.8810
  2.5768
  0.8778
  2.0388
  1.2176
  0.5380
  0.4531
  0.3681
  0.3681
  0.3398
  0.3398
  0.3681
  0.3681
  0.3964
  0.3681
  0.3681
  0.3964
  0.3964
  0.3681
  0.3681
  0.3681
  0.3681
  0.3681
  0.3681
  0.4531
  0.5097
  0.5947
  3.6246
  0.6513
  0.6513
  0.4531
  0.3964
  0.3681
  0.3681
  0.3964
  0.2294
  0.2152
  0.2010
  0.2633
  0.2407
  0.2350
  0.2294
  0.3964
  0.2747
  0.2095
  0.1954
  0.1897
  0.1841
  0.1784
  0.1756
  0.1812
  0.1982
  0.2039
  0.1954
  0.1897
  0.1642
  0.1557
  0.1557
  0.1444
  0.1614
  0.1756
  0.1699
  0.1586
  0.1529
  0.1586
  0.1699
  0.1614
  0.1614
  0.2067
  0.6513
  0.2407
  0.1869
  0.2095
  0.4531
  0.4531
  0.2294
  0.1727
  0.1586
  0.1812
  0.3681
  2.2370
  1.5857
  3.0865
  1.2459
  4.4741
  4.8705
 11.7232
  4.1343
  1.8972
  1.1044
  0.7646
  0.5947
  0.5947
  0.3398
  0.2803
  0.2690
  0.2577
  0.2464
  0.2464
  0.2605
  0.2747
  0.2464
  0.3398
  0.2832
  0.3115
  0.7929
  1.8406
  0.5380
  0.7929
  1.0760
  1.2459
  1.5008
  3.5113
  1.9255
  0.6513
  0.3398
  0.3115
  0.2832
  0.2379
  0.2265
  0.2265
  0.2180
  0.2124
  0.2095
  0.2095
  0.2152
  0.2124
  0.2124
  0.2095
  0.2067
  0.2039
  0.2010
  0.2124
  1.8406
  9.0048
  2.2653
  0.5380
  0.2832
  0.2350
  0.2322
  0.2209
  0.2237
  0.2605
  0.2718
  0.3115
  0.5380
  0.8212
  0.3115
  1.2743
  1.8123
  0.4814
  0.3115
  0.2407
  0.2577
  1.1044
  0.5663
  0.2832
  0.9345
  0.3115
  0.2294
  0.2209
  0.2832
  3.7945
  2.1521
  2.3786
  1.6141
  0.4531
  0.2832
  0.3398
  0.2803
  0.2265
  0.2294
  0.2350
  3.7095
  1.3875
  0.3398
  0.2379
  0.2237
  0.2407
  0.3115
  0.3115
  0.2350
  0.2124
  0.2067
  0.2067
  0.2095
  0.2124
  0.2209
  0.2237
  0.2180
  0.3681
  0.7079
  0.8778
  0.5947
  0.3115
  0.2379
  0.2180
  0.2067
124.5941
 40.7763
  7.0792
  3.9644
  4.5307
  7.0792
  2.8317
  1.6990
  1.1327
  0.9911
  1.1327
  0.9061
  0.8495
  0.8212
  0.8495
  0.7079
  0.5663
  0.4814
  0.4531
  0.4248
  0.2747
  0.2407
  0.2350
  0.2350
  0.2350
  0.2435
  0.2549
  0.2718
  0.3398
  0.3115
  0.2775
  0.2633
  0.2605
  0.2690
  0.2747
  0.2690
  0.2775
  0.2775
  1.6424
  0.8778
  0.3964
  0.2322
  0.1954
  0.2095
  0.2124
  0.2124
  0.2067
  0.5947
  0.3115
  0.6513
  1.1893
  0.4248
  0.2690
  0.2435
  0.2520
  0.2464
  0.2350
  2.5202
  0.8778
  0.3964
  0.3115
  0.3115
  0.4248
  0.4531
  1.4725
  0.8495
  0.5663
  0.6796
  1.1327
  0.8778
  0.5097
  0.3964
  0.3115
  0.2832
  0.2803
  0.2747
  0.2690
  0.2577
  0.2520
  0.2520
  0.2605
  0.2662
  0.2520
  0.2379
  0.2379
  0.2492
  0.2605
  0.2718
  0.3115
  0.6513
  0.3964
  0.3398
  0.3115
  0.3115
  0.3398
  0.3398
  0.3398
  0.3681
  0.3681
  1.3309
  1.4442
  1.2459
  0.5947
  0.4248
  0.3964
  0.3964
  0.3964
  0.6796
  0.6230
  1.0477
  0.5947
  0.4531
  0.3964
  0.3964
  0.3964
  0.4248
  0.3964
  0.3964
  0.3964
  0.3964
  0.3964
  0.4248
  0.4814
  0.4814
  0.4814
  0.4814
  0.4814
  0.4531
  0.5663
  2.1804
  1.4158
  0.7362
  3.1149
  3.2564
  3.9644
  9.8259
  4.2475
  5.6634
  2.3503
  2.8883
  1.9539
  1.4442
  0.6796
  0.5097
  0.4814
  0.4531
  0.4531
  0.4531
  0.4248
  0.4531
  0.4531
  0.4531
  0.5947
  1.6141
  0.6513
  0.5380
  0.6230
  0.5947
  8.8632
  4.3891
  2.7467
  4.2192
  1.0477
  0.5097
  0.3964
  0.3681
  0.3398
  0.3681
  0.3964
  0.3681
  0.3398
  0.3681
  0.3681
  0.3964
  0.3964
  0.3681
  0.3681
  0.3681
  0.3681
  0.3681
  0.3681
  0.3681
  0.3681
  0.3964
  0.3964
  0.3964
  0.4248
  0.3964
  0.4248
  0.4248
  0.4248
  0.4248
  0.4248
  0.4248
  0.4248
  0.4248
  0.4531
  0.8495
  0.5663
  0.6796
  1.5008
  1.4158
  0.8495
  0.3398
  0.2832
  0.2577
  0.2549
  0.2294
  0.2237
  0.2124
  0.2067
  0.2294
  0.5097
  9.4012
 11.2701
  3.1715
  3.4263
  1.4442
  0.7929
  0.4531
  0.4248
  3.0016
  4.6440
  4.5590
  1.1893
  0.4814
  0.5380
  0.9061
  0.3398
  0.2520
  0.2379
  0.5947
  0.4248
  0.2492
  0.2067
  0.1954
  0.3115
  0.2322
  0.2010
  0.2180
  0.1869
  0.1756
  0.1671
  0.1727
  0.1699
  0.1784
  0.1784
  1.3592
  1.8123
  0.8212
  0.2577
  0.2407
  1.3026
  0.8212
  0.2832
  0.2407
  0.2124
  0.1869
  0.1727
  0.4248
  0.5947
  3.0865
  1.0477
  0.5097
  0.3115
  0.2407
  0.2180
  0.1982
  0.1926
  0.2095
  0.2124
  0.2124
  0.2379
  0.2322
  0.2152
  0.2180
  0.2690
  0.2690
  0.3115
  0.4814
  2.6901
  9.1463
  6.7677
  3.3697
  1.1610
  2.5485
  2.4352
  0.9628
  3.8228
 17.1034
  1.8123
  0.7362
  0.3398
  3.3131
  1.8406
  0.8212
  1.6707
  0.5663
  0.3398
  0.2832
  0.3115
  2.1804
  1.3592
  0.4531
  0.3115
  0.2832
  0.2690
  0.2605
  0.2577
  0.2633
  0.2633
  1.1044
  1.8689
  0.6230
  0.3398
  0.2832
  0.2832
  0.3115
  0.4531
  0.5947
  0.3398
  0.2832
  0.2803
  0.2747
  0.3115
  0.3115
  0.3115
  0.3115
  0.3115
  0.3115
  0.2832
  0.2832
  0.3115
  0.3115
  0.3115
  0.3398
  0.3398
  0.3398
  0.3398
  0.3398
  0.3398
  0.3398
  0.3681
  0.3964
  0.4248
  0.4248
  0.4531
  0.5097
  0.5097
  0.9911
  3.4547
  2.3786
  1.6141
  1.8406
  0.8495
  0.6230
 39.9268
  2.6901
  1.0194
  6.0598
  3.1715
  1.3875
  1.8406
  0.9628
  5.5784
  1.8972
  0.9628
  0.4814
  2.5768
  2.4919
  0.9628
  0.7079
  0.5097
  0.4248
 12.5160
 11.1285
  3.5962
  1.4725
  0.7079
  0.7646
  0.6230
  0.3964
  0.3681
  0.3398
  0.3681
  0.3681
  0.3398
  0.3115
  5.5218
  5.5784
  3.6246
  3.4547
  1.4725
  1.1893
  0.7646
  0.5380
  0.3681
  0.3398
  0.5097
  1.0760
  2.0105
  3.9927
  1.1327
  2.9733
  4.7855
  1.3875
  0.7079
 10.9303
  5.6634
  3.1715
  1.8689
  1.2176
  0.7362
  2.5768
  1.1893
  0.7362
  0.5380
  0.4531
  0.3681
  0.3398
  0.3398
  0.7929
  0.6796
  0.3964
  0.3115
  0.2832
  0.2775
  0.2832
  0.6230
  0.3681
  0.3115
  0.3115
  0.3681
  0.3115
  0.3115
  0.2832
  0.3115
  0.3964
  0.3964
  0.3681
  0.3398
  0.3115
  0.3115
  0.3115
  0.3115
  0.3964
  0.5947
  0.7362
  0.7079
  0.4814
  0.7362
  0.6230
  0.5380
  0.6513
  0.9911
  0.6796
  0.3964
  0.3398
  0.3398
  0.3115
  0.3398
  0.4531
  0.4531
  0.4814
  0.3681
  0.3681
  0.3681
  0.3964
  0.3964
  0.3964
  0.3964
  0.3681
  0.3964
  0.4248
  0.4531
  0.4814
  0.4531
  0.3964
  0.4248
  0.4248
  0.4814
  1.0477
  0.7646
  0.4531
  0.3964
  0.3964
  0.5663
  5.9749
  1.5574
  1.3875
  1.5574
  1.4725
  0.7079
  0.4531
  0.3964
  0.3964
  0.4248
  4.4741
  2.3786
  1.7273
  6.5412
  4.0210
 17.8962
  2.5485
  1.0194
  0.7646
  0.8778
  0.8778
  2.0671
  0.9345
  0.8212
  0.5947
  0.4814
  0.4531
  0.4531
  0.4531
  2.7467
  1.6141
  3.7378
  1.5574
  1.0477
  1.1327
  2.9450
  1.2176
  6.4846
  2.3503
  1.0477
  0.8778
  0.7362
  0.6796
  8.1836
 12.8842
  1.6424
  0.9911
  1.0477
  0.7079
  0.5663
  0.5663
  0.5663
  0.5663
  0.4814
  0.4814
  0.5380
  0.4531
  0.4248
  0.4248
  0.4248
  0.4248
  0.3964
  0.3964
  0.3964
  0.3964
  0.4248
  0.3964
  0.3964
  0.4248
  0.4248
  0.4531
  0.4531
  0.4814
  0.4814
  0.4531
  0.4814
  0.5380
  0.5947
  0.5380
  0.9345
  1.3592
  5.9182
  0.5947
  1.0760
  0.5663
  0.4248
  0.3964
  0.3398
  0.3115
  0.2832
  0.2803
  0.2633
  0.2718
  0.4248
  0.4248
  0.2832
  0.2690
  0.2690
  0.2633
  0.2605
  6.0315
  2.6051
  1.0194
  0.3681
  0.2775
  0.2605
  0.2605
  0.2549
  0.2605
  0.2549
  0.2832
  0.4531
  0.3398
  0.2832
  0.2265
  0.2124
  0.2039
  0.1982
  0.2209
  0.2294
  0.4814
  0.2662
  0.2095
  0.1897
  0.1841
  0.1756
  0.1756
  0.1869
  0.1812
  0.1699
  0.1671
  0.1784
  0.2180
  0.2322
  0.2209
  0.1926
  0.1926
  0.2152
  0.2322
  0.2124
  0.3398
  0.2718
  0.3115
  0.2464
  0.2209
  0.2180
  0.2265
  0.2237
  0.2124
  0.5663
  2.6335
  2.2653
  2.7184
  0.6796
  1.1893
  3.5396
  3.3414
  1.0760
  0.5947
  0.3398
  4.8422
  3.9360
  1.4158
  1.2743
  0.9061
  0.4248
  4.3325
  5.4652
  1.4725
  0.6513
  0.4531
  1.1327
 37.3782
  4.2192
  2.4352
  2.8883
  2.1521
  3.6529
  1.4442
  0.8778
  0.4531
  0.3681
  0.4531
  0.3964
  0.2832
  0.3398
  0.3964
  0.2662
  1.4725
  2.6335
  2.4919
  3.3980
  2.4069
  0.9911
  0.4814
  1.8689
  1.7273
  1.4158
  0.9061
  0.4531
  1.5291
  0.6796
  0.3115
  0.2549
  0.2322
  0.2265
  0.2152
  0.2124
  0.2152
  0.2577
  0.3115
  0.2662
  0.2350
  0.2039
  0.2605
  2.0388
  1.0760
  0.3115
  0.2350
  0.1954
  0.1784
  0.1756
  0.1699
  0.1642
  0.1614
  0.1784
  0.1699
  0.1671
  0.1642
  0.1614
  0.1557
  0.1529
  0.1557
  0.1557
  0.2803
  0.4248
  3.3697
  0.8778
  0.7362
  0.4814
  0.3115
 16.3955
  4.9838
  2.2087
  0.7929
  0.5663
  2.3220
  3.0299
  1.0760
  0.4248
  0.2832
  0.2775
  0.2464
  0.4814
  0.3681
  0.3398
  0.3115
  0.2322
  0.2067
  0.2124
  0.2152
  0.2067
  0.2067
  0.2322
  0.2803
 20.0200
 18.6042
  8.7782
  5.4935
  4.6440
  5.6917
 29.4495
  7.1075
  4.2192
  3.4830
  2.7467
  2.3503
  1.9255
  1.5857
  1.5574
  1.4725
  1.2176
  1.1327
  1.1044
  1.0194
  2.1804
  1.5008
  1.8123
  4.4741
  1.5008
  1.0194
  0.8212
  0.7079
  0.7929
  3.5396
 15.5743
  5.0970
  3.7095
  6.1164
  6.0032
  1.7273
  1.3592
  3.0016
  2.6335
  1.8972
  2.3220
  3.4263
  9.5711
  3.1715
  2.1521
  1.1893
  0.8778
  1.8406
  5.2953
  2.1521
  1.2176
  0.8495
  0.6796
  0.5663
  0.4814
  0.7079
  2.3220
  1.1044
  0.6796
  0.5380
  0.4248
  0.3964
  0.3398
  0.4531
  0.4248
  0.3681
