  1.8406
  0.9061
  0.7362
  0.9061
  1.2743
  1.2743
  2.1804
  1.6707
  0.8212
  0.7362
  0.6513
  0.5663
  0.5663
  0.5663
  0.5663
  0.9061
  1.2743
  0.9061
  0.8212
  0.5663
  0.5097
  0.4248
  0.3681
  0.3681
  0.3681
  0.3681
  0.3115
  0.3115
  0.3115
  0.3115
  0.3115
  0.3115
  0.8212
  1.6707
  0.6513
  0.4248
  0.5097
  0.5097
  3.1432
  1.0477
  0.7362
  0.5663
  0.4248
  0.4248
  0.3681
  0.3115
  0.9061
  0.6513
  0.5097
  0.3681
  0.3115
  0.3115
  0.3115
  0.2803
  0.3681
  0.5097
  0.3681
  0.3681
  0.3115
  0.3115
  0.3115
  0.3115
  0.2803
  0.3115
  0.3115
  0.3681
  0.3115
  0.4248
  0.4248
  0.2803
  0.2379
  0.2379
  0.9061
  1.1327
  1.6707
  0.5097
  0.8212
  0.5663
  0.3681
  0.3115
  0.2803
  0.2379
  0.2379
  0.3115
  0.5097
  0.3115
  0.2803
  0.2379
  0.2379
  0.2010
  0.2010
  0.2010
  0.2010
  0.2010
  0.2010
  0.1671
  0.1671
  0.1671
  0.1671
  0.1671
  0.1671
  0.1671
  0.1671
  0.1671
  0.2803
  0.4248
  0.4248
  0.4248
  0.4248
  0.8212
  0.6513
  0.3115
  0.2379
  0.2379
  0.2010
  0.2010
  0.2010
  0.2803
  1.0477
  0.6513
  0.5097
  0.3115
  0.4248
  0.6513
  2.1804
  3.5962
  2.1804
  0.8212
  0.5663
  0.5663
  1.4158
  8.5800
 12.2612
  3.8511
  4.3325
  1.8406
  1.0477
  0.9061
  1.2743
 24.0976
 10.5905
  8.1553
  4.3042
  2.8883
  2.1804
  1.8972
  1.5857
  1.4442
  1.3026
  1.1893
  1.0477
  0.9061
  0.8212
  0.8212
  0.7362
  0.9061
  0.9061
  0.7362
  0.9061
  1.1893
  0.7362
  0.6230
  0.5380
  0.9061
  0.9061
  0.6230
  0.5380
  0.4814
  0.8212
  0.8212
  0.5380
  0.4814
  0.4814
  0.4814
  0.4814
  0.3964
  0.3964
  0.5380
  2.0105
  0.9061
  2.1804
  1.3026
  0.6230
  0.4814
  0.3964
  0.3964
  0.3398
  0.3398
  0.3398
  0.3398
  0.3115
  0.3115
  0.3115
  0.3115
  0.3115
  0.6230
  0.6230
  0.7362
  0.8212
  0.5380
  0.3964
  0.3964
  0.7362
  1.0477
  0.5380
  0.4814
  0.7362
  0.4814
  0.3398
  1.0477
  0.5380
  0.3398
  0.3115
  0.2803
  0.2549
  0.3115
  0.3115
  1.6707
  0.7362
  2.1521
  0.6230
  0.4531
  6.5695
  1.3026
  1.3026
  1.3026
  1.3026
  1.3026
  1.3026
  1.3026
  1.3026
  0.7079
  0.6796
  1.0194
  1.0194
  0.8778
  2.8883
  1.2176
  1.8406
  1.1044
  0.7646
  0.6796
  0.5947
  0.5663
  0.5380
  0.5097
  0.4814
  0.4814
  0.8212
  0.8212
  0.5663
  0.6513
  0.6230
  0.5380
  0.4814
  0.5663
  1.1044
  2.2937
  0.8495
  0.6513
  1.5857
  1.4158
  1.1327
  1.1327
  1.6990
  0.8495
  0.8495
  0.5380
  0.8495
  0.5380
  0.3681
  0.3115
  0.2832
  0.2832
  0.5380
  0.4248
  0.7362
  0.8778
  0.4248
  0.3115
  0.2803
  0.2633
  0.4248
  0.4531
  0.3115
  0.2718
  0.2718
  0.3115
  0.2718
  0.2407
  0.2322
  0.2265
  0.2407
  0.6230
  0.4814
  0.3115
  0.2633
  0.2407
  0.2322
  0.2265
  0.2180
  0.2095
  0.2095
  0.2322
  0.2095
  0.2180
  0.2180
  0.2067
  0.2067
  0.1982
  0.1982
  0.1982
  0.1926
  0.1926
  0.1926
  0.1841
  0.1784
  0.1784
  0.1784
  0.1982
  0.3964
  0.3398
  0.4248
  1.4442
  0.9628
  0.6796
  0.7362
  0.9061
  0.5663
  0.3681
  0.2803
  0.2464
  0.2322
  0.2180
  0.2265
  0.3398
  0.2549
  0.2322
  0.2803
  0.3681
  0.3681
  0.3681
  0.4531
  0.6230
  0.5380
  0.7929
  0.3681
  0.2549
  0.2322
  0.2095
  0.2095
  0.7079
  0.4531
  0.2803
  0.2464
  0.2322
  0.2095
  0.2067
  0.2067
  0.2067
  0.2095
  0.1982
  0.1926
  0.3398
  0.4814
  0.3115
  0.2718
  0.2464
  0.4814
  0.5947
  0.3115
  0.2464
  0.2095
  0.2718
  0.2718
  0.2095
  0.1982
  0.1926
  0.1841
  0.1756
  0.1671
  0.1671
  0.1671
  0.1614
  0.1586
  0.1529
  0.1529
  0.1501
  0.1501
  0.1501
  0.1529
  0.1586
  0.2095
  0.4248
  0.3681
  0.4814
  0.2549
  0.2322
  0.2180
  0.1926
  0.1671
  0.1586
  0.1586
  0.1614
  0.2549
  0.5380
  1.2743
  0.4531
  1.5008
  1.2176
  0.7079
  0.4248
  0.2832
  0.2464
  0.3681
  1.1327
  0.6230
  0.4248
  0.3964
  0.2832
  0.2464
  0.2265
  0.3115
  0.4814
  0.7362
  0.3681
  0.3115
  0.7929
  0.5947
  0.3398
  0.2803
  0.2803
  0.2718
  0.2407
  0.4248
  0.3681
  0.2832
  0.2407
  0.2067
  0.1926
  0.2265
  0.6513
  0.9061
  0.4248
  0.2718
  0.2407
  0.6513
  0.8778
  0.4248
  0.2803
  0.2407
  0.2095
  0.1982
  0.1926
  0.1784
  0.1756
  0.1756
  0.1671
  0.5663
  0.4814
  0.4531
  0.4531
  0.3398
  0.4248
  0.5663
  0.7929
  2.1804
  0.7079
  0.3681
  0.2803
  0.2464
  0.2180
  0.2067
  0.1982
  0.1926
  0.1926
  0.1784
  0.1926
  0.2633
  0.2180
  0.1982
  0.2067
  0.3115
  0.2265
  0.1926
  0.1784
  0.1982
  0.3115
  0.3115
  0.5097
  1.2176
  1.5857
  0.7646
  0.4531
  0.3115
  0.2464
  0.2180
  0.2067
  0.1982
  0.1841
  0.1784
  0.1784
  0.1841
  0.1841
  0.1784
  1.5857
  0.6796
  0.3681
  0.4531
  0.7929
  0.6230
  0.3681
  0.2718
  0.2464
  0.2180
  0.2095
  0.2095
  0.2095
  0.1982
  0.1982
  0.1982
  0.1982
  0.1982
  0.1756
  0.1756
  0.1756
  0.1756
  0.1756
  0.1586
  0.1586
  0.1586
  0.1586
  0.1586
  0.1303
  0.1303
  0.1303
  0.1303
  0.1303
  0.2832
  0.2832
  0.2832
  0.2832
  0.3398
  0.3398
  0.3115
  0.2180
  0.2549
  0.4248
  0.2718
  0.2067
  0.1671
  0.1529
  0.1416
  0.5663
  0.4814
  0.2322
  0.1756
  0.1501
  0.1671
  0.5663
  0.8495
  0.8495
  0.8212
  0.5097
  1.1893
  1.2176
  0.5380
  0.2832
  0.2265
  0.1841
  0.3115
  0.4531
  0.2549
  0.1982
  0.1784
  0.1614
  0.2718
  0.4814
  0.2803
  0.2180
  0.2407
  0.2067
  0.1671
  0.1501
  0.1359
  0.1303
  0.1218
  0.1218
  0.1218
  0.1359
  0.6230
  0.3964
  0.2067
  1.1893
  0.7646
  1.3592
  0.3964
  0.2549
  0.2832
  0.2718
  0.2265
  0.1926
  0.1671
  0.1529
  0.1359
  0.1303
  0.2322
  0.5663
  0.2832
  0.2265
  0.2549
  0.2095
  0.2464
  0.6796
  0.3115
  0.2095
  0.1614
  0.1416
  0.1303
  0.1303
  0.1756
  0.2832
  1.0194
  0.3115
  0.1926
  0.1529
  0.3115
  1.0194
  1.0194
  1.0194
  1.0194
  1.0194
  1.0194
  1.0194
  1.0194
  1.0194
  0.6796
  1.2743
  0.6796
  0.3398
  0.2633
  0.2407
  0.5097
  0.8212
  0.4248
  0.3115
  0.2464
  1.3026
  0.6796
  0.8495
  1.2176
  1.2176
  1.6990
  0.5947
  0.3681
  0.3115
  2.3220
  0.5947
  0.3681
  0.3398
  0.2718
  0.2549
  0.2832
  0.5663
  0.7929
  0.6513
  0.9628
  0.3964
  0.3115
  0.2549
  0.4248
