  0.2180
  0.2180
  0.2237
  0.2322
  0.2322
  0.2322
  0.2407
  0.3115
  1.1044
  0.4248
  0.3964
  0.3115
  0.7929
  0.8778
  0.9628
  0.4248
  0.3115
  0.2718
  0.7929
  0.2379
  0.2379
  0.2379
  0.2379
  0.2379
  0.2379
  0.2379
  0.2322
  0.2322
  0.2322
  0.2322
  0.2322
  0.2322
  0.2322
  0.2322
  0.2322
  0.1982
  0.1897
  0.1784
  0.3398
  0.4814
  0.3398
  0.1982
  0.1303
  0.1218
  0.1982
  0.3964
  0.4814
  0.2407
  0.1671
  0.3398
  1.1044
  0.6513
  0.3398
  0.2633
  0.1982
  0.1756
  0.1586
  0.1501
  0.1416
  0.1359
  0.1303
  0.3964
  0.3398
  0.3398
  0.3398
  0.3398
  0.3398
  0.4248
  0.5947
  0.8212
  3.2848
  0.3681
  0.1926
  0.1586
  0.1416
  0.1189
  0.1019
  0.1019
  0.1019
  0.0934
  0.0878
  0.1416
  0.1416
  0.1048
  0.0878
  0.0708
  0.0708
  0.0651
  0.0623
  0.0623
  0.1048
  0.1444
  0.1218
  0.5097
  1.1893
  1.7556
  0.5663
  0.3398
  0.1501
  0.1218
  0.1189
  0.1048
  0.0963
  0.0963
  0.1019
  0.1189
  0.1303
  0.1189
  0.1048
  1.1893
  0.3964
  0.2662
  0.7079
  1.1327
  0.5947
  0.2832
  0.1671
  0.1444
  0.1218
  0.1189
  0.1189
  0.1048
  0.0963
  0.0934
  0.0934
  0.0878
  0.0878
  0.0821
  0.0821
  0.0821
  0.0821
  0.0878
  0.0821
  0.0821
  0.0821
  0.0821
  0.0793
  0.0793
  0.0793
  0.0821
  0.1303
  0.1218
  0.1019
  0.1444
  0.1671
  0.2832
  0.1501
  0.2180
  0.1699
  0.1218
  0.1048
  0.1444
  0.1189
  0.1019
  0.0934
  0.0878
  0.0821
  0.9628
  0.3115
  0.1416
  0.1019
  0.0878
  0.3681
  0.6796
  1.0194
  0.9628
  0.8212
  0.3681
  1.4442
  1.3026
  0.3115
  0.1501
  0.1303
  0.1048
  0.1218
  0.1926
  0.1416
  0.1048
  0.1048
  0.1303
  0.3964
  0.5663
  0.1699
  0.1699
  0.2180
  0.1501
  0.1303
  0.1133
  0.1019
  0.0963
  0.1019
  0.0963
  0.1133
  1.2176
  1.1044
  0.3681
  0.1671
  1.4158
  1.2743
  1.5291
  0.3115
  0.2180
  0.4248
  0.2832
  0.2464
  0.1586
  0.1444
  0.1303
  0.1218
  0.2464
  0.8212
  0.6513
  0.2662
  0.3398
  0.2662
  0.3115
  0.6513
  0.9061
  0.3398
  0.1671
  0.1416
  0.1189
  0.1189
  0.1699
  0.1699
  0.5380
  1.3026
  0.2464
  0.1501
  0.1501
  0.6513
  0.7079
  0.2464
  1.5291
  2.4919
  0.8778
  0.9061
  2.2370
  1.8972
  2.4919
  0.6513
  1.7840
  0.4814
  0.2662
  0.4814
  0.3681
  0.8495
  0.9628
  0.4531
  0.3681
  0.5380
  3.2848
  0.7362
  1.6990
  1.8406
  1.6990
  2.2653
  0.4531
  0.3681
  1.0194
  3.1149
  0.4531
  0.3115
  0.3115
  0.2180
  0.2464
  0.4248
  1.1044
  1.0477
  1.3026
  0.9061
  0.3964
  0.2662
  0.3398
  0.5380
  0.2832
  0.2180
  0.1841
  0.3398
  0.7079
  0.3681
  1.1044
  5.2103
  1.4158
  0.4248
  0.2407
  0.2265
  0.8495
  0.3681
  0.2492
  0.6513
  0.5380
  0.3964
  0.2832
  0.2407
  0.6230
  0.3398
  0.5097
  1.5857
  0.9628
  0.6796
  0.5097
  0.2633
  0.7079
  0.7079
  0.3398
  0.2180
  0.5097
  0.7362
  0.7362
  0.6230
  0.2633
  0.2265
  0.2407
  0.1926
  0.1614
  0.1501
  0.1444
  0.1444
  0.1444
  0.1359
  0.1303
  0.1303
  0.3398
  0.2379
  0.2577
  0.3681
  0.2010
  0.1614
  0.1444
  0.1359
  0.1218
  0.1218
  0.1218
  0.1586
  0.3115
  0.1926
  0.1501
  0.1444
  0.1501
  0.1359
  0.1218
  0.1189
  0.1303
  0.1926
  0.1501
  0.1303
  0.3964
  1.8406
  0.5947
  0.2832
  0.2492
  0.9061
  0.3398
  0.2067
  0.2265
  0.1614
  0.1359
  0.1359
  0.1444
  0.1614
  0.2265
  0.2067
  0.3681
  0.4248
  0.4531
  0.5947
  1.1044
  1.4442
  1.1044
  0.4531
  0.2180
  0.1501
  0.3964
  0.2832
  0.1926
  0.1501
  0.1444
  0.1218
  0.1189
  0.1133
  0.1019
  1.2176
  1.4442
  0.2832
  0.3964
  1.6990
  0.2464
  0.1699
  0.1699
  0.1444
  0.1303
  0.1189
  0.7646
  0.8778
  0.5380
  0.1926
  0.2180
  1.4158
  0.4531
  0.3115
  1.0194
  0.2662
  0.1671
  0.1444
  0.1303
  0.1218
  0.3398
  1.3592
  0.6230
  0.1699
  0.1303
  0.1133
  0.1048
  0.1133
  0.2832
  0.3398
  0.1926
  0.3681
  0.1586
  0.1303
  1.2743
  0.2407
  0.5380
  0.9061
  0.1671
  0.1303
  0.1048
  0.1019
  0.0963
  0.0963
  0.0934
  0.1048
  0.1671
  0.1444
  0.1218
  0.1189
  0.1189
  0.1303
  0.1048
  0.0963
  0.0878
  0.0821
  0.0963
  0.7362
  1.2176
  0.2265
  0.1303
  0.2265
  1.2743
  0.5663
  0.3115
  0.2180
  0.1416
  0.2095
  1.1044
  0.4814
  1.1327
  0.0878
  0.0934
  0.1133
  0.1189
  0.3115
  0.7362
  0.7079
  0.7929
  0.3398
  0.1699
  0.5947
  0.8212
  0.3115
  1.5291
  0.3964
  0.2180
  0.2265
  0.2662
  0.1586
  1.7840
  0.8212
  0.2464
  0.1586
  0.1444
  0.3964
  0.1671
  0.1416
  0.1189
  0.1048
  0.1019
  0.0963
  0.0963
  0.1048
  0.2464
  1.5291
  0.7929
  0.2832
  0.9628
  0.7079
  0.6796
  0.3681
  0.1586
  0.1416
  0.1189
  0.1189
  0.1133
  0.2633
  0.2464
  0.1586
  0.1586
  0.2832
  0.2180
  1.4158
  5.2669
  1.4442
  3.1432
  0.7646
  0.3115
  0.2265
  0.1926
  0.1699
  0.1614
  0.1841
  0.1699
  0.1699
  0.2265
  0.2180
  0.1614
  0.1444
  0.5097
  0.2633
  0.1926
  0.1699
  0.1501
  0.1444
  0.1614
  0.1444
  0.1303
  0.1218
  0.1218
  0.1218
  0.9061
  0.2407
  0.1614
  0.1303
  0.1189
  0.1048
  0.1048
  0.1019
  0.0934
  0.0934
  0.1048
  0.1218
  0.1104
  0.1048
  0.1416
  0.2775
  0.1784
  0.1303
  0.1416
  0.7646
  0.2265
  0.1529
  0.1303
  0.1303
  0.1416
  0.1218
  0.1189
  0.1189
  0.1614
  0.1444
  0.1416
  0.1303
  0.1189
  0.1133
  0.1133
  0.8495
  0.2237
  0.4814
  0.2010
  0.1303
  0.1189
  0.1133
  0.1133
  0.1416
  0.1416
  0.1444
  0.1218
  0.1133
  0.9628
  0.7646
  0.3115
  1.1044
  0.2492
  0.2803
  0.2180
  0.1614
  0.1784
  0.2010
  0.2407
  0.2010
  0.2775
  0.2152
  0.1897
  0.2152
  0.2152
  0.2577
  0.6513
  0.5663
  0.2010
  0.1614
  0.1529
  2.2370
  1.8972
  0.7079
  2.9733
  1.1893
  1.0477
  0.5380
  1.3592
  0.4814
  0.7929
  0.4814
 30.2990
  4.3325
  0.5663
  0.5097
  0.5380
  1.0477
  0.8495
  0.8495
  1.2743
  0.3964
  0.2775
  0.3115
  0.6230
  0.3964
  0.2775
  0.2152
  0.2010
  0.2152
  0.3681
  0.2775
  3.5113
  0.6513
  0.3115
  0.2577
  0.2152
  0.1897
  0.1784
  0.1614
  0.1529
  0.1444
  0.1444
  0.1614
  0.1614
  0.1784
  0.2265
  0.1699
  1.0194
  2.0954
  0.9061
  1.6141
  0.5663
  0.2775
  0.2010
  0.2010
  3.2281
  0.6230
  0.9061
  1.5291
  0.8495
  0.7646
  0.5663
  0.5380
  0.3398
  0.2265
  0.1897
  0.1614
  0.1444
  0.1416
  0.1218
  0.1218
  0.1189
  0.1133
  0.1133
  0.1104
  0.1104
  0.1104
  0.1104
  0.1104
  0.1897
  0.1444
  0.1529
  0.2010
  0.9628
  0.9628
  1.4158
  0.7646
  1.8972
  0.3115
  0.2265
  0.5380
  0.4814
  0.3681
  0.2152
  0.1614
  0.1416
  0.1303
  0.1218
  0.1189
  0.1133
  0.1104
  0.1133
  0.1048
  0.1133
  0.1133
  0.1586
  0.4248
  0.5380
  0.3398
  0.5380
  0.3964
  0.7362
  0.6513
  0.2577
  0.1699
  0.1416
  0.1303
  0.1218
  0.1303
  0.1416
  0.1529
  0.1444
  0.4814
  0.1897
  0.1444
  0.2464
  0.4248
  0.7646
  0.3964
  0.2152
  0.1614
  0.1416
  0.1303
  0.1218
  0.1133
  0.1104
  0.1104
  0.1104
  0.1133
  0.2152
  1.5291
  0.7362
  1.3592
  0.2775
  3.9927
  0.8778
  0.2265
  0.1699
  0.1416
  0.1218
  0.1189
  0.1189
  0.1133
  0.1189
  0.1303
  0.1444
  0.1218
  0.1303
  0.1614
  0.1444
  0.1416
  0.1416
  0.1303
  0.2152
  0.6796
  0.3398
  0.3398
  0.1897
  0.1529
  0.1416
  0.6796
  2.4636
  0.4814
  0.1416
  0.1104
  0.0963
  0.0878
  0.0793
  0.0736
  0.0736
  0.0736
  0.0736
  0.0736
  0.0736
  0.1104
  0.1104
  0.1104
  0.1104
  0.1104
  0.1104
  0.1104
  0.1104
  0.1104
  0.0934
  0.0821
  0.0736
  0.0736
  0.0821
  0.6513
  0.6513
  0.6513
  0.6513
  0.6513
  0.6513
  0.6513
  0.6513
  0.6513
  0.6513
  0.6513
  0.6513
  0.6513
  0.6513
  0.6513
  0.6513
  0.1303
  0.1416
  0.1841
  0.2152
  0.3398
  3.7661
  0.3115
  0.1501
  0.1189
  0.1104
  0.0963
  0.0934
  0.1586
  7.3057
 17.9529
 23.6163
  2.2370
  0.7362
  0.2775
  0.2010
  3.3697
  0.6796
  0.2775
  0.2577
  0.2010
  0.2010
  1.4442
  0.4531
  0.2577
  0.2010
  0.1897
  0.2010
  0.1614
  0.1444
  0.1303
  0.1218
  0.1218
  0.1218
  0.1189
  0.1133
  0.1303
  0.1416
  3.3414
  1.1327
  0.5663
  0.2152
  0.1614
  0.1444
  0.1529
  0.1614
  0.1699
  0.9628
  0.6796
  0.8778
  0.8212
  0.7079
  0.2832
  0.2407
  0.1614
  0.1444
  0.1303
  0.1133
  0.1104
  0.1048
  0.1048
  0.1104
  0.1048
  0.1048
  0.1133
  0.1218
  0.1218
  0.1699
  0.1444
  0.1529
  0.2152
  0.1784
  0.1303
  0.1218
  0.1189
  0.1104
  0.1501
  0.1614
  0.1218
  0.1189
  0.1133
  0.1218
  1.4442
  0.2577
  1.7840
  1.1893
  0.9628
  0.3115
  0.1699
  0.1416
  0.1303
  0.1218
  0.1218
  0.1218
  0.2379
  0.3115
  1.3592
  1.6141
  2.1804
  0.7929
  0.4248
  1.6990
  0.6230
  0.3115
  0.2407
  0.2832
  0.2407
  4.6440
  2.2653
  0.3681
  0.1926
  0.1586
  0.1501
  0.1416
  0.1671
  0.1784
  0.1586
  0.1501
  0.1416
  0.1416
  0.1926
  0.1501
  0.1784
  0.1671
  0.1756
  0.4814
  2.2370
  0.5380
  0.3398
  0.2180
  0.1501
  0.1501
  0.2379
  0.5380
  0.1926
  0.1416
  0.1133
  0.1104
  0.1218
  0.1586
  0.1218
  0.1019
  0.0934
  0.0878
  0.0963
  0.1416
  0.3964
  0.3115
  0.1501
  0.1586
  0.1501
  0.1303
  0.1019
  0.0963
  0.0934
  0.0878
  0.0878
  0.0934
  0.0934
  0.0878
  0.0793
  0.0736
  0.0708
  0.0736
  0.0708
  0.0708
  0.0651
  0.0651
  0.0651
  0.0708
  0.0708
  0.0736
  0.0708
  0.0793
  0.1841
  0.5380
  0.1784
  0.5380
  0.1784
  0.5380
  0.2662
  1.8406
  0.5097
  2.0105
  6.0032
  1.8406
  0.5380
  1.5291
  3.2281
  0.9061
  0.7079
  0.7362
  0.4531
  0.3681
  0.2832
  0.2718
  0.8212
  0.5947
  0.2322
  0.1699
  0.1586
  0.5097
  0.2718
  0.1699
  0.1444
  0.1218
  0.1303
  0.5947
  0.3681
  0.6230
  0.3398
  0.2322
  0.1699
  0.1303
  0.1218
  0.1133
  0.1444
  0.1982
  0.2322
  0.1841
  0.2265
  0.3115
  0.1841
  0.1444
  0.1218
  0.1303
  0.5097
  0.2492
  0.1699
  0.1586
  0.1699
  0.1586
  0.1444
  0.1303
  0.1218
  0.1133
  0.1218
  0.2322
  0.2152
  0.1444
  0.1218
  0.1586
  0.3115
  0.3681
  0.2492
  0.2152
  0.1586
  0.1303
  0.1303
  0.1303
  0.1218
  0.1133
  0.1444
  0.1303
  0.2633
  0.1699
  0.1614
  0.2322
  0.3681
  0.1841
  0.1218
  0.1048
  0.1048
  0.0878
  0.0793
  0.0708
  0.0793
  0.7362
  0.3115
  2.0671
  0.9061
  0.2492
  0.1699
  0.1303
  0.1133
  0.1303
  0.8495
  0.3964
  0.2152
  0.1841
  0.3115
  0.2492
  0.1699
  0.3398
  0.5380
  0.3681
  0.2492
  0.1841
  0.1699
  0.2152
  0.8778
  0.3681
  0.2322
  0.2662
  0.4248
  1.1044
  1.7556
  1.1044
  0.7646
  0.3964
  0.2662
  0.2662
  0.2492
  0.1982
  1.0194
  4.1626
  0.4814
  0.3115
  0.2152
  0.1841
  0.1444
  0.1303
  0.3964
  0.3115
  0.1841
  0.1444
  0.1218
  0.1133
  0.1133
  0.1444
  0.1444
  0.1303
  0.2549
  0.3115
  0.1699
  0.1303
  1.5008
  1.5857
  1.0477
  0.8778
  0.5947
  0.3398
  0.2322
  0.1841
  0.1444
  0.1218
  0.1133
  0.1048
  0.1048
  0.0878
  0.1133
  0.1699
  0.2662
  0.1586
  1.4158
  0.5380
  0.2492
  0.1699
  0.1218
  0.1133
  0.1048
  0.1048
  0.1133
  0.1048
  0.0878
  0.0878
  0.3115
  0.3398
  0.3398
  0.2803
  0.1444
  0.1218
  0.0708
  0.0963
  0.0793
  0.0708
  0.0708
  0.1048
  0.1444
  0.1218
  0.0963
  0.0878
  1.0194
  0.2832
  0.1218
  0.0878
  0.0793
  0.0793
  0.0793
  0.1218
  0.1048
  0.1048
  0.1586
  0.2265
  0.1841
  0.1444
  0.1048
  0.0793
  0.0651
  0.0566
  0.0538
  0.0538
  0.0538
  0.0538
  0.0538
  0.0538
  0.0538
  0.0538
  0.0538
  0.0538
  0.0538
  0.0538
  0.0538
  0.0538
  0.0538
  0.0538
  0.0538
  0.0538
  0.0538
  0.0538
  0.0963
  0.0963
  0.3681
  1.2743
  0.2775
  0.1444
  0.1048
  0.0793
  0.0708
  0.0651
  0.0566
  0.1048
  0.1444
  1.7840
  0.4531
  0.1841
  0.1133
  0.0878
  0.1586
  0.1189
  3.7378
  0.5380
  0.2322
  0.1841
  0.5097
  0.3398
  0.1982
  0.5663
  1.0477
  0.3115
  0.1841
  0.1586
  0.1133
  0.0878
  0.0708
  0.0566
  0.0566
  0.0538
  0.0878
  0.1048
  0.1218
  0.0878
  0.0708
  0.0708
  0.0651
  0.0651
  0.0708
  0.0708
  0.0708
  0.0708
  0.0708
  0.0793
  0.1048
  0.0963
  0.1048
  0.0963
  0.0963
  0.1841
  0.5380
  0.3115
  0.4248
  0.3964
  1.6141
  0.2379
  0.7646
  0.8212
  0.5097
  0.6230
  0.2492
  0.1586
  0.1218
  0.1133
  0.1218
  0.1133
  0.2718
  0.5380
  0.3681
  0.2152
  0.1586
  0.2662
  0.1586
  0.1586
  0.1218
  0.1133
  0.5097
  0.1982
  0.1218
  0.1048
  0.0963
  0.1926
  0.3398
  0.2322
  0.1303
  0.1048
  0.3398
  0.3115
  0.1444
  0.1303
  0.2803
  0.1982
  0.3398
  0.5947
  0.4248
  3.1149
  0.3115
  0.7362
  0.2152
  0.1218
  0.2775
  0.3115
  0.1982
  0.1444
  0.1501
  0.3115
  0.2492
  0.2832
  0.1586
  0.1133
  0.6796
  0.3964
  0.1586
  0.1133
  0.0963
  0.0963
  0.1756
  0.3115
  0.1303
  0.1586
  0.3964
  2.0105
  0.6230
  1.5857
  0.4814
  0.1982
  0.1982
  0.3681
  0.2832
  0.2492
  0.2322
  0.1982
  0.1841
  0.1841
  0.1841
  0.1699
  0.1586
  0.1586
  0.8778
  1.9255
  5.4368
  9.1180
  0.7929
  0.5097
  0.7079
  0.7362
  0.4531
  0.3398
  0.2662
  0.4814
  0.7079
  0.3964
  0.2662
  0.2492
  0.2662
  0.2633
  0.2407
  0.1926
  0.1926
  0.1926
  0.1926
  0.1926
  0.1926
  0.1926
  0.6513
  0.6513
  0.6513
  0.6513
  0.6513
  6.1448
  6.1448
  6.1448
  6.1448
  6.1448
  6.1448
  6.1448
  0.7929
  0.7929
  0.7929
  0.7929
  0.7929
  0.7929
  0.7929
  0.7929
  0.7929
  0.7929
  0.7929
  0.7929
  0.6513
  0.6513
  0.6513
  0.6513
  0.6513
  0.6513
  0.6513
  0.6513
  0.6513
  0.6513
  0.6513
  0.4248
  0.3681
  0.2832
  0.3115
  0.3964
  0.4814
  1.2743
  0.5097
  0.3398
  0.2662
  0.2322
  0.2322
  0.3398
  1.8406
  0.6796
  0.4814
  0.4248
  0.3681
  0.3681
  0.2662
  0.2322
  0.2322
  0.2322
  0.2577
  0.7646
  0.7362
  3.8511
  2.8600
  3.1998
  1.7556
  2.9733
  0.9628
  0.6230
  0.4531
  0.4814
  0.4531
  0.3681
  0.9628
  0.7079
  0.3964
  0.3398
  0.6796
  0.7929
  0.4531
  1.3592
  0.7929
  1.1044
  0.5663
  0.3398
  0.2152
  0.1699
  0.5380
  0.2492
  0.1303
  0.1218
  0.1189
  0.2407
  1.8972
  0.8495
  0.2492
  0.2407
  1.3026
  0.3681
  0.2152
  0.3398
  0.3115
  0.3964
  0.2662
  0.3398
  0.3681
  1.0477
  1.9255
  1.0194
  1.6141
  0.4248
  0.4248
  0.6230
  0.2832
  0.3115
  0.5097
  0.4248
  0.2662
  0.3681
  1.5291
  0.3681
  0.2152
  0.4248
  2.2370
  4.3891
  0.4531
  0.2492
  0.4248
  0.2832
  0.3115
  0.6513
  0.4248
  0.2662
  0.3398
  0.2152
  0.1586
  0.1303
  0.1274
  0.1218
  0.1218
  0.1218
  0.1133
  0.1133
  0.1133
  0.2379
  0.6796
  0.3681
  0.7362
  0.9628
  3.0582
  0.5097
  0.3681
  0.3681
  0.5947
  0.9061
  0.4814
  0.3115
  0.2322
  0.2152
  0.1699
  0.1699
  0.1699
  0.7646
  0.4531
  0.2832
  0.4531
  0.2492
  0.1841
  1.6141
  0.7362
  0.5097
  1.2743
  0.2832
  0.2152
  0.4248
  3.5962
  3.6812
  1.4158
  0.3681
  0.2832
  1.0194
  3.1432
  0.6230
  0.8495
  0.4248
  0.2662
  0.3398
  2.2653
  0.4814
  0.3115
  0.4814
  0.3964
  0.3115
  0.3681
  0.2322
  0.1841
  0.1699
  0.1586
  0.1444
  0.1274
  0.1218
  0.2803
  1.0194
  0.3681
  0.3398
  0.2322
  0.1699
  0.1303
  0.1133
  0.1048
  0.0963
  0.0878
  0.0793
  0.0821
  0.0963
  0.1048
  0.1048
  0.1048
  0.1133
  0.7929
  0.2662
  0.1586
  0.4248
  0.2832
  0.1841
  0.1303
  0.1218
  0.1048
  0.0963
  0.0963
  0.0963
  0.0963
  0.2322
  2.6335
  0.4248
  0.2067
  0.1586
  0.1586
  3.2281
  0.6513
  0.2662
  0.5097
  1.0477
  0.3681
  0.7929
  3.8228
  0.5380
  0.6796
  3.4547
  0.8212
  0.6230
  1.1044
  0.5663
  1.5008
  4.2475
  0.6513
  0.3398
  0.2662
  0.2152
  0.2265
  0.7646
  0.3115
  0.2322
  0.2322
  2.7184
  3.7661
  0.4248
  0.2832
  0.3681
  0.6230
  0.5380
  0.3681
  0.3115
  0.2492
  0.2322
  0.2322
  0.2832
  0.2152
  0.1841
  0.1699
  0.2322
  0.8212
  0.7646
  0.3115
  0.2832
  1.1044
  2.1804
  1.6990
  0.3681
  0.2662
  0.5380
  0.2832
  0.2152
  0.1982
  0.2492
  0.2662
  0.1982
  0.1982
  0.1841
  0.1699
  0.2152
  0.6230
  0.6230
  3.0299
  0.6230
  0.2492
  0.3115
  0.6230
  0.8212
  2.0105
  3.7378
  0.3964
  0.2492
  0.2152
  0.3115
  0.3115
  0.4248
  0.5663
  0.3115
  0.7079
  0.4248
  0.2492
  0.1841
  0.1586
  0.1444
  0.1303
  0.1218
  0.3115
  0.3964
  0.2662
  0.0821
  0.0793
  0.0708
  0.0651
  0.0821
  0.0821
  0.0708
  0.0566
  0.0566
  1.1044
  1.1327
  1.4158
  1.0477
  0.2832
  1.5857
  0.4814
  0.2265
  0.1671
  1.3026
  0.7079
  0.2095
  0.1529
  0.1274
  0.1104
  0.0934
  0.0821
  0.0793
  0.0708
  0.0651
  0.0566
  0.0651
  0.0566
  0.0651
  0.0566
  0.0651
  0.0821
  0.0934
  0.2265
  0.1416
  0.0934
  0.0708
  0.0566
  0.0481
  0.0481
  0.0481
  0.0453
  0.0396
  0.0340
  0.0340
  0.0311
  0.0311
  0.0311
  0.0453
  0.0340
  0.0396
  0.0481
  0.7929
  0.4814
  0.1671
  0.3681
  0.7362
  2.7467
  0.2095
  0.1671
  0.1416
  0.4531
  0.2492
  0.1416
  0.0934
  0.0708
  0.0651
  0.0651
  0.0934
  0.1416
  0.1416
  0.1189
  0.1019
  0.1019
  0.0934
  0.0708
  0.0538
  0.0453
  0.0340
  0.0340
  0.0311
  0.0340
  0.0340
  0.0311
  0.0311
  0.0396
  0.0538
  0.0481
  0.0481
  0.0538
  0.0481
  0.0453
  0.0481
  0.0538
  0.0651
  0.0651
  0.0566
  0.1926
  0.1529
  0.0934
  0.0793
  0.0821
  0.9628
  0.4531
  0.1529
  0.1274
  0.1104
  0.5380
  1.9822
  0.6230
  0.2662
  0.2152
  7.2208
  1.1044
  0.6513
  0.2492
  0.1982
  0.1841
  0.1416
  0.1416
  0.1274
  0.2322
  0.5663
  0.5663
  0.4531
  0.2095
  0.1671
  0.1416
  0.1529
  0.1982
  0.1982
  0.1529
  0.3115
  0.4531
  0.2265
  0.1671
  0.7646
  0.5663
  1.5857
  0.5663
  0.3964
  0.2492
  0.1841
  0.1416
  0.6796
  0.3681
  0.1982
  0.1529
  0.1274
  0.1104
  0.1019
  0.1019
  0.1019
  0.1019
  0.0821
  0.0793
  0.0793
  0.1416
  0.1104
  0.0934
  0.0934
  0.0821
  0.0708
  0.0708
  0.0793
  0.0708
  0.0821
  0.1104
  0.0821
  0.0651
  0.0651
  0.0651
  0.0651
  0.0651
  0.7079
  0.2492
  0.2265
  1.4158
  1.5008
  0.6796
  1.3026
  0.4814
  0.3964
  1.1893
  1.3592
  2.4069
  2.0954
  1.8406
  1.1893
  5.1820
  2.1804
  0.7646
  0.5380
  0.3681
  0.2492
  0.2152
  0.1699
  0.1699
  0.1982
  0.3398
  0.2662
  0.1982
  0.1586
  0.1444
  0.1133
  0.0963
  0.0878
  0.1048
  0.3115
  0.7362
  0.7362
  0.7079
  0.9061
  2.0954
  0.4248
  0.2322
  0.1699
  0.1586
  0.1444
  0.1303
  0.1303
  0.1048
  0.1048
  0.1048
  0.1303
  0.1218
  0.1218
  0.1218
  0.3681
  0.8212
  0.7362
  0.7646
  0.2152
  0.1444
  0.1218
  0.1048
  0.1048
  0.0963
  0.0793
  0.0708
  0.1501
  0.1982
  0.5380
  1.7840
  0.3398
  0.1586
  0.1133
  0.0963
  0.0793
  0.0708
  0.1416
  1.5008
  0.5947
  0.2322
  0.7646
  0.8212
  0.2832
  0.5380
  0.2662
  0.4248
  0.3115
  0.2832
  0.8212
  1.3592
  1.0194
  0.7646
  1.2176
  0.8212
  0.3115
  0.3681
  1.6707
  3.5962
  1.3026
  0.3681
  0.2832
  0.2662
  0.2662
  0.2492
  0.1841
  0.1699
  0.4248
  0.5947
  0.6230
  0.2322
  0.1586
  0.1303
  0.1133
  0.1133
  0.2322
  0.7362
  0.2322
  0.5947
  0.2322
  0.2152
  0.1586
  0.1218
  0.1303
  0.1699
  0.1303
  0.3398
  4.4741
  3.5113
  0.6796
  0.6230
  0.2832
  0.1982
  1.0477
  0.2322
  0.1586
  0.1303
  2.6335
  2.6335
  2.6335
  0.5380
  0.2492
  0.5380
  0.3681
  0.5947
  0.7362
  0.7646
  0.5097
  0.3964
  0.5097
  0.2152
  0.1586
  0.1303
  0.1303
  0.1586
  0.1444
  0.1218
  0.1699
  0.4531
  1.1044
  1.7840
  2.1804
  0.5380
  0.2152
  0.1699
  0.2379
  0.2662
  0.1586
  0.1303
  1.5008
  0.2379
  0.1444
  0.1133
  0.7362
  0.3398
  0.2407
  0.4248
  0.1416
  0.1586
  0.2577
  0.3115
  0.7362
  0.2832
  0.2322
  0.2492
  0.6230
  0.3964
  0.2832
  0.5663
  0.1982
  1.5291
  0.5097
  0.1586
  0.1218
  0.1982
  0.4248
  0.2662
  0.1218
  0.0878
  0.0793
  0.0708
  0.0708
  0.0651
  0.0566
  0.0878
  0.1303
  0.1133
  0.9061
  1.6990
  0.2265
  0.1303
  0.1048
  0.0878
  0.1133
  0.1048
  0.0963
  0.0878
  0.0793
  0.0963
  0.1699
  0.2379
  0.1218
  0.1048
  0.0793
  0.0793
  0.0878
  0.1133
  0.1133
  0.5947
  0.3964
  0.2832
  0.1841
  0.3115
  0.2492
  0.1444
  0.1218
  0.1218
  0.2407
  0.2152
  0.1218
  0.0963
  0.0878
  0.0878
  0.0793
  0.0651
  0.0651
  0.0651
  0.0651
  0.0651
  0.0566
  0.0538
  0.0538
  0.0538
  0.0481
  0.0481
  0.0453
  0.0453
  0.0453
  0.0453
  0.0453
  0.0453
  0.0453
  0.0453
  0.0453
  0.0538
  0.3964
  1.6707
  0.1897
  0.0963
  0.0651
  0.0566
  0.0566
  0.3115
  0.2549
  0.2152
  0.5663
  0.2322
  0.4248
  0.1699
  0.1048
  0.1444
  0.2549
  0.1218
  0.0793
  0.0651
  0.0538
  0.0538
  0.0538
  0.0481
  0.0538
  0.2832
  0.3398
  1.9822
  0.2832
  0.1841
  0.0963
  0.0708
  0.0538
  0.0481
  0.0708
  0.6230
  2.0671
  0.3681
  0.1586
  0.1048
  0.0793
  0.0708
  0.0708
  0.0651
  0.4248
  0.2633
  0.3681
  1.0477
  6.3996
  2.2653
  0.2662
  0.2832
  0.2152
  0.1699
  0.7079
  0.4531
  0.8212
  1.0477
  0.3681
  1.6707
  0.3681
  4.9554
  0.9061
  0.4531
  1.8406
  1.3026
  2.2370
  1.4158
  0.3964
  1.3592
  0.3964
  1.2176
  0.5663
  0.2662
  0.1982
  0.1699
  0.1586
  0.1444
  2.0105
  2.0671
  1.9822
  0.4814
  0.5663
  2.8600
  2.6335
  0.4814
  1.2176
  0.8778
  1.3592
  0.3964
  0.3398
  1.4158
  0.6796
  1.6141
  1.3592
  0.5097
  0.3115
  0.2152
  0.7079
  0.9628
  1.1327
  0.8495
  0.4814
  0.4248
  0.3115
  0.2322
  0.1982
  0.8212
  0.4248
  0.5380
  1.3026
  1.6141
  0.3964
  0.3115
  0.4248
  0.4248
  1.1327
  0.7929
  1.3026
  0.4531
  0.3115
  0.2492
  0.1841
  0.6230
  0.2492
  0.1586
  0.1303
  0.1303
  0.8495
  3.8228
  2.3786
  1.1327
  2.1804
  0.3681
  1.1044
  0.5663
  0.3115
  0.4531
  1.4158
  0.3398
  0.1982
  0.7079
  0.8778
  0.9061
  0.4248
  0.8212
  0.4531
  0.8778
  0.5380
  0.2662
  0.1982
  0.7362
  0.5380
  0.2152
  0.1586
  0.1982
  0.1982
  0.8212
  0.3115
  0.1841
  0.1303
  0.1133
  0.1048
  0.7362
  0.5663
  0.2407
  0.3964
  0.2832
  0.1841
  0.3681
  0.1841
  0.1303
  0.1444
  0.1699
  0.2322
  0.1982
  0.1444
  0.1586
  0.1982
  0.1444
  0.1303
  0.1218
  0.1048
  0.1048
  0.3398
  0.3115
  0.1699
  0.1586
  0.2152
  0.1303
  0.0963
  0.0793
  0.0651
  0.0651
  0.0651
  0.1501
  0.1586
  0.1133
  1.6707
  0.6796
  0.8495
  1.8972
  0.5380
  0.2775
  0.1982
  0.1756
  0.1869
  1.7273
  6.6545
  2.2653
  7.3907
  0.4814
  0.2775
  0.2464
  0.4248
  2.3786
  0.3964
  0.4248
  0.3398
  0.4814
  0.3398
  0.2350
  0.2095
  0.1756
  0.1756
  0.1614
  0.4531
  0.4248
  0.3681
  0.2350
  0.2464
  0.1501
  0.1501
  3.5679
  0.5947
  0.2605
  0.4531
  0.3398
  0.2095
  0.2350
  0.3681
  0.2095
  0.1501
  0.2095
  0.2775
  0.2095
  1.2743
  0.5380
  0.4248
  2.2937
  0.6796
  0.3115
  0.5947
  0.2832
  0.1982
  0.1982
  0.5097
  0.3398
  0.1982
  0.1416
  0.1104
  0.0991
  0.1614
  0.2775
  0.2605
  0.3115
  0.2832
  0.1869
  0.4814
  0.2095
  0.1189
  0.1048
  0.3115
  0.2605
  0.1416
  0.2605
  0.5097
  0.5380
  0.4814
  0.1982
  0.1303
  0.1104
  0.0991
  0.0906
  0.4248
  0.2350
  0.1501
  0.1303
  0.1189
  0.1104
  1.7556
  0.5663
  0.3964
  0.2209
  0.1756
  0.1614
  0.1416
  0.1189
  0.1104
  0.1048
  0.0991
  0.0878
  0.0991
  0.5097
  1.8689
  1.8972
  4.0210
  0.5947
  0.6513
  0.3115
  0.4531
  1.2176
  0.7646
  1.7840
  1.3592
  0.3681
  0.5663
  0.9911
  5.4652
  0.4248
  0.2775
  0.2775
  1.5574
  0.3115
  0.2775
  0.3115
  0.2605
  0.2095
  0.1869
  0.2095
  0.2775
  0.3115
  0.2464
  0.2209
  0.2209
  0.1614
  0.1416
  0.1869
  0.5380
  1.1044
  0.4531
  0.2209
  0.2605
  0.2605
  2.1521
  1.9539
  1.0194
  0.3681
  0.3115
  0.2095
  0.2350
  0.4248
  0.2832
  0.3964
  0.2832
  0.1869
  0.1501
  0.1189
  0.1104
  0.0991
  0.0991
  0.0906
  0.0906
  0.1104
  0.1869
  0.2095
  0.3115
  0.2209
  1.1610
  2.3786
  2.0388
  0.3681
  0.2209
  0.9061
  1.1044
  0.2775
  0.2095
  0.1614
  0.1614
  0.2265
  0.2832
  0.1982
  0.2832
  0.4531
  0.2209
  0.1756
  0.2095
  0.1982
  0.1416
  0.1104
  0.1048
  0.1048
  0.1671
  0.5097
  1.4158
  2.9733
  2.1238
  0.8495
  1.6141
  0.3115
  0.3115
  0.2350
  0.1756
  0.1869
  0.1869
  0.2095
  0.5947
  1.3592
  1.5857
  1.1327
  0.4814
  0.7362
  0.3681
  0.2209
  4.1909
  0.3964
  0.2464
  1.2176
  0.3115
  0.6230
  0.7929
  0.7929
  0.6796
  0.2832
  0.3398
  1.7840
  1.4725
  0.6513
  0.5380
  1.5574
  1.2176
  0.6513
  0.4248
  0.2832
  0.2209
  0.8495
  3.7661
  0.5947
  0.5947
  0.8212
  0.8495
  0.5097
  0.5380
  0.4531
  0.8778
  0.3681
  0.2832
  0.2775
  0.2209
  0.1756
  0.1501
  0.1416
  0.1416
  0.1416
  0.1303
  0.1982
  0.2464
  0.1982
  0.3398
  0.2095
  0.1501
  0.1189
  0.1048
  0.3398
  0.3681
  0.3398
  0.6796
  0.2775
  0.1869
  0.1756
  0.1756
  0.1756
  0.1614
  0.9345
  0.2775
  0.2350
  0.1982
  0.1756
  0.1614
  0.2095
  0.2605
  1.3875
  0.5663
  0.3115
  0.3964
  0.4814
  0.2832
  0.4531
  0.3681
  0.2209
  0.2322
  1.2176
  1.1893
  0.7079
  0.4814
  0.3398
  0.2180
  0.1501
  0.1303
  0.5663
  0.5380
  0.2095
  0.1614
  0.1416
  0.1303
  0.1104
  0.1189
  0.1614
  0.2775
  1.1893
  0.6230
  0.5380
  0.2775
  1.9539
  0.3115
  0.2464
  0.3115
  0.6230
  0.3115
  0.2095
  0.1501
  0.1614
  0.3115
  0.2605
  0.5380
  0.3115
  0.2209
  0.1756
  0.1501
  0.1614
  0.9628
  2.2370
  0.3398
  0.9628
  0.2605
  0.2350
  0.4814
  1.2459
  0.8778
  0.5663
  0.5663
  0.3398
  0.2464
  0.8495
  1.2176
  1.1610
  0.7929
  1.6990
  0.9061
  1.7273
  0.3964
  0.3681
  0.2209
  0.1756
  0.3115
  0.5380
  1.0477
  0.5663
  0.3115
  0.2095
  0.1982
  0.2095
  0.1416
  0.1104
  0.1048
  0.0991
  0.0878
  0.0821
  0.0708
  0.0680
  0.0680
  0.0878
  0.1671
  0.2662
  0.2350
  0.1416
  1.1044
  0.4248
  0.3398
  0.7079
  0.3398
  0.2095
  0.2350
  0.1614
  0.1501
  0.1501
  0.1416
  0.1104
  0.0878
  0.0708
  0.2407
  0.1756
  0.1189
  0.1048
  0.0878
  0.0708
  0.0680
  0.1359
  1.6424
  0.2464
  0.1501
  0.1048
  0.7646
  0.3681
  0.6513
  0.2095
  0.1189
  0.0991
  0.1161
  0.4531
  0.1614
  0.5097
  1.3026
  0.2662
  0.1501
  0.1048
  0.0821
  0.0821
  0.1048
  0.1048
  0.0878
  0.0680
  0.0566
  0.0566
  0.0510
  0.4531
  0.2832
  0.1303
  0.1303
  0.1048
  0.1501
  0.3964
  0.1982
  0.1104
  0.0708
  0.0566
  0.0510
  0.0396
  0.0396
  0.0396
  0.1529
  0.1784
  0.1614
  0.0821
  0.0566
  0.0453
  0.0396
  0.0396
  0.0396
  0.0396
  0.0453
  0.0396
  0.0396
  0.0396
  0.0510
  0.0680
  0.0623
  0.0736
  0.1359
  0.9628
  0.2067
  0.1841
  0.7929
  1.0477
  0.2492
  0.1586
  0.1246
  0.1048
  0.1048
  0.1133
  0.2633
  2.2370
  2.2087
  0.5947
  4.2475
  2.2937
  0.2832
  0.1727
  2.3220
  1.8972
  1.4725
  0.9345
  0.9061
  1.3875
  1.4158
  1.3026
  0.7079
  0.3398
  0.2492
  0.2010
  0.1727
  0.1841
  0.1444
  0.1331
  0.1133
  0.1048
  0.1048
  0.1246
  0.1331
  0.4814
  0.3681
  0.1444
  0.1048
  0.0878
  0.0793
  0.0736
  0.0736
  0.0736
  0.0736
  0.0793
  0.0736
  0.0680
  0.0623
  0.0566
  0.0566
  0.0566
  0.0566
  0.0566
  0.0566
  0.0566
  0.0566
  0.0566
  0.0510
  0.0510
  0.0510
  0.0510
  0.0510
  0.0481
  0.0481
  0.0481
  0.0481
  0.0566
  0.0793
  0.1841
  0.2010
  0.7929
  0.6513
  0.5380
  0.1727
  0.1048
  0.0736
  0.0736
  0.0680
  0.0680
  0.0736
  0.0680
  0.0878
  0.5947
  1.6990
  0.2832
  0.1331
  0.0963
  0.1727
  0.1841
  0.1444
  0.1331
  0.8212
  2.4636
  0.3115
  0.1444
  0.1331
  0.1331
  0.1331
  0.1133
  0.2464
  0.2152
  0.3398
  0.2010
  0.1246
  0.1048
  0.2010
  0.1331
  0.1133
  0.3681
  0.9911
  0.3964
  0.6513
  1.0194
  0.2832
  0.1727
  3.6812
  1.8972
  0.4531
  3.6812
  5.4652
  1.7840
  0.3964
  0.2152
  0.1586
  0.1331
  0.9911
  0.4248
  0.6230
  0.3398
  0.3398
  0.7929
  0.3398
  0.2662
  0.1841
  0.1444
  0.1246
  0.9628
  1.6424
  1.2176
  0.3964
  0.4248
  0.9061
  0.5097
  3.2281
  1.3026
  0.3398
  2.7751
  0.5097
  0.2322
  0.1727
  0.1444
  0.1246
  0.1048
  0.0963
  0.0963
  0.0963
  0.0878
  0.0878
  0.0793
  0.0793
  0.1048
  0.2577
  0.1727
  0.1246
  0.0963
  0.0878
  0.0736
  0.1359
  1.8972
  0.6796
  0.3398
  0.5097
  0.2662
  0.1841
  0.1727
  0.1331
  0.1727
  0.7646
  0.3115
  0.2010
  0.1444
  0.1133
  0.1048
  0.0878
  0.1048
  0.1246
  0.6230
  0.6796
  0.4248
  0.2152
  0.1727
  0.2662
  0.3115
  0.3964
  0.3964
  0.2010
  0.1331
  0.0963
  0.0793
  0.0736
  0.0793
  0.0736
  0.0680
  0.0736
  0.2152
  0.4531
  0.4248
  0.2010
  0.2010
  0.2152
  0.2322
  0.6513
  1.3875
  0.9911
  0.4531
  0.4814
  0.6230
  0.2322
  0.6230
  1.8123
  0.5663
  0.3115
  0.2322
  0.1727
  0.1444
  0.1444
  0.1246
  0.1133
  0.1048
  0.1246
  0.1133
  0.1048
  0.0878
  0.0736
  0.0680
  0.0680
  0.0680
  0.0623
  0.0623
  0.0680
  0.0623
  0.0623
  0.0793
  0.1586
  0.1841
  0.4531
  0.8495
  0.2152
  0.1246
  0.0878
  0.0680
  0.0680
  0.0680
  0.0623
  0.0623
  0.0566
  0.0623
  0.1133
  0.1586
  0.3115
  0.5663
  0.4248
  2.0388
  1.3309
  0.2152
  0.3964
  0.2832
  0.3115
  0.7079
  0.3964
  0.1841
  1.1610
  1.9539
  0.4814
  0.7362
  0.7929
  0.6513
  0.4814
  0.4531
  0.5947
  0.6796
  0.2832
  6.3430
  1.6424
  8.5800
  0.8778
  1.0760
  1.4158
  0.9628
  0.7929
  0.3398
  0.2662
  0.2152
  0.1841
  0.1586
  0.1331
  0.1444
  5.9465
  3.3414
  0.5380
  2.1238
  2.2087
  0.5097
 12.4028
  3.0016
  0.4814
  0.2662
  0.2152
  0.2152
  0.2322
  0.3398
  0.5663
  0.2662
  0.1841
  0.1444
  0.1246
  1.6990
  0.5663
  0.2492
  0.1841
  0.3115
  1.5574
  0.5097
  0.2492
  0.1727
  0.3115
  0.3398
  0.3115
  0.6230
  0.4248
  0.2152
  0.1727
  0.2010
  4.9554
  1.0477
  0.2492
  0.1727
  0.1444
  0.1246
  0.1246
  0.1331
  0.7079
  1.1327
  0.5663
  0.8212
  1.1044
  2.4919
  2.7751
  0.4248
  0.2492
  0.2010
  0.1841
  0.2435
  0.2832
  0.1727
  0.1331
  0.1133
  4.2475
  1.2743
  0.6230
  0.4248
  0.4531
  0.8778
  0.5380
  1.3309
  5.1820
  3.4830
  0.5097
  0.3115
  0.2492
  0.2010
  0.1586
  0.1331
  0.1133
  0.1048
  0.1048
  0.0963
  0.0878
  0.0878
  0.0793
  0.0793
  0.0736
  0.0736
  0.0680
  0.0680
  0.0680
  0.0623
  0.0623
  0.0566
  0.0566
  0.0623
  0.0623
  0.4531
  0.8495
  1.2743
  1.4442
  0.6796
  0.6230
  0.4248
  0.5097
  0.2832
  0.6230
  2.3503
  1.2459
  2.4069
  0.3964
  0.2492
  0.6230
  0.3115
  0.2010
  0.1727
  0.1444
  0.1246
  0.1133
  0.1048
  0.0963
  0.0878
  0.0793
  0.0793
  0.0736
  0.0736
  0.0736
  0.0736
  0.0793
  0.0878
  0.1246
  1.0477
  0.3398
  0.1727
  0.4814
  0.2832
  0.2152
  0.1331
  0.1048
  0.0878
  0.0736
  0.0680
  0.0623
  0.0566
  0.0566
  0.0510
  0.0510
  0.0510
  0.0680
  0.1048
  0.0793
  0.0736
  0.0793
  0.1982
  2.3220
  2.4636
  0.9628
  2.9450
  2.5485
  1.2176
  0.6230
  0.7079
  0.3115
  0.2010
  0.1586
  0.1246
  0.1133
  0.1331
  0.5663
  0.2662
  0.1727
  0.1331
  0.1699
  0.2010
  0.1246
  0.0963
  0.0793
  0.0793
  0.0736
  0.0680
  0.0623
  0.0623
  0.0680
  0.0736
  0.0793
  0.0793
  0.3964
  1.4442
  2.0388
 31.7149
  6.6545
  1.3875
  1.5857
  2.8034
  0.3398
  0.2152
  0.1841
  0.1841
  0.1586
  0.1246
  0.1586
  1.4158
  0.4248
  0.1841
  0.1331
  0.1048
  0.0878
  0.0793
  0.0963
  0.1331
  0.1586
  0.2152
  0.1444
  0.1727
  0.2662
  0.1727
  0.1444
  0.1727
  0.2010
  4.5590
  0.7079
  0.2492
  0.1727
  0.1246
  0.1048
  0.1246
  0.2775
  0.2662
  0.2492
  0.1841
  0.4531
  0.2322
  0.1331
  0.1133
  0.0878
  0.1048
  0.0878
  0.0963
  0.2492
  0.3964
  0.1586
  0.1133
  0.0878
  0.0793
  0.1218
  0.1727
  0.1331
  0.1557
  0.4531
  0.3681
  0.6796
  0.8495
  2.0388
  2.9450
  1.4442
  0.4248
  0.3115
  0.4248
  4.9838
  0.7079
  1.2459
  4.1909
  2.2653
  0.6513
  0.3398
  0.4814
  0.3398
  0.3115
  0.4531
  0.3115
  0.1841
  0.1586
  0.1331
  0.1133
  0.1048
  0.0963
  0.0878
  0.2803
  0.3964
  0.1727
  0.1331
  0.1048
  0.1048
  0.1133
  0.3681
  0.2492
  0.2549
  0.9061
  7.2774
  1.0477
  0.3964
  0.3681
  0.4531
  4.2192
  2.6335
  1.4725
  1.4158
  0.5380
  0.2832
  0.3115
  0.2010
  0.1841
  0.1444
  0.1246
  0.1133
  0.1048
  0.0963
  0.0878
  0.0793
  0.0736
  0.0736
  0.0736
  0.0680
  0.0623
  0.0566
  0.0566
  0.0566
  0.0623
  0.0736
  0.2633
  0.7929
  0.3398
  0.1727
  0.1246
  0.1048
  0.2124
  1.9255
  0.6513
  0.3398
  0.3115
  0.2832
  0.6513
  2.8600
  1.3026
  0.4248
  0.3398
  0.7929
  1.1327
  1.8972
  1.5008
  0.8778
  0.6513
  0.4814
  0.3398
  0.3115
  0.2633
  0.2180
  1.1044
  1.3026
  0.8778
  0.4248
  0.3398
  0.2633
  0.2180
  0.1756
  0.1303
  0.1756
  0.1303
  0.1303
  0.1303
  0.1303
  0.0510
  0.6796
  1.9539
  0.5380
  0.9911
  1.2743
  0.2322
  0.1841
  0.1841
  1.6990
  0.7646
  0.3681
  0.1727
  0.1586
  0.6513
  0.3681
  0.1444
  0.1048
  0.0963
  0.0736
  0.0680
  0.0510
  0.1444
  0.1444
  0.1586
  0.3964
  0.1586
  0.1048
  0.3681
  0.3398
  0.2152
  0.1812
  0.9061
  1.0477
  0.5380
  0.6513
  0.8495
  0.3964
  0.3115
  0.1586
  0.1048
  0.0878
  0.3681
  0.3964
  0.3681
  0.1727
  0.1586
  0.1586
  1.0477
  1.3309
  0.3115
  0.2152
  0.5663
  0.2322
  0.1841
  0.3398
  0.1727
  0.5380
  2.0388
  1.6424
  0.7079
  0.3115
  0.1841
  0.1982
  2.2653
  0.4531
  1.5857
  0.7079
  1.2176
  0.4814
  0.2010
  0.1444
  0.1133
  0.1048
  0.1246
  0.0963
  4.2192
  3.2564
  0.4531
  0.2322
  0.1727
  0.1727
  0.2322
  0.1727
  0.1331
  0.1727
  0.1586
  0.1246
  0.1048
  0.2492
  0.2039
  0.5663
  3.0016
  1.7556
  1.8689
  0.3398
  0.2010
  3.0582
  0.3398
  0.2010
  0.1586
  0.1246
  0.1133
  0.1048
  0.0963
  0.0878
  0.0878
  0.1048
  0.1444
  0.1133
  0.6796
  0.2690
  0.1727
  0.7646
  0.5663
  0.3398
  0.3398
  1.9539
  2.6335
  0.9345
  0.2662
  0.1841
  0.6230
  0.3115
  0.2010
  0.1586
  0.1444
  0.1331
  0.1246
  0.1246
  0.1133
  0.1246
  0.1586
  0.1586
  1.7556
  1.8123
  1.5291
  0.4814
  0.4248
  0.3964
  0.2322
  0.1841
  0.1586
  0.2010
  0.3115
  0.2832
  0.2832
  2.2087
  0.6230
  0.2662
  0.2322
  0.2322
  0.1841
  0.4248
  0.8495
  1.1044
  0.9911
  2.2370
  0.9061
  0.2775
  0.3115
  0.4814
  0.3681
  0.2350
  0.1727
  0.1246
  0.1048
  0.1048
  0.1133
  0.1133
  0.1133
  0.1246
  0.8212
  0.3681
  3.4263
  0.3681
  0.2010
  0.1472
  0.1133
  0.1133
  0.0963
  0.1869
  0.2350
  0.1246
  0.0963
  0.1472
  0.1586
  0.3398
  0.1727
  3.0865
  0.6796
  0.2350
  0.1841
  1.2459
  0.4814
  1.6707
  0.5097
  0.3115
  0.2549
  0.1727
  0.1359
  0.1133
  0.1133
  0.1727
  0.1246
  0.0963
  0.0878
  0.1557
  0.7079
  0.1727
  0.2605
  0.6230
  0.2350
  0.1472
  0.1359
  0.5663
  1.3309
  0.3964
  0.2180
  0.1586
  1.1044
  0.3115
  0.2832
  0.3681
  0.2775
  0.2010
  0.1472
  0.1133
  0.1133
  1.6141
  0.3964
  0.2832
  0.1727
  0.1359
  0.1472
  0.1472
  0.1359
  0.1133
  0.4814
  2.5202
  0.4248
  0.2549
  0.1727
  0.1472
  0.1246
  0.1472
  0.1359
  0.1472
  0.1246
  0.1133
  0.1727
  0.1586
  0.1472
  0.1246
  0.1133
  0.1048
  0.0963
  0.0878
  0.0878
  0.0963
  0.0793
  0.0680
  2.3786
  8.2685
  2.0954
  0.5663
  1.5857
  1.3026
  1.2176
  0.6796
  0.2775
  0.1841
  0.1472
  1.3026
 11.5533
  9.6844
  3.4547
  0.4248
  0.2180
  0.1727
  0.1359
  0.1246
  0.1048
  0.0963
  0.0963
  0.0878
  0.1048
  0.0878
  0.1388
  0.2350
  0.1472
  0.9628
  0.2180
  0.1472
  1.3026
  1.8123
  1.3592
  1.6990
  0.6230
  0.4248
  0.3115
  0.3115
  1.3309
  0.4531
  0.2775
  0.4814
  0.3115
  0.1727
  0.1359
  0.1359
  0.1246
  2.6901
  3.3414
  0.3398
  0.1841
  0.1246
  0.1048
  0.0878
  0.0793
  0.0793
  0.0793
  0.0793
  0.0736
  0.0736
  0.0680
  0.0623
  0.0623
  0.0566
  0.0736
  0.0878
  0.0793
  0.0736
  0.0623
  0.0510
  0.0481
  0.0425
  0.0481
  0.0963
  1.0477
  0.3964
  1.2176
  0.1841
  0.1133
  0.0963
  0.1841
  2.1238
  0.2549
  0.3115
  0.3398
  0.1841
  0.8212
  1.0760
  1.2743
  1.3875
  0.2549
  0.1586
  0.1133
  0.0963
  0.0878
  0.0963
  0.1586
  0.2775
  0.1472
  0.1472
  0.1246
  0.1048
  0.0963
  0.0878
  0.0736
  0.0680
  0.0623
  0.0566
  3.1715
  1.4442
  0.5663
  0.2775
  0.3115
  0.3964
  0.5663
  0.2010
  0.1246
  0.1048
  0.0963
  0.0963
  0.1246
  0.4248
  1.1327
  0.3115
  0.1841
  0.1359
  0.1048
  0.0963
  0.0878
  0.0878
  0.0736
  0.1586
  0.1472
  0.1246
  0.1841
  0.2010
  0.1841
  0.2010
  0.1359
  0.1048
  0.0878
  0.0793
  0.0736
  0.0793
  0.1246
  0.1133
  0.1246
  0.1586
  0.1246
  0.1048
  0.0878
  0.1586
  0.1472
  0.1048
  0.1048
  0.1246
  0.1472
  0.1133
  0.0878
  0.0963
  0.1472
  0.1359
  0.1048
  0.0963
  0.0736
  0.0793
  0.0878
  0.1586
  0.1586
  0.5380
  0.6796
  3.0016
  1.0194
  0.2775
  0.2775
  0.2775
  0.1841
  0.1841
  0.2775
  0.2350
  0.5663
  0.7646
  0.8212
 15.5459
  6.1731
  6.0032
  3.6529
  6.9093
  0.9345
  1.1327
  0.9911
  1.9539
  1.6990
  1.0194
  2.6335
  2.3786
  1.5008
  0.9911
  0.4248
  1.6424
  0.2775
  2.4919
  0.8212
  0.3398
  1.5574
  1.8972
  0.4531
  1.8972
  1.0760
  1.0760
  2.2937
  0.4531
  1.7840
  0.3398
  0.3398
  0.6230
  0.3115
  0.1841
  0.1472
  0.1246
  0.1048
  0.0963
  0.0878
  0.0736
  0.0878
  0.1048
  0.3964
  0.9345
  1.0194
  0.4531
  0.3681
  0.2010
  0.2775
  1.0194
  0.8212
  0.2350
  0.4531
  0.3681
  0.4248
  0.8778
  0.4531
  0.3398
  0.1586
  0.1727
  1.0194
  0.2775
  0.2010
  0.2010
  1.1327
  1.0760
  3.5396
  3.3697
  0.7362
  0.3681
  0.3964
  1.6707
  0.2775
  0.2180
  0.1841
  0.2010
  2.2937
  0.3964
  1.9822
  0.2549
  0.1841
  0.1472
  0.1472
  0.1246
  0.1841
  0.1359
  0.1133
  0.1472
  0.1133
  0.1133
  0.1246
  0.2549
  0.1841
  2.1804
  1.1327
  0.3115
  0.7079
  2.5202
  0.4248
  0.3115
  0.2010
  0.1586
  0.9345
  0.4248
  0.1841
  0.1359
  0.1133
  0.0963
  0.0878
  0.0963
  0.0963
  0.0878
  0.0793
  0.0878
  0.0963
  0.1133
  0.0963
  0.0963
  0.0793
  0.0680
  0.0623
  0.2010
  0.6513
  0.4814
  0.1472
  0.0963
  0.0878
  0.0793
  0.0680
  0.0623
  1.3592
  0.2180
  0.1727
  0.3398
  0.3681
  0.2549
  0.1727
  0.1246
  0.1472
  0.0793
  0.0680
  0.0623
  0.0963
  0.1048
  0.0878
  0.0680
  0.0623
  0.0566
  0.0623
  0.0736
  0.1246
  0.1048
  0.0878
  1.1044
 14.8380
  3.6529
  0.3681
  0.2010
  0.1472
  0.1133
  0.0963
  0.0878
  0.0878
  0.0793
  0.0680
  0.1246
  0.1359
  0.1359
  0.3115
  0.1841
  0.1841
  0.2010
  0.2549
  0.5947
  0.3115
  0.2350
  0.2010
  0.1472
  0.3115
  0.7079
  0.3115
  0.1841
  0.1472
  0.1133
  0.1048
  0.0963
  0.0878
  0.2407
  0.3115
  0.2775
  0.8778
  2.2937
  0.7646
  1.1327
  0.6796
  0.5663
  2.9450
  0.6796
  0.8778
  0.3398
  0.2180
  0.1841
  0.2010
  0.2180
  0.4248
  0.5947
  0.9345
  0.5947
  0.7362
  0.9628
  0.3398
  0.2180
  0.2350
  0.1841
  0.1472
  0.1246
  0.1048
  0.1048
  2.4919
  3.4830
  4.4174
  1.6990
  1.5008
  1.1327
  1.3026
  0.3681
  0.2605
  0.1586
  0.1359
  0.1133
  0.1048
  0.0963
  0.0878
  0.0793
  0.0793
  0.0793
  0.0736
  0.0680
  0.0680
  0.0680
  0.0623
  0.0623
  0.0736
  0.0793
  0.2180
  0.2350
  0.2350
  0.2180
  0.1472
  0.1246
  0.1586
  0.2549
  0.3964
  0.9911
  1.2176
  2.6618
  2.0671
  0.3115
  0.9911
  0.5663
  1.0194
  0.8778
  0.6230
  0.4531
  1.6707
  0.9061
  2.3220
  0.5947
  0.4248
  0.3681
  1.1044
  0.5663
  0.2775
  1.1044
  2.4919
  0.7362
  0.5663
  0.3681
  0.3115
  0.2549
  0.3398
  6.9659
  2.2937
  3.6529
  0.9628
  0.3115
  0.2350
  0.1841
  0.1727
  0.2180
  0.5097
  2.0954
  0.3115
  0.1841
  0.1727
  0.2549
  0.1586
  0.4814
  0.6230
  0.1841
  0.1246
  0.1841
  0.2775
  0.8212
  0.7362
  0.4248
  4.1626
  0.3681
  0.8212
  0.2549
  0.1727
  0.1359
  0.4531
  0.2350
  0.1841
  0.1472
  0.1133
  0.1048
  0.0963
  0.0878
  0.0878
  0.1472
  0.2010
  0.5663
  0.2350
  0.1472
  0.1359
  0.1133
  0.0963
  0.1133
  0.2180
  0.3115
  0.4814
  0.3115
  0.4814
  0.3115
  4.2475
  0.6796
  1.4158
  0.3398
  1.0477
  0.4814
  0.3115
  0.3398
  0.3115
  0.2180
  0.1727
  0.1359
  0.1359
  0.1586
 16.4238
  0.2549
  0.6796
  1.5291
  0.4248
  8.7216
  6.7960
  2.3786
  0.6796
  0.3964
  3.6529
  0.7362
  0.4248
  9.6277
  0.3681
  0.2180
  0.1727
  0.1472
  0.1246
  0.1048
  0.0963
  0.0878
  0.0878
  0.0793
  0.0736
  0.1133
  1.5857
  1.8972
  1.2176
  2.7467
  1.6707
  0.4531
 16.9901
 16.1689
  0.7362
  1.1610
  0.4248
  0.2350
  0.1586
  0.1246
  0.1048
  0.0963
  0.0963
  0.7929
  6.2580
  0.3964
  0.2350
  0.1841
  0.1359
  0.1472
  0.2010
  0.1586
  0.1246
  0.0963
  0.0878
  0.0793
  0.3964
  0.2549
  0.3681
  1.2459
  1.0760
  0.7079
  0.3681
  0.5380
  0.2775
  0.3115
  0.2350
  0.1841
  0.1472
  0.1133
  0.0963
  0.0878
  0.0793
  0.3398
  1.3026
  1.7556
  1.1044
  0.4531
  0.3398
  0.2350
  0.3681
  0.3964
  0.2549
  0.2010
  0.1586
  0.1841
  0.1472
  0.1133
  0.1048
  1.0760
  0.3964
  0.2010
  0.1444
  0.4248
  0.8778
  0.2237
  0.1444
  0.1019
  0.0934
  1.0477
  3.4263
  0.3964
  9.2313
  0.8212
  0.5380
  0.2407
  0.1756
  0.1444
  0.5380
  0.4814
  0.2407
  0.1756
  0.2407
  5.7483
  0.7079
  0.3115
  0.2067
  0.1614
  0.1303
  0.1133
  0.1019
  0.0934
  0.0821
  0.0821
  0.0793
  0.0793
  0.0934
  0.0934
  0.1019
  0.2577
  0.2407
  0.2803
  0.7929
  0.4814
  0.2803
  0.1614
  0.1218
  0.1218
  0.2237
  0.2407
  0.1444
  0.1133
  0.0934
  0.1218
  1.1327
  1.2176
  0.4814
  0.2577
  0.2237
  0.2803
  0.1756
  0.1444
  0.1303
  0.1133
  0.0934
  0.0821
  0.0821
  0.0821
  0.0793
  0.0708
  0.0623
  0.1133
  0.8212
  0.3681
  0.1614
  0.1133
  0.0934
  0.0793
  0.0708
  0.0708
  0.0793
  0.0934
  0.0793
  0.0793
  1.3592
  0.4248
  0.3115
  0.2180
  0.1529
  0.1303
  0.1104
  0.0963
  0.0934
  0.0821
  0.0453
  0.0934
  0.0821
  0.0821
  0.2067
  0.1218
  0.0708
  0.0566
  0.0453
  0.0396
  0.0368
  0.0311
  0.0311
  0.0311
  0.0311
  0.0311
  0.0311
  0.0368
  0.0793
  0.0623
  0.0793
  0.0623
  0.0623
  0.0566
  0.0566
  0.1756
  0.1926
  0.1019
  0.0708
  0.0566
  0.0566
  0.0623
  0.2662
  0.1614
  0.0821
  0.0623
  0.0566
  0.0453
  0.0453
  0.0396
  0.0396
  0.0396
  0.0368
  0.0368
  0.0368
  0.0311
  0.0311
  0.0481
  0.0793
  0.0566
  0.0481
  0.0566
  0.1218
  0.0934
  0.0566
  0.0453
  0.0396
  0.0368
  0.0368
  0.0368
  0.0368
  0.0396
  0.0481
  0.2577
  0.1756
  0.1133
  0.0934
  0.0708
  0.0481
  0.0453
  0.0623
  1.5857
  2.4069
  0.1218
  0.1019
  0.0934
  0.0793
  0.0566
  0.0453
  0.0821
  0.1444
  0.1756
  0.3115
  0.5380
  0.6513
  0.7929
  2.1521
  0.3964
  0.2067
  0.7079
  0.3964
  1.1327
  1.1327
  0.3115
  0.1614
  0.1614
  0.1756
  0.1926
  0.1303
  0.1133
  0.0906
  0.0708
  0.0623
  0.0481
  0.0566
  0.1756
  0.1926
  1.1327
  1.0194
  0.1926
  0.5380
  0.4248
  0.3398
  0.1614
  0.1133
 12.7992
 13.9319
  0.5663
  0.2577
  0.1756
  0.1444
  0.1444
  0.1444
  0.1614
  0.1926
  0.3115
  0.2407
  0.2577
  0.4248
  0.3681
  0.2577
  0.1444
  0.1303
  0.1926
  0.1614
  0.4248
  0.2577
  0.1756
  0.1303
  0.1303
  0.2067
  0.2067
  0.1756
  0.2407
  1.0477
  1.7840
  3.6246
  2.6335
  2.0671
  0.4248
  0.2577
  0.2067
  0.1756
  0.1444
  0.1218
  0.1218
  0.1303
  0.1019
  0.1019
  0.0906
  0.0821
  0.0821
  0.0821
  0.1019
  0.3115
  0.2407
  0.2577
  0.3115
  0.3681
  0.2577
  0.2067
  0.2407
  0.3681
  0.4248
  0.3398
  0.2067
  0.1303
  0.1019
  0.0821
  0.0793
  0.0708
  0.0821
  0.0793
  0.6513
  0.4531
  1.0760
  3.9077
  7.0792
  0.8495
  0.3964
  0.9628
  5.5784
  6.5978
 12.9691
  3.2848
  2.8317
  2.0954
  1.4158
  0.5947
  0.3681
  0.2832
  0.2010
  0.2010
  0.1869
  0.1388
  0.1133
  0.1019
  0.0821
  0.0736
  0.0623
  0.0821
  0.0821
  0.0821
  0.0906
  0.1388
  1.5291
  0.6513
  0.2464
  0.1699
  0.1133
  0.1246
  0.1869
  0.0906
  0.0623
  0.0566
  0.0510
  0.0425
  0.0821
  0.1416
  0.2237
  0.3964
  0.3115
  5.7200
  6.8527
 44.7406
  4.1059
  0.7646
  0.3964
  0.3115
  0.2237
  0.4248
  0.3398
  0.7362
  0.5380
  0.2237
  0.2010
  0.2237
  0.4531
  0.5380
  0.2832
  0.2010
  0.1699
  0.1246
  0.1246
  0.1557
  0.2464
  0.1699
  0.1246
  0.1019
  0.0906
  0.0821
  0.0736
  0.0623
  0.0623
  0.0566
  0.0566
  0.0566
  0.0566
  0.1019
  0.2832
  0.3398
  0.4248
  0.1699
  0.1133
  0.0736
  0.0566
  0.0566
  0.1218
  0.2010
  0.1246
  0.1869
  1.7840
  0.3681
  0.2464
  0.1557
  0.1388
  0.4531
  0.4248
  0.4248
  0.2464
  2.2370
  0.7079
  0.2690
  0.3681
  8.8632
  0.5663
  0.3681
  0.2690
  0.1699
  0.3115
  0.6230
  0.2690
  0.1557
  0.4814
  0.4531
  0.2832
  0.3964
  0.2010
  0.1388
  0.1557
  0.2690
  0.2010
  1.2176
  6.7394
  4.2475
  0.3964
  0.3398
  0.5380
  0.4814
  0.2464
  0.1869
  0.4248
  1.2743
  0.2464
  0.1557
  0.1557
  0.1699
  0.2464
  0.1699
  0.3115
  0.2690
  0.1557
  0.1019
  0.0736
  0.0510
  0.0425
  0.0368
  0.1133
  0.2690
  0.4814
  0.4531
  0.1869
  0.2832
  1.0194
  0.5097
  0.2832
  0.1699
  0.1019
  0.3681
  0.2690
  0.1388
  0.1246
  0.1388
  0.0821
  0.0906
  0.1133
  0.1869
  0.1557
  0.1133
  0.1133
  0.1246
  0.1019
  0.0736
  0.0566
  0.0510
  0.0821
  0.2832
  0.1869
  0.1557
  0.1557
  0.2237
  0.1869
  0.1246
  0.2152
  1.7273
  3.7378
  0.3964
  0.2464
  0.4248
  0.3398
  0.1869
  0.1869
  0.1699
  0.1699
  1.5291
  1.3592
  0.3964
  0.2237
  0.2464
  6.6828
  2.2937
  1.4725
  0.7362
  0.7929
  0.5380
  0.7646
  1.1327
  0.7929
  0.3115
  0.5947
  0.9061
  0.2832
  0.2010
  0.1699
  0.1557
  0.1388
  0.1388
  0.1388
  0.1133
  0.0906
  0.0821
  0.0736
  0.0623
  0.0566
  0.0425
  0.0425
  0.0425
  0.0821
  0.0736
  0.0623
  0.0623
  0.0510
  0.0425
  0.0368
  0.0425
  0.0340
  0.0340
  0.0283
  0.0283
  0.0244
  0.0283
  0.0283
  0.0244
  0.0215
  0.0368
  0.1133
  0.0736
  0.0736
  0.3681
  0.4531
  0.9061
  0.1699
  0.2690
  0.2464
  0.1699
  0.1246
  0.0821
  0.0906
  0.2832
  0.1869
  0.2464
  0.0906
  0.0566
  0.0368
  0.4531
  0.1388
  1.5857
  0.2010
  0.0906
  0.0510
  0.0425
  0.0510
  0.0340
  0.0244
  0.0215
  0.0181
  0.0181
  0.4814
  1.1893
  0.7362
  0.2010
  0.1388
  0.0623
  1.1044
  0.2237
  0.0736
  0.1133
  0.1019
  0.0736
  3.4263
  1.0194
  0.2464
  0.1557
  0.1019
  0.0821
  0.0736
  0.0736
  1.6141
  0.5663
  0.2832
  0.1557
  0.0906
  0.0736
  0.0566
  0.0510
  0.0510
  0.0510
  0.0736
  0.2237
  0.1699
  0.8212
  0.2464
  0.1388
  0.1246
  0.1019
  0.0821
  0.0566
  0.0566
  0.0566
  0.5097
  0.1557
  0.0906
  0.0906
  0.1133
  0.2237
  0.2237
  0.1246
  0.0821
  0.0736
  0.2690
  0.5380
  0.5947
  0.2690
  0.1246
  0.0821
  0.0623
  0.0566
  0.0566
  0.1869
  0.1699
  0.0906
  0.1133
  0.1699
  0.1246
  0.0821
  0.0623
  0.0566
  0.0566
  0.0425
  0.0425
  0.0425
  0.0510
  0.1388
  0.4248
  0.2464
  0.7362
  0.1869
  0.1019
  0.0821
