  4.5590
  3.5113
  3.5113
  2.0954
  2.8883
  3.4547
  6.3147
  3.4547
  2.9733
  5.6067
  2.8034
  1.9255
  1.8406
  2.9450
  2.4919
  1.8972
  1.7273
  1.7840
  1.5574
  1.5008
  1.5008
  1.5008
  1.4725
  1.3875
  1.4158
  1.5008
  1.4158
  1.3875
  1.3875
  1.3875
  1.6707
  1.5291
  1.4725
  1.8406
  1.5291
  1.4158
  1.4158
  1.6990
  1.8406
  1.4158
  1.3592
  1.3026
  1.2743
  1.3026
  8.7499
  3.2848
  4.8705
  4.2475
  3.5396
  2.4069
  1.7840
  1.5857
  1.5008
  1.3875
  1.3592
  1.3026
  1.3026
  1.2743
  1.2743
  1.2459
  1.2743
  1.4725
  8.9764
  2.9733
  2.8883
  3.8511
  2.5768
  2.8600
  5.4368
  1.7840
  1.5291
  1.5291
  1.7840
  1.7840
  3.3414
  2.6335
  1.9822
  1.4158
  1.9822
  1.5857
  3.1998
  1.5008
  1.9822
  1.5291
  1.8406
  2.8600
  1.4725
  7.6172
  4.1626
  1.8972
  2.7184
  2.1521
  2.3786
  1.6141
  1.3875
  1.4158
  1.3026
  1.8406
  1.9255
  2.0105
  1.8972
  3.4547
  2.9450
  3.8228
  2.9733
  2.2370
  2.4069
  4.5873
  4.5873
  2.0671
  1.7840
  1.5008
  1.3875
  1.3026
  1.2743
  1.3592
  1.5008
  1.6990
  1.5857
  1.6424
  1.4158
  1.6990
  2.8600
  1.9255
  2.8034
  1.6990
  1.4442
  1.6424
  1.7556
  1.5291
  1.4158
  2.3786
  1.8406
  1.7273
  3.4263
  2.1521
  1.9822
  1.6707
  1.7840
  1.5857
  1.4725
  1.4725
  2.5485
  1.5857
  1.9255
  1.3875
  1.7273
  1.9255
  1.6141
  3.8511
  1.5857
  1.6990
  1.6707
  4.6440
  2.7467
  2.0954
  1.5291
  1.5008
  1.9822
  3.5113
  2.9450
  1.5857
  1.6990
  1.8972
  4.5024
  1.8972
  1.4158
  1.2743
  1.2176
  1.2459
  1.3026
  1.7556
  1.3026
  1.5291
  1.3592
  2.7467
  1.7556
  1.5008
  2.0671
  1.8972
  1.5008
  1.3026
  1.2743
  1.3309
  1.2176
  1.1610
  1.4158
  1.5857
  1.3026
  1.1610
  1.5008
  1.8972
  4.8139
  1.6707
  1.3875
  1.1610
  1.1044
  1.0760
  1.0760
  1.0477
  1.0194
  1.0194
  1.2459
  1.1044
  1.1893
  1.2176
  1.6990
  2.4919
  1.7556
  1.3309
  1.6990
  1.3309
  1.4725
  3.1149
  1.6707
  1.2176
  1.1327
  3.9360
  1.8406
  1.3875
  1.2176
  1.1327
  1.0760
  1.0477
  1.0194
  1.0477
  1.0760
  1.0194
  8.0703
 28.6000
  4.3891
  2.0105
  1.5574
  1.3875
  1.3309
  1.4725
  1.2743
  1.1893
  1.1610
  1.1327
 13.4788
  9.5145
  2.2370
  1.6141
  1.5008
  2.2653
  5.0687
  3.7661
  2.8034
  2.4069
  2.1521
  1.7556
  1.5574
  1.3592
  1.3026
  1.2459
  1.2176
  1.2176
  1.3309
  1.8406
  1.5008
  1.2743
  1.3592
  1.4158
  2.2653
  6.7111
  8.5517
  3.9077
  5.3519
  8.0137
  6.0315
  3.5962
 16.7919
  5.6067
  4.7006
  3.2281
  4.6440
  2.6335
  3.5962
  3.0299
  7.1358
  6.1448
  3.1149
  3.5396
  2.6618
  2.0954
  2.3220
  4.8988
  7.6739
  2.6618
  2.6618
  3.5962
  2.8034
  3.5396
  2.2370
  1.8972
  1.7273
  2.9733
  7.0509
  1.9255
  5.7483
  3.0582
  2.8034
  2.5768
  6.5695
  4.3891
  4.4174
  8.2685
  3.2281
  2.0105
  1.7273
  1.9822
  2.2653
  7.9854
 17.7547
 10.3356
 21.7757
  3.5962
  2.5485
  2.6335
  2.8034
  8.7499
  2.8034
  4.0210
  2.5485
  4.2475
  2.1804
  2.1804
  1.9255
  2.4069
  1.8406
  2.1804
  5.2953
  4.1059
  3.1432
  2.9450
  1.7840
  1.8406
  2.0105
 12.7426
  4.4174
  3.0299
  4.0210
  2.1521
  2.2370
  3.8511
  3.8511
  3.0582
  2.6335
  3.2848
  2.4069
  1.9822
  7.5040
  3.4547
  3.6246
 13.4505
  6.3147
  2.7184
  4.9554
  2.4919
  1.8406
  2.8600
  4.2192
  2.3220
  1.6990
  1.5291
  1.6990
  1.6424
  2.7184
  2.5768
  1.9822
  2.5485
  1.9822
  2.2370
  4.4741
  1.5857
  1.4158
  2.0671
  3.2848
  1.8406
  1.9255
  2.2370
  3.3414
  3.1998
  3.1149
  1.7556
  1.5574
  1.4725
  1.6990
  1.5574
  4.5590
  1.9255
  1.5008
  1.4725
  1.4158
  1.3309
  6.4846
  6.8244
  3.5962
  2.0105
  1.9255
  2.0954
  1.7840
  1.6990
  1.7273
  1.7273
  1.6424
  1.6990
  1.7840
  3.5113
  5.7766
  6.7394
 12.1762
  4.1059
  3.9077
  2.5768
  3.6812
  4.3891
  4.7006
  6.2580
  5.2953
  3.2281
  5.6917
  5.2953
 16.2822
  4.5024
  2.4069
  3.1149
  5.4368
  2.6335
  2.8883
  2.8034
  2.4069
  2.1521
  2.1804
  2.4636
  2.2653
  2.2370
  2.0671
  2.3786
  1.9255
  1.8406
  1.6424
  4.3325
  3.7661
 10.9020
  4.1059
  1.9822
  2.6618
  2.5768
  9.5994
  6.7960
  6.6545
  5.6067
  3.2848
  2.6335
  2.8600
  3.5396
  2.0671
  2.9450
  2.1521
  1.8972
  1.6990
  1.6141
  1.5857
  1.5291
  1.7840
  1.6707
  2.0105
  2.6618
  3.1432
  1.8972
  4.3325
  2.2370
  4.9838
  7.4473
  6.6261
  2.4919
  2.1521
  5.4368
  4.3891
  2.2370
  2.4069
  1.9255
  2.4636
  3.5396
  2.2653
  2.4636
  4.0776
  2.3220
  2.2653
  1.9255
  4.8988
  1.9822
  2.5768
  1.7273
  1.8406
  2.0954
  2.8883
  3.4263
  4.9838
  8.1553
  7.4473
  5.1253
  5.4652
  2.7467
  2.9450
  2.2370
  1.7840
  1.6990
  2.0105
  2.6618
  4.2192
  5.9182
  4.0776
  9.9109
  3.1149
  4.7289
  2.2370
  2.4069
 20.2749
  2.8034
  2.3786
  9.4578
  2.4069
  4.2192
  3.7378
  5.5501
  3.1998
  2.5485
  2.7467
  7.3907
  6.6261
  3.8228
  3.2848
  5.3802
  5.9465
  7.6172
  3.6246
  2.1804
  1.9822
  4.5590
  9.3729
  3.7378
  3.4547
  4.3042
  3.9360
  3.2848
  2.9733
  3.0582
  5.0404
  2.2370
  2.3786
  2.1521
  1.8972
  1.7273
  1.7273
  1.6990
  1.6990
  1.7840
  1.7840
  2.3786
  2.0671
  1.7556
  2.9450
  1.6990
  1.5857
  1.9822
  1.7840
  3.9077
  2.2653
  1.9255
  2.3220
  1.7273
  1.7273
  2.1804
  1.8972
  2.0105
  2.3220
  1.7556
  1.6141
  2.5768
  4.1059
  2.2370
  1.7556
  2.1521
  1.6707
  1.5008
  1.5857
  1.9255
  1.9255
  4.2192
  4.3891
  2.7184
  2.0105
  2.8600
  1.9822
  1.5857
  2.8883
  2.2370
  1.6707
  1.5008
  1.4442
  1.4158
  1.3875
  1.5291
  1.4158
  1.3026
  1.4158
  3.2281
  4.0776
  3.1149
  2.4636
  2.5485
  2.0105
  1.9822
  4.3891
  4.5873
  4.3042
  3.3697
  3.4547
  3.1432
  1.9822
  3.9927
  8.6650
  3.5113
  2.7184
  1.9255
  1.6707
  1.6990
  1.9822
  1.5857
  1.5008
  1.6707
  2.3220
  1.5008
  1.3875
  1.3026
  1.3026
  1.3026
  1.4442
  1.3309
  1.2459
  1.3592
  2.3786
  1.3875
  1.3026
  2.0954
  2.8600
  2.4636
  3.2848
  4.0776
  1.6707
  1.4442
  1.4158
  1.5008
  1.4442
  1.3875
  1.2459
  1.2743
  1.3026
  1.3592
  2.8034
  2.1804
  2.6618
  4.0776
  2.3786
  9.2313
  5.2103
  2.5485
  5.2669
  2.4069
  3.4547
  4.8988
  2.8883
  1.8972
  7.7022
  6.0315
  3.5962
  4.0776
  3.9927
  3.9360
  3.9360
  2.8883
  3.9360
  3.5962
  2.8034
 23.2198
  9.2879
 25.2869
  4.7855
  6.2297
  5.3802
  5.2953
  5.2103
  3.4263
  2.4636
  1.7840
  1.6990
  1.8972
  1.7840
  2.4919
 22.9933
 16.9052
  3.4263
  9.8543
 11.3834
  3.4547
 33.6970
 14.5549
  3.1432
  2.3786
  2.0671
  2.3220
  2.7184
  3.1998
  3.8228
  2.0671
  2.0671
  1.6990
  1.7840
  7.4473
  3.4263
  2.3220
  2.0954
  5.9465
  8.3252
  3.7378
  2.1804
  2.0671
  3.1149
  2.4069
  2.3786
  3.7661
  2.5485
  2.0671
  2.1804
  2.1804
 20.3598
  5.7766
  2.3786
  1.9255
  1.6990
  1.6990
  1.8406
  2.2370
  4.3042
  4.8988
  3.0582
  3.5396
  3.9360
  5.9182
  9.8259
  2.9450
  2.0671
  1.9255
  2.0671
  3.3697
  1.9255
  1.6707
  1.5574
  1.5008
 16.8202
  6.7394
  3.8511
  3.1149
  3.1432
  3.5962
  2.9733
  8.0986
 31.9980
 18.6042
  3.0299
  2.1804
  1.9255
  1.6990
  1.5857
  1.5008
  1.4442
  1.4442
  1.4725
  1.4158
  1.3592
  1.3592
  1.3592
  1.5008
  1.6990
  1.4725
  1.4725
  1.3309
  1.3026
  1.5291
  1.5291
  1.3309
  1.7840
  2.1521
  1.6990
  4.1626
  4.4741
  4.2192
  6.3147
  2.9733
  3.1998
  2.5485
  3.0299
  1.9255
  3.3414
  7.5889
  8.4667
 16.4804
  2.7467
  2.0671
  2.9450
  2.0954
  1.7840
  1.5857
  1.5857
  1.5008
  1.5008
  1.5008
  1.3592
  1.4725
  1.3592
  1.3875
  1.3309
  1.3026
  1.3875
  1.3592
  2.2653
  2.1804
  1.7840
  6.0881
  2.0671
  1.6141
  4.0210
  2.1804
  1.6990
  1.5574
  1.5574
  1.3875
  1.3026
  1.2743
  1.2743
  1.2459
  1.2176
  1.2176
  1.2176
  1.2743
  2.3220
  1.5008
  1.4158
  2.0105
  1.9822
  3.0865
  7.6739
  7.5889
  4.2758
  9.7127
  8.4951
  5.2103
  3.6246
  3.7095
  2.1804
  1.6707
  1.6424
  1.5008
  1.4725
  2.0954
  4.5873
  2.0671
  2.2370
  2.0388
  3.7095
  1.6707
  1.7556
  1.5574
  1.3592
  1.3592
  1.3592
  1.6424
  1.3309
  2.2653
  2.0954
  1.3875
  1.5291
  1.8689
  3.3131
  5.2103
  6.9093
 58.3327
 19.7652
  6.0315
  6.5695
  7.8438
  5.6917
  4.3891
  3.5113
  3.0582
  2.6335
  2.1804
  3.0582
  6.3147
  2.5485
  1.9255
  1.8123
  1.6707
  1.6707
  1.6990
  3.3697
  2.3503
  2.7467
  2.1804
  2.1521
  2.6335
  2.4069
  1.9255
  2.7467
  1.9539
  3.1715
 15.9990
  5.0404
  2.9166
  2.0671
  1.8123
  1.7556
  2.8600
  3.1149
  3.0299
  2.5202
  1.8972
  3.2281
  1.8123
  1.6707
  1.6707
  1.5574
  2.0671
  1.6707
  2.2653
  4.7289
  3.1715
  1.7556
  2.3786
  1.9822
  1.5291
  3.3697
  1.8123
  1.6707
  2.2370
  3.2564
  3.3697
  3.3414
  4.2192
  8.8065
 10.9869
  6.9093
  4.4741
  3.7661
  3.0582
 20.8412
  4.2758
  7.3057
 15.3194
 13.3656
  3.9927
  3.2281
  4.9838
  2.6335
  3.1715
  3.3697
  2.3503
  1.9255
  1.8123
  1.6707
  1.6424
  1.6424
  1.6141
  1.5574
  5.5501
  2.3503
  2.0388
  1.6424
  1.5574
  1.6141
  2.1521
  3.5962
  1.9255
  2.1804
  4.1909
 11.6665
  4.3325
  6.4846
  3.5962
  2.5485
  9.8259
  7.8721
  6.7111
  6.0032
  3.2564
  2.8034
  2.3503
  2.7751
  1.9255
  1.9255
  1.8123
  1.6707
  1.6707
  1.6424
  1.5574
  1.5574
  1.5291
  1.5291
  1.5291
  1.4725
  1.4725
  1.4442
  1.4442
  1.4442
  1.6707
  1.8689
  3.7945
  4.6440
  2.2370
  1.8123
  1.8123
  1.9255
  2.6618
  5.8616
 10.1941
  3.3414
  2.8034
  2.4919
  2.4636
  4.2758
 12.0913
  3.2564
  2.8034
  2.3503
  7.3624
  3.6812
  3.6246
  2.2937
  1.9539
  1.7556
  1.7840
  1.5857
  1.5574
  1.5574
  3.5679
  4.1626
  2.5768
  1.7840
  1.6141
  1.5574
  1.5008
  1.5857
  1.6141
  1.6424
  1.5008
  1.5008
  1.6424
  1.5008
  1.5574
  5.9182
 12.8842
  3.0016
  5.2953
  4.7289
  2.1238
  2.7467
  2.4352
  6.9093
  6.6545
  2.5202
  2.1804
  3.2848
  5.4652
  2.3220
  1.8123
  1.6424
  1.5857
  2.0671
  1.8972
  2.8600
  3.1432
  2.2087
  2.4352
  2.7467
  1.7840
  2.0388
  3.6812
  2.7751
  2.2653
  2.7184
  4.0776
  3.8511
  3.1149
  7.1358
  4.7289
  3.2281
  2.1521
  1.8123
  1.8123
  1.6990
  4.2475
  3.5113
  2.2087
  1.8123
  1.8689
  1.6707
  5.1820
  5.1820
  2.4069
  2.4636
  4.4741
  2.0388
  2.8600
  2.3220
  1.9822
  3.3131
  5.6634
  5.6067
  3.1715
  2.3503
  1.9822
  3.3980
  7.7022
  2.9166
  5.7483
  5.6634
  6.6261
  3.6246
  2.4636
  1.9255
  1.6424
  1.5008
  1.6990
  1.6424
 17.1600
  9.5428
  2.7467
  2.0671
  1.9255
  2.0105
  1.6990
  1.4442
  2.2370
  2.0388
  1.9255
  1.6707
  1.4158
  3.1998
  2.3220
  3.3414
  9.1463
  7.3057
  8.1836
  2.8034
  2.8883
  8.7499
  2.6618
  2.1238
  2.7751
  2.0671
  1.8123
  1.8689
  1.8123
  1.9539
  1.8406
  2.1521
  1.8123
  1.5574
  6.3996
  2.0105
  2.0105
  4.0493
  3.8511
  2.2087
  2.6618
  7.5040
  8.8349
  4.5024
  2.4352
  2.1521
  4.2192
  2.2087
  2.0671
  2.4069
  1.6990
  1.8972
  1.9539
  1.6990
  1.5291
  1.9255
  1.9539
  1.6990
  6.8244
  7.0226
  8.9481
  3.3414
  4.5590
  2.6618
  2.0954
  2.8034
  2.0105
  2.8034
  2.6901
  1.9255
  2.6618
  8.2685
  3.2564
  2.3220
  3.1715
  1.9822
  1.8972
  3.0299
  2.6051
  3.1149
  3.2564
  8.1836
  4.1909
  2.9166
  3.9927
  6.8244
  3.6812
  2.2370
  1.8123
  1.6424
  1.5857
  2.6335
  1.7556
  1.8689
  2.0671
  1.8689
  3.4547
  2.6335
  8.4101
  2.9733
  2.2087
  1.8406
  1.7556
  1.6424
  1.7840
  4.3325
  1.8123
  1.6424
  2.0388
  2.3503
  2.8317
  2.7751
  2.0671
 16.9901
  3.4263
  2.4352
  1.9539
  5.0687
  2.3786
  8.6366
  3.0865
  3.1715
  2.1521
  1.8972
  1.5857
  1.4158
  3.2564
  1.6141
  1.3592
  1.5291
  1.9539
  2.6335
  2.6051
  1.5857
  3.5962
  2.8317
  1.7556
  1.5291
  2.0105
  3.1715
  4.5590
  3.0016
  1.6424
  1.8972
  5.9182
  1.8689
  2.5485
  2.0105
  2.1804
  1.5574
  1.3592
  1.6424
  1.4725
  6.6545
  4.2192
  1.8123
  1.5008
  1.7273
  2.0388
  1.5008
  1.5291
  1.4158
  2.9733
  6.7111
  3.2281
  1.9822
  1.6141
  1.5008
  1.3875
  1.3309
  1.3592
  1.3309
  1.2459
  1.4442
  1.8689
  1.6707
  1.6424
  1.6707
  1.5008
  1.4158
  1.3592
  1.3309
  1.3309
  1.3309
  1.3026
  1.3026
 10.7887
 34.5466
  9.9392
  3.4830
 13.4788
  6.3430
  4.7006
  6.2580
  2.4069
  2.0388
  1.6990
  5.9465
 24.7489
 26.7594
 10.7887
  3.3697
  2.6901
  2.1521
  1.8689
  1.6990
  1.6424
  1.5857
  1.5291
  1.5291
  2.2937
  2.0388
  2.2087
  1.7840
  4.2758
  5.7483
  3.0582
  1.8689
  8.8915
  6.8244
  6.4846
  6.8810
  7.1925
  4.5024
  4.1059
  3.1998
  5.5501
  3.1715
  2.4919
  3.5679
  2.1521
  1.9539
  2.4919
  2.0388
  1.6141
  6.5412
  7.5040
  2.8600
  2.1521
  1.7840
  1.6424
  2.4069
  1.7556
  1.5574
  2.0671
  1.5857
  1.6141
  1.4725
  1.4442
  1.5574
  2.0954
  2.2370
  2.0388
  2.4636
  1.7556
  1.5008
  1.4158
  1.3875
  1.3875
  1.3592
  1.5574
  2.4069
  3.4830
  2.6618
  3.2564
  1.5291
  1.6990
  1.8123
  1.4442
  4.1909
  1.8689
  1.7556
  1.6707
  1.5008
  2.9450
  3.6529
  6.6261
  4.5590
  2.5768
  2.0954
  1.6990
  1.6424
  1.8972
  1.5291
  1.8689
  1.4158
  1.1327
  1.7840
  1.3309
  1.4442
  1.6990
  1.6424
  1.6424
  1.6141
  1.6424
  1.6990
 12.1762
  5.8333
  3.9360
  3.2281
  3.7661
  3.5113
  3.1149
  2.2937
  1.7840
  1.9255
  2.0954
  1.8972
  2.4069
  3.0582
  3.7945
  2.4352
  1.7840
  1.5574
  1.4725
  1.4725
  1.6424
  1.6707
  1.3875
  2.1238
  1.4442
  1.8972
  2.2937
  1.7556
  2.2937
  1.7273
  1.6990
  1.5291
  1.4158
  1.4158
  1.5857
  1.9822
  1.5857
  1.5008
  2.3786
  2.0105
  2.7751
  1.8406
  1.9255
  1.9822
  1.6141
  1.3875
  1.5008
  2.3220
  2.1521
  1.3875
  1.3309
  1.8123
  1.8972
  1.4158
  1.3309
  1.4442
  1.3309
  1.5857
  1.8972
  2.0671
  1.4158
  4.8139
  4.2192
  9.2313
  4.9554
  4.1059
  3.5113
  2.7184
  2.0954
  1.9822
  1.9255
  1.7840
  2.6618
  2.7751
  3.5113
 36.8119
 26.7311
 30.8654
 23.4463
 23.6446
  5.9465
  4.5873
  4.4741
  7.5889
  6.9093
  6.1448
  9.2313
 12.7426
  9.5428
  6.1731
  6.7394
  7.3057
  3.3980
 12.0063
  4.5590
  4.0493
 13.4788
 11.1568
  4.3325
  9.5428
  6.1448
  7.7588
 12.5160
  3.9644
 10.1941
  3.3697
  4.5590
  4.1626
  3.2281
  2.4069
  2.2087
  2.8317
  2.3220
  1.9255
  1.7840
  1.7273
  2.1804
  2.6618
  4.2758
  6.0032
  7.4473
  5.1820
  4.1909
  3.1715
  5.4652
  6.2297
  4.1626
  2.8034
  4.3891
  2.9733
  3.8794
  4.8139
  4.9838
  3.1715
  2.4069
  2.8883
  6.6261
  4.3042
  3.0016
  3.7095
  4.6440
  4.4174
 11.6665
 13.5921
  4.7855
  4.4174
  3.9927
 11.3834
  3.9927
  3.0016
  2.7467
  3.1149
  9.4295
  4.9554
  9.3446
  2.8317
  3.1432
  3.1432
  2.5202
  1.8123
  2.6901
  1.8406
  2.6618
  1.9255
  1.6990
  1.6990
  2.9450
  2.2653
  2.4069
  7.3057
  4.3608
  3.1998
  6.0315
  9.9392
  3.6529
  3.3131
  2.2937
  2.3503
  4.8988
  2.1804
  2.0954
  1.8972
  1.7840
  2.7467
  3.7945
  1.9255
  2.0105
  2.7184
  2.3786
  2.0671
  2.3220
  1.7840
  2.1238
  1.9255
  1.6707
  1.7273
  2.1521
  4.0493
  4.6440
  3.0299
  1.8406
  2.1804
  1.5574
  1.4725
  1.4725
  2.6901
  7.3057
  2.0105
  2.4352
  3.9077
  2.8317
  2.3786
  1.6424
  1.5857
  1.4725
  1.4158
  1.4158
  1.4725
  2.6618
  1.5291
  1.4158
  1.3875
  1.3309
  1.3026
  1.9255
  2.1804
  1.7840
  1.4158
  1.5574
  3.7945
 31.4317
 12.3461
  2.9166
  2.1521
  1.8689
  1.6424
  1.5291
  1.4725
  1.4158
  1.4158
  1.3592
  2.6335
  1.5574
  2.7751
  2.6901
  1.9539
  1.8406
  2.6051
  3.8228
  4.7855
  1.9255
  2.3220
  1.6424
  2.5768
  2.2937
  3.9927
  2.1238
  1.6990
  1.5574
  1.5008
  1.5008
  1.4725
  1.5008
  3.4547
  2.3503
  4.0210
  5.0404
  6.9659
  4.1909
  6.6261
  3.7095
  6.2297
 17.8396
  5.4368
  4.7006
  2.7467
  2.6051
  1.9822
  3.0299
  2.6618
  4.3891
  3.7945
  4.8139
  3.6529
  3.5679
  3.4263
  2.2653
  2.6335
  3.4547
  1.6990
  1.5857
  1.5291
  1.5574
  2.0388
 12.7143
 11.3551
 22.0871
  8.7216
 10.9020
  6.8244
  8.0137
  3.5113
  2.6051
  2.5202
  1.8406
  1.6990
  1.5857
  1.5574
  1.5008
  1.4442
  1.4158
  1.4725
  1.4158
  1.4158
  1.4158
  1.3875
  1.3592
  1.4158
  1.6990
  2.0671
  3.5113
  2.0954
  3.0299
  1.8972
  1.6990
  1.9822
  2.2087
  2.7751
  2.5202
  4.7855
  4.2475
  7.6739
  6.3996
  2.6335
  4.2192
  3.5396
  3.9644
  3.9644
  3.7095
  3.1715
  6.3147
  5.5218
  8.9481
  4.8988
  3.2848
  2.4919
  6.7394
  3.2848
  2.8317
  4.7289
  7.4473
  4.1343
  4.4174
  3.0865
  2.5485
  3.0582
  2.7751
 20.6430
  9.8259
 15.8008
  5.7483
  3.2848
  2.6051
  2.4069
  2.4919
  2.4352
  3.4263
  6.3147
  2.2653
  1.8689
  2.4352
  2.6051
  1.7273
  4.9554
  2.9450
  2.2653
  1.6424
  3.0016
  3.1715
  3.6529
  3.4263
  3.0865
 13.3656
  3.4263
  4.5873
  2.7467
  2.3220
  2.1521
  3.4547
  2.3786
  2.1238
  1.8123
  1.6990
  1.5574
  1.5291
  1.5008
  1.8972
  2.5768
  1.9539
  3.0865
  1.8689
  2.0671
  1.9539
  1.5857
  1.5008
  3.1998
  2.6051
  2.2370
  2.7184
  2.3220
  2.6618
  2.6051
 13.4788
  3.9360
  5.4652
  2.9733
  5.1253
  2.7184
  2.8317
  2.4069
  2.2937
  1.8689
  1.6707
  1.5857
  1.8123
  2.6901
 21.6058
  2.4069
  2.3503
  3.3697
  2.4919
 16.8768
 25.4852
 12.3178
  5.2669
  6.4846
 18.4060
  6.8810
  5.3802
 19.9351
  4.0776
  2.9166
  2.4069
  2.1804
  1.9822
  1.8406
  1.7556
  1.6990
  1.6707
  1.6424
  1.6141
  3.1998
  9.2879
 10.2507
 10.8737
 14.0168
  8.3252
  4.6440
 41.9089
 44.1743
  6.6545
  5.8616
  3.4830
  2.8034
  2.5202
  2.1804
  1.9822
  2.4069
  2.0671
  4.1909
 13.9602
  3.2281
  2.6051
  2.3220
  2.1238
  2.4069
  2.2653
  1.9539
  2.1238
  2.0954
  1.8972
  1.8406
  4.5024
  2.4352
  3.9644
  5.2103
  5.8333
  3.6246
  4.3325
  3.5396
  3.1998
  3.0582
  2.8034
  2.2653
  1.9822
  1.8689
  1.7840
  1.7273
  1.7273
  3.3414
  4.1909
  9.1463
  5.2953
  3.7378
  3.0299
  2.6335
  3.2564
  3.3414
  2.2937
  2.5768
  2.1521
  2.3786
  1.9255
  1.8406
  2.3220
  6.3996
  2.8317
  2.1521
  2.2653
  4.0776
  3.5962
  2.1521
  1.9822
  1.7840
  1.7840
  4.7289
  9.9392
  3.5396
 15.2345
  5.8333
  3.1149
  2.4919
  2.2653
  2.2653
  3.9360
  3.0582
  2.2653
  2.6618
  4.8988
 23.8428
  4.4741
  2.7184
  2.1521
  1.9822
  2.0105
  1.6990
  1.6141
  1.6141
  1.7840
  1.6990
  1.6707
  1.6707
  1.9255
  1.9822
  1.6990
  2.6335
  1.8972
  3.3697
  3.9927
  3.5962
  1.8972
  1.8972
  2.3786
  2.3220
  2.5768
  2.1521
  1.7840
  1.7556
  2.1521
  2.2653
  4.7855
  5.3519
  2.8883
  2.3786
  2.2653
  1.9255
  1.6990
  2.3220
  1.6707
  1.5857
  1.7556
  1.5857
  1.5008
  1.6990
  1.5291
  1.5291
  1.5008
  1.6141
  3.6246
  1.9255
  2.3220
  1.9255
  1.5008
  1.5008
  1.6707
  3.1432
  2.1521
  1.6990
  1.4442
  1.5857
  3.7661
  2.1521
  2.3786
  1.5857
  1.5008
  1.4442
  1.4442
  1.4158
  1.3592
  1.3592
  1.3026
  2.0105
  1.5291
  1.4442
  2.5768
  1.4442
  1.3026
  1.3026
  1.3026
  1.3026
  1.3026
  1.2743
  1.2743
  1.3026
  1.2743
  1.2743
  1.3026
  1.4442
  2.0671
  1.5008
  1.5008
  1.3592
  1.4158
  1.4442
  1.5008
  2.7467
  2.0105
  1.4442
  2.1521
  1.4442
  1.4442
  1.9255
  3.2281
  1.5291
  1.3026
  1.3592
  1.3026
  1.3026
  1.6990
  1.3026
  1.3026
  1.8406
  1.4442
  1.5008
  1.2743
  1.2176
  1.2176
  1.5857
  1.5291
  1.4158
  1.2743
  1.8972
  1.5291
  1.2743
  1.1893
  1.1893
  1.1893
  1.1893
  1.1893
  1.2176
  1.6707
  1.3026
  2.7184
  3.1432
  1.6141
  1.7840
  1.3026
  1.2176
  1.1893
  1.2176
  3.1432
  7.5889
  1.5857
  1.8406
  1.8972
  1.4442
  1.3026
  1.1893
  1.2176
  2.3220
  1.5857
  2.5768
  3.2848
  3.9077
  2.4069
  3.5962
  8.1836
  2.1521
  2.3786
  3.3414
  1.9822
  3.8511
  3.6246
  1.8972
  1.6707
  2.4636
  2.9450
  2.0105
  1.7556
  1.6990
  1.4442
  1.3592
  1.4442
  1.2743
  6.0032
  2.3786
  2.0105
  6.0881
  3.5113
  2.4919
  3.8228
  2.6335
  2.2653
  1.6707
  1.8972
 32.8475
 49.5545
  4.5873
  2.4919
  2.2653
  2.2653
  1.8406
  1.5857
  2.3220
  2.8883
  2.3220
  2.1521
  2.3786
  2.7184
  4.3042
  2.1521
  1.5008
  2.3220
  1.6990
  2.2370
  3.2281
  1.6990
  1.8406
  1.4442
  1.7840
  2.4069
  1.6990
  1.5857
  1.6990
  3.6812
  7.7588
 21.0394
 11.0436
 15.9141
  3.7095
  2.2653
  2.0671
  1.9822
  1.6141
  1.5008
  1.4158
  1.3592
  1.4158
  1.4158
  1.4442
  1.3592
  1.2743
  1.5291
  3.1432
  3.1149
  1.5857
  2.4919
  1.7840
  1.5008
  2.1804
  1.6141
  2.5485
  1.6141
  2.1804
  2.2370
  1.5291
  1.3026
  1.2743
  1.2743
  1.2176
  1.2176
  1.2743
  1.2176
  3.6529
  4.0493
  6.6545
 11.7798
 25.2869
  4.0776
  2.9450
  4.5024
 11.8081
 17.0467
 41.0594
 13.9885
  8.8349
 12.2612
  7.9287
  3.5962
  2.6901
  2.0388
  1.8406
  1.7273
  1.6707
  1.5857
  1.5857
  1.7273
  1.7840
  1.8972
  1.5857
  1.7556
  1.5574
  1.5574
  1.8406
  3.1998
  6.7960
  2.1521
  1.6707
  1.8406
  1.5857
  1.6424
  1.5857
  1.4725
  1.5857
  1.5008
  1.4158
  1.6707
  1.5291
  1.8689
  1.5574
  2.0671
  1.7556
 14.7814
 30.0159
 76.1723
 19.3970
  3.8794
  3.3131
  3.1149
  3.4263
  4.8422
  3.3980
  5.2953
  2.5485
  2.2937
  2.1804
  2.0671
  1.7840
  2.1804
  2.0671
  1.9539
  2.0105
  2.0105
  2.0671
  2.4636
  2.1521
  1.8406
  1.7556
  1.7273
  1.6990
  1.6707
  1.6707
  1.6424
  1.6424
  1.6424
  1.6424
  1.6141
  1.6141
  2.8034
  2.1238
  3.2281
  2.1804
  1.7273
  1.6424
  1.6141
  1.5857
  1.8689
  2.6051
  1.8123
  2.2937
  1.8689
 12.2329
  3.1715
  3.3697
  2.1238
  2.2653
  3.0582
  3.2281
  3.2564
  4.2758
 11.4400
  3.7095
  2.5202
  3.1432
 20.9828
  3.9077
  3.9360
  2.3220
  2.3786
  3.4547
  3.4547
  2.0671
  1.7840
  6.7111
  2.1804
  2.8600
  2.5485
  2.6618
  2.3220
  2.6901
  2.4352
  1.9822
  6.0881
 17.6697
 14.9230
  3.4830
  3.5113
  3.7945
  4.7006
  2.9166
  2.2653
  3.6812
  6.0598
  2.2653
  1.8406
  2.3786
  3.0865
  2.4352
  2.3786
  3.0865
  2.0671
  1.9255
  1.6707
  1.5857
  1.5574
  1.5291
  1.5291
  2.6051
  2.0954
  3.0865
  3.3980
  2.0954
  2.6901
  3.7095
  2.7467
  2.6618
  1.8972
  1.7556
  2.3220
  2.7751
  2.0954
  2.4352
  1.6990
  1.6424
  2.3786
  1.9822
  2.1804
  1.9822
  1.7840
  1.5857
  1.5857
  1.5291
  1.4725
  1.4442
  1.4442
  2.7751
  2.6051
  2.1521
  1.9255
  2.0388
  6.5412
  1.8123
  1.6141
  2.0388
  7.9854
  9.6844
  2.8034
  2.1804
  2.4352
  1.9539
  2.7751
  1.9539
  1.6990
  1.7840
  8.0703
  8.8349
  3.3697
  2.7184
  4.2475
 25.2303
 13.2240
 10.7321
  4.8139
  5.1537
  3.5113
  4.2475
  6.7960
  4.0210
  2.4352
  5.0970
  4.0210
  2.4636
  2.1238
  1.9539
  1.8689
  1.9539
  2.0954
  1.7273
  1.6424
  1.5857
  1.5857
  1.5857
  1.5857
  1.5574
  1.5291
  1.5857
  1.8689
  2.0388
  1.8123
  1.5857
  1.5008
  1.5008
  1.5008
  1.6141
  1.5857
  1.4725
  1.4725
  1.4725
  1.4725
  1.4442
  2.0105
  1.5857
  1.8972
  1.6707
  2.7751
  2.2087
  1.9255
  2.8317
  2.9166
  3.5396
  3.9077
  1.7840
  2.6901
  2.2937
  2.1804
  2.2653
  1.6707
  2.6335
  2.2087
  2.4919
  2.1804
  1.5857
  1.6424
  1.7840
  3.3980
  1.7273
  8.8915
  2.4352
  1.8123
  1.6141
  1.7273
  1.7840
  1.5291
  1.5008
  1.4725
  1.4725
  1.5008
  3.5679
  5.4652
  3.3980
  3.1149
  1.9539
  1.6707
 10.1374
  2.1804
  2.0105
  3.2564
  2.0671
  2.0388
 12.6576
  4.0493
  2.3503
  1.8689
  1.6707
  1.5574
  1.6707
  1.8689
  9.1463
  3.9077
  1.8689
  1.5008
  1.3875
  1.3875
  1.3875
  1.3875
  1.3592
  2.3786
  2.1238
  2.0671
  1.9822
  3.1715
  1.5574
  1.8689
  1.3875
  1.6707
  1.3875
  1.2743
  1.3026
  3.6529
  2.2370
  1.4725
  1.2459
  1.9255
  2.0671
  1.8689
  1.3875
  1.2743
  1.2459
  1.2176
  3.5679
  1.9255
  1.8123
  1.3875
  1.2459
  1.1610
  1.1893
  1.2176
  2.8883
  2.8883
  1.4442
  1.2743
  2.4636
  1.4725
  1.3875
  1.2459
  1.2176
  1.1610
  1.3026
  1.1610
  1.3026
  1.1893
  1.4442
  3.1149
  1.5857
  5.2386
  2.0388
  1.4158
  1.3026
  1.5008
 18.8024
 12.9691
  4.3042
  3.2281
  5.6067
  4.3891
  5.6634
  3.4263
  3.6529
  4.2758
  4.3608
  4.7855
  3.0016
  3.7661
  2.6901
  2.4919
  3.0582
  4.6723
  2.5485
  9.7410
  3.3697
  3.0016
  2.0671
  2.4919
  1.8689
  1.7273
  2.3786
  6.5129
  4.3891
  5.1253
  1.9539
  5.1537
  3.4830
  2.3220
  5.0687
  2.0671
  1.8123
  2.3220
  8.4951
 19.1988
 23.7862
 18.6891
 11.3267
  9.9958
  5.6634
  3.5113
  3.0016
  2.6051
  2.2937
  2.1804
  2.0671
  2.0105
  1.9539
  3.1715
  2.9733
  2.4919
  2.0105
  1.8972
  1.8689
  1.8123
  1.7840
  1.7840
  1.7556
  1.7273
  1.7273
  1.7273
  1.6990
  1.6990
  1.6707
  3.3697
  6.0315
  3.5113
  2.2937
  2.0388
  1.8972
  1.8123
  1.8123
  1.8689
  1.8123
  1.9539
  1.8972
  1.8689
  3.7095
  2.1804
  9.7693
  3.2848
  4.1626
  3.9644
  5.0404
  4.8139
  6.7677
  5.0687
  3.8511
  4.1343
  4.5307
  2.6901
  2.8600
  9.1747
 10.3356
  5.1537
  6.2297
  6.0598
  6.2580
  4.5873
  3.8794
 12.8558
  7.2491
  3.6246
  3.5679
 25.7117
 15.7442
  3.9927
  4.1626
  3.2281
  4.4741
  6.2297
  2.9450
  2.2937
  2.0671
  1.9539
  1.8972
  3.3131
  2.2087
  3.4547
  2.6335
  2.4636
  2.0388
  1.8689
  1.9822
  3.6812
  2.8883
  3.0299
 10.5056
  3.0016
  4.9271
  5.5218
  4.7289
  7.5889
  4.1343
  3.0865
  3.0582
  3.2281
  3.1432
  2.3503
  2.0388
  2.6051
  2.3503
  4.1059
  5.4368
  3.4547
  2.7751
  3.4830
  5.7766
  4.6156
  2.8600
  2.4352
  3.3697
  4.4457
  2.8883
  2.2937
  2.2653
  1.9822
  2.6335
  7.3624
  2.2370
  2.4352
  2.2937
  2.9450
  2.2653
 10.5339
 10.2507
  3.3414
  5.9465
 17.1317
 10.4206
  3.0016
  3.5113
  2.7184
  3.0865
  2.7184
  4.5307
  2.6335
  6.6545
  4.4457
 15.1212
 18.9723
  3.1432
  2.1521
  1.7556
  1.8123
  1.5574
  1.3875
  3.3414
  1.8972
  3.2848
  2.2370
  4.8422
  7.0509
  3.7661
  3.2281
  3.2564
 11.2701
 11.1568
  4.4457
 10.4489
 15.5176
 10.2224
  6.9093
 16.1123
 21.9172
  6.7677
  8.3818
  4.7572
  8.3252
  4.0210
  7.0509
  2.7184
  2.2087
  1.9822
  1.8689
  2.2653
  2.9166
  6.7677
  3.4830
  2.6618
  2.9733
  1.8689
  2.0671
  2.1521
  2.8034
  2.3220
  2.1804
  1.7556
  2.1238
  2.3503
  1.6424
  1.5857
  3.8794
  6.0598
  2.8600
  2.1238
  1.6707
  1.5857
  3.0016
  1.6707
  1.5574
  1.5008
  1.4725
  1.4725
  1.6707
  3.3131
  1.9822
  1.5857
  1.5857
  1.5574
  2.0388
  2.2937
  2.0954
  1.5857
  3.1149
  2.0954
  1.8689
  1.7840
  5.2386
  7.8438
  2.8317
  2.4069
  6.8527
  7.0792
  2.8883
  4.1626
  3.8228
  5.2953
  6.6545
  3.1149
  2.2937
  2.1238
  2.3786
  3.1149
  3.1998
  2.2937
  7.5040
  4.3042
  9.1180
  7.5889
  6.0598
  6.6828
  3.6246
  3.0299
  2.1521
  5.3802
  2.9733
  2.2370
  1.8972
  1.7556
  1.6424
  2.5768
  3.0865
  4.8705
 21.6907
  2.3503
  1.8689
  1.5857
  3.1715
  1.6424
  1.4725
  2.0105
  1.9539
  1.5291
  1.7273
  1.9539
  3.1149
  2.1804
  1.5857
  1.5857
  1.3875
  1.7556
  3.7945
  3.2848
  1.7273
  2.0671
  4.3325
  1.9539
  1.6707
  1.4442
  1.4442
  1.5574
  1.4725
  2.0105
  4.8422
  9.4861
 13.2240
  3.7095
  2.3220
  4.0210
  2.2937
  7.8721
  3.0582
  1.8123
  1.6707
  2.0954
  2.6618
  2.9733
  2.1521
  1.6424
  1.6707
  1.3875
  1.3592
  1.3026
  1.2743
  2.1521
  1.4725
  2.1238
 11.6099
  8.0137
 11.2984
  5.4368
  2.4352
  2.0105
  1.7840
  1.5008
  1.3875
  1.3309
  1.3592
  1.3592
  1.3592
  5.4652
  4.9271
  6.7960
 19.5953
 30.0159
 35.9624
 16.5370
  3.5113
  2.7751
  2.1238
  1.8689
  1.7556
  1.7273
  1.8123
  2.0954
  7.0792
  2.6901
  3.1715
 11.3267
 42.4753
 16.9901
 16.9901
 56.6337
 42.4753
 31.1485
  9.9109
 11.8931
 13.3089
  7.0792
 18.1228
 12.7426
  3.3980
  2.8317
  3.1149
  2.8317
  3.6812
  3.3697
  2.2087
  2.4352
  2.0388
  1.8406
  1.7273
  1.6990
  2.0954
  1.7556
  1.6424
  2.4919
  1.7273
  3.4547
  4.4741
  1.9539
  1.7273
  2.3220
  3.8794
  2.5768
  2.2087
  2.1238
  2.0671
  2.7751
  3.8794
  8.3535
  2.2087
  2.2370
  1.8123
  1.7556
  1.6707
  1.8972
  3.3131
  3.5396
  4.3325
  2.3220
  2.4636
  2.0671
  1.8123
  1.6990
  1.8972
  1.9822
  2.2653
  1.7273
  2.4352
  2.8317
  1.7840
  1.6707
  2.2370
  3.1715
  2.1804
  2.2370
  1.7840
  2.6051
  1.8123
  1.6424
  1.6424
  2.0388
  1.8406
  1.8689
  1.8406
  2.7751
  2.5485
  5.2386
  5.0687
 14.0168
  3.7095
  2.3503
  2.1238
  1.9539
  1.7273
  1.6424
  1.6141
  1.5857
  1.6141
  1.5857
  1.5574
  1.5291
  1.5008
  1.5008
  1.4725
  1.4725
  1.4725
  1.4725
  1.6141
  6.4279
  2.1521
  1.5857
  1.5857
  1.8972
  2.9166
  1.8123
  1.6141
  1.7556
  2.7467
  1.9539
  1.6141
  1.5574
  2.0105
  1.7556
  2.4919
  1.7556
  1.5574
  1.9539
  2.1804
  2.4636
  1.6424
  1.7556
  1.4725
  1.4158
  1.3875
  1.3875
  1.3875
  1.3875
  1.5574
  1.6424
  1.4725
  1.4725
  1.5857
  1.7840
  2.3503
  1.6990
  3.2564
  2.2653
  3.0582
  5.3802
  2.0671
  2.0671
  2.2370
  1.6424
  1.5857
  1.5857
  1.4442
  1.4442
  1.4158
  1.3875
  1.5008
  1.4725
 12.5727
  3.0865
  1.6707
  3.7661
  2.0954
  4.5307
  1.8406
  2.4636
  3.1432
  2.1804
  1.2743
  1.3309
  2.6335
  2.0388
  1.6424
  3.0299
  1.9539
  1.6141
  9.8826
  4.9554
  2.1804
  2.1521
  1.8689
 23.5879
 21.2093
  9.4861
  9.9675
 23.1632
  7.6455
  4.5307
  3.1998
  3.8794
  2.3220
  2.0671
  1.9255
  1.9822
  1.9539
  2.5485
  3.0582
  2.1238
  1.9255
  2.0388
  2.3220
  1.7556
  1.5857
  1.5291
  1.7556
  1.6707
  1.7556
  1.6990
  1.5574
  1.7840
  3.8794
  4.8139
  2.7751
  1.8972
  1.6141
  1.5291
  1.4725
  1.9255
  7.4190
  2.0671
  3.7095
  2.2370
  1.6990
  1.5574
  1.4725
  1.6424
  3.5396
  2.8034
  2.1521
  2.0388
  1.6707
  1.5574
  1.5857
  1.5574
  1.4725
  2.2370
  1.5291
  1.6141
  1.6707
  1.5008
  1.3875
  1.3875
  1.3875
  1.3875
  1.7840
  2.0671
  3.4547
  3.0299
  1.7273
  1.6424
  2.2087
  2.5485
  2.9450
  3.4263
  3.4263
  2.4919
  4.1059
  2.6051
  2.2087
  1.7556
  3.5962
  2.7751
  2.7751
  1.6990
  1.5574
  2.8600
  3.5396
  2.7184
  7.9287
  7.1358
  2.3220
  2.6051
  2.3220
  7.6172
  3.3131
  5.2386
  2.5768
  2.3220
  2.1804
  1.8123
  1.6141
  1.5574
  1.6707
  1.6424
  1.5291
  1.4158
  2.1804
  2.4919
  2.7751
  1.8972
  1.6424
  1.5574
  1.5857
  1.4158
  1.3875
  1.6424
  1.7273
  1.3875
  1.9255
  1.5574
  1.8406
  3.4263
  2.9450
  1.6990
  1.4725
  1.4725
  1.8689
  4.4457
  1.7840
  5.7483
  5.5218
  1.8972
  1.8123
  1.9822
  1.5291
  1.6707
  1.6141
  1.4158
  1.3309
  3.0299
  2.0671
  3.7095
  2.0671
  4.5873
 14.8380
  3.0299
  2.4636
  2.0671
  1.7840
  1.6141
  1.5291
  1.3875
  1.3309
  1.2743
  1.2459
  1.9255
  1.6990
  1.3309
  2.4919
  1.6424
  2.0388
  2.0388
  2.3220
  2.1521
  1.7273
  1.6990
  1.3309
  1.3875
  3.4263
  1.8689
  2.1804
  2.8317
  1.9539
  2.2087
  2.4352
  1.8406
  1.7556
  1.8972
  2.6335
  2.5485
  7.0509
  5.2103
  5.1253
  4.1059
  4.4457
  3.2281
  3.2848
  9.2879
  3.0299
  2.0388
  1.8689
  6.5412
  3.2848
  2.8034
  2.4636
  2.1804
  2.8600
  2.5768
  4.2475
  2.5768
  2.9450
  3.6529
  3.1432
  5.6634
  2.9450
  3.2848
  4.3042
  8.6083
  3.9644
  5.9465
  6.7677
  6.1448
  4.3608
  2.3503
  1.9539
  1.7840
  2.0388
  2.3786
  8.0986
  5.6917
  7.3341
 12.0913
  7.7588
  3.0582
  2.8034
  2.6335
  1.9539
  4.6723
  2.7184
  2.4636
  1.9539
  2.8883
  3.6529
  2.3503
  2.1804
  2.1804
  2.2370
  2.1804
  2.8317
  2.4919
  2.1521
  2.0105
  2.1238
  3.0582
  3.7661
 11.6382
  4.1626
 14.1584
  7.0792
  2.8317
  2.2653
  1.6990
  1.6424
  1.6141
  1.5857
  1.5291
  1.5008
  1.4725
  1.4442
  1.4442
  1.3875
  2.6618
  5.0404
  3.6812
  7.0226
  5.6634
  5.4652
  3.3131
  2.1238
  2.2937
  2.2653
  2.6618
  2.8034
  1.9255
  2.1238
  1.6424
  1.8123
  2.9166
  2.1238
  1.7273
  1.6141
  1.5291
  1.4725
  1.5857
  1.6424
  1.5857
  1.5291
  1.3875
  1.3875
  1.3592
  1.5857
  1.3875
  1.3875
  1.3875
  1.3309
  1.3875
  3.3980
  2.2087
  4.8705
  4.2192
  1.8972
  1.7273
  1.5857
  1.4725
  1.3875
  1.3875
  1.4442
  1.3875
  2.6901
  2.9450
  2.0671
  1.9255
  1.7273
  1.5857
  1.6990
  2.3786
  1.6141
  1.5574
  1.8406
  2.3786
  1.8123
  1.9539
  1.6990
  1.6141
  1.8123
  1.8689
  2.0388
  2.0954
  1.5291
  1.6424
  1.8972
  1.5008
  1.5574
  1.2743
  1.3026
  1.4158
  1.2743
  6.4562
  1.6424
  1.4442
  1.6990
  2.3503
  2.8600
  4.1626
  2.5485
  1.8689
  3.0582
  5.1537
  1.9822
  1.5857
  1.3875
  1.9822
  4.2475
  3.4263
  1.4725
  1.6424
  1.4725
  7.2208
 24.8622
  9.8543
 30.8654
  8.2119
  9.5428
  3.9927
  7.5606
 11.2984
 12.3461
 10.0242
  9.8826
  6.5129
 10.0525
  9.9392
 27.7505
 35.9624
 15.2911
 25.9382
  7.7022
  3.6529
  2.4919
  2.4352
  2.3220
  2.1804
  2.0671
  1.9822
  2.0671
  1.8972
  1.7556
  1.6707
  1.6141
  1.6424
  2.1238
  2.0105
  4.1343
  4.1626
  5.2103
  3.5113
 10.7321
 28.6000
  6.9376
  7.9854
  9.7693
  3.6529
  4.6440
  4.0493
  2.6335
  3.4547
  2.3503
  2.0954
  2.0105
  1.9822
  1.7556
  1.8406
  1.9255
  2.5202
  2.0105
  1.7840
  3.9927
  3.1998
  2.9166
  2.6901
  2.2653
  2.8034
  3.3414
  2.0105
  7.2491
  2.4069
  1.8689
  1.7273
  3.5962
  1.5857
  1.3309
  1.5574
  1.6707
  1.9255
  1.8406
  2.6335
  3.3131
  3.1432
  2.5485
  2.1804
  1.9255
  3.0016
  5.2103
  3.2848
  4.5307
  2.1238
  2.3786
  2.3786
  1.8123
  1.9822
  3.1149
 10.6471
  7.3624
  2.5768
  1.9822
  1.8123
  6.5412
 11.3267
  4.9838
  6.2297
  3.0582
  4.8988
 16.9618
  4.8139
  2.8883
  2.2370
  2.5485
  2.6051
  3.0865
  1.9539
  4.3608
  7.8721
  2.3503
  2.0105
  1.9255
  2.0388
  1.8123
  1.8123
  2.4919
  1.7840
  1.6707
  4.0776
  2.7467
  1.8972
  3.3131
  3.3131
  5.0121
  7.3907
  2.2370
  2.0105
  1.9822
  1.7840
  1.6707
  1.6707
  1.9822
  1.7273
  1.8406
  1.6707
  3.2564
  1.7273
  1.6141
  1.5574
  1.5574
  1.5291
  1.5291
  1.5008
  1.5008
  1.5008
  1.6424
  3.4263
  4.7855
  8.0420
  2.4636
  1.7556
  1.6141
  4.0776
  2.0388
  1.6990
  1.5857
  1.5574
  1.5574
  1.5008
  4.7289
  2.1238
  4.0210
  6.7960
  6.4562
  3.4547
  2.2370
  1.8689
  1.7840
  1.8123
  1.7273
  1.6707
  1.5857
  1.9539
  1.6141
  3.2281
  3.7378
  7.5889
  5.0970
  8.5517
 10.7038
  4.8422
  3.4830
  4.5873
  2.1521
  1.9255
  1.7840
  1.7556
  1.7556
  2.4636
  2.1521
  7.3907
  4.1626
  4.1059
  3.3980
  4.5307
  3.5962
  5.1253
  9.5145
 10.0525
  5.3802
  5.4935
  3.8511
  3.3697
  2.2370
  1.8689
  2.2370
  2.5768
  3.0016
  4.0493
  5.0121
  3.2848
  2.1238
  1.8689
  2.0671
  1.8123
  1.8689
  5.7200
  7.7022
  3.5113
  6.6545
  2.6335
  2.1804
  2.0954
  2.2653
  3.1149
  1.8406
  1.7273
  1.6990
  1.6990
  1.6707
  1.6707
  1.6424
  1.6424
  1.6141
  1.5857
  1.5857
  1.5857
  1.5857
  1.5857
  1.6990
  1.6424
  1.5857
  1.5857
  1.5857
  2.0671
  1.9822
  2.1521
  1.8406
  3.1998
  2.4352
  1.7840
  1.6707
  1.5857
  1.5857
  1.5857
  1.6424
  2.6901
  2.1804
  1.7556
  1.9822
  2.5768
  2.4636
  2.9166
  1.9822
  2.6901
 10.2790
  2.9733
  1.8689
  1.6990
  1.8406
  1.6141
  1.6707
  1.8689
  1.9255
  1.6990
  1.8406
  3.0582
  2.9733
  5.2953
  2.4636
  1.9539
  2.2370
  5.4368
  5.6634
  2.5485
  3.9644
  1.9822
  1.7273
  1.8123
  1.7556
  1.8123
  1.5574
  1.5291
  1.5008
  1.5291
  1.7556
  1.9539
  2.3503
  1.6707
  3.6812
  1.7273
  1.5857
  1.5857
  1.5574
  1.6424
  1.8689
  2.6335
  1.9822
  1.6424
  1.5857
  2.5485
  1.6424
  2.6901
  3.3980
  1.6424
  1.6990
  1.6424
  1.6141
  2.7751
  2.4919
  1.6141
  1.5291
  1.4725
  1.4158
  1.4725
  2.9450
  2.5768
  1.5574
  1.4442
  1.3875
  1.3875
  1.3592
  1.3026
  1.3026
  1.3592
  1.3592
  1.8972
  1.4158
  1.3026
  1.3026
  1.3026
  1.3309
  1.9539
  1.5857
  1.3592
  1.2743
  1.3026
  1.2743
  1.2459
  1.2743
  1.4158
  1.3592
  1.3026
  1.2459
  1.3875
  1.3309
  1.2459
 15.9707
 16.5087
 20.7846
  7.5040
  7.0792
  6.4562
  5.0970
 14.4416
 13.4505
 15.8008
  4.6723
  6.9943
  4.9554
  3.9077
  3.4547
  3.5679
  2.6901
  4.8988
  9.5145
  3.8228
  6.6545
  9.1747
 11.1852
  4.4174
  2.9733
  2.4636
  8.4101
 12.7426
  5.8050
  6.1731
  2.8883
  2.4352
  2.3786
  2.6901
  2.3503
  2.2370
  1.9255
  2.3503
  1.7840
  1.7273
  1.6990
  1.8689
  1.7840
  1.7273
  1.8123
  5.4652
  2.2370
  2.9733
  3.3414
  5.9465
  5.3236
  8.0137
  6.4562
  3.6529
  5.1820
  3.5113
  5.4652
  3.8228
  4.1909
  2.3786
  2.1238
  2.0105
  1.8972
  1.8406
  1.8123
  1.9822
  2.0671
  1.9255
  2.1521
  2.6901
  4.3608
  2.6051
  2.3220
  1.9255
  1.9255
  4.6156
  4.3042
  2.5202
  4.7572
  4.4741
  2.5485
  2.2370
  2.0954
  2.7467
  2.5485
  2.1521
  2.6618
  3.9644
  3.1149
  2.2653
  2.6618
  4.9554
  8.0986
  3.2281
  2.8600
  2.2087
  2.3220
  2.2937
  3.1149
  4.6723
  2.4919
  2.1804
  2.0388
  2.0105
  1.8406
  2.0105
  2.0388
  2.9450
  2.2087
  5.5218
 17.1600
  2.9450
  5.8050
  3.1149
  2.2653
  2.8317
  5.8050
  6.9943
  4.3042
  2.5202
  3.1149
  2.1804
  1.9539
  1.8972
  2.0105
  1.7556
  1.7273
  2.8883
  2.6051
  2.3503
  1.8689
  2.1238
  1.9255
  2.0954
  2.8883
  2.4636
  2.0671
  1.8972
  4.5307
  3.2281
 10.5339
  3.1432
  3.2848
  2.4352
  1.8123
  1.6990
  1.6707
  2.3503
  2.0671
  1.6990
  2.1238
  1.8689
  1.5857
  1.5291
  1.5008
  1.5857
  1.5008
  1.5008
  1.5857
  1.5291
  2.1238
  3.0299
  3.2281
  5.5218
  2.8600
  1.9539
  1.7273
  2.0671
  1.8406
  1.5857
  2.0954
  1.5291
  1.5008
  2.5485
  3.1149
  1.6141
  1.5008
  1.5008
  2.0954
  5.2953
  2.1804
  1.6424
  1.5008
  1.9822
  2.0388
  4.5307
  3.8794
  2.5202
  1.7556
  1.6990
  2.3503
  1.9255
  1.8406
  3.0299
  2.0671
  2.9450
  2.6335
  3.1998
  5.6634
  2.0954
  1.6141
  2.1804
 10.3073
  4.3042
  1.9539
  1.7556
  2.3220
  1.8406
  2.1804
  3.6812
  4.5873
 13.0257
  2.2653
  1.6990
  1.5008
  1.5574
  2.7467
  5.6634
 15.2911
  3.6529
  4.3608
  7.5040
  8.2119
  5.4368
 19.7085
  4.4174
  2.2653
  1.7840
  1.6141
  1.5008
  1.4158
  1.3592
  1.7556
  3.0582
  3.3697
  2.3786
  1.6707
  1.7840
  1.7840
  4.9554
  5.1537
  1.9822
  1.9539
  1.5008
  1.3875
  1.5291
  1.3592
  1.5291
  5.6634
  2.3503
  1.7273
  1.5291
  1.7273
  2.7751
  1.5008
  1.6141
  1.7556
  1.4158
  1.3309
  3.0582
  3.0016
  3.9077
  2.5202
  2.8883
  2.0388
  1.5574
  1.4158
  1.3875
  1.5857
  1.8123
  2.1521
 10.2224
  2.2087
  1.6990
  1.5008
  1.4442
  1.4442
  2.8317
  2.8600
  3.6812
  3.2281
  2.8317
  2.7467
  3.3131
  7.6455
  5.9182
  5.8899
  2.4636
  2.0954
  1.6990
  2.7467
  4.6440
  2.6618
  1.8972
  1.8123
  1.5857
  1.4725
  1.4158
  1.4158
  1.5008
  1.4442
  6.8810
  2.2370
  1.9539
  1.7556
  1.5857
  2.3786
  1.6707
  1.4725
  2.5485
  3.0582
  3.9644
  4.8705
  2.2370
  1.8123
  1.5291
  3.2848
  4.7855
  2.3786
  1.7556
  1.5291
  1.4725
  1.4442
  1.4158
  1.4158
  1.5291
  1.5008
  1.4158
  2.1238
  1.7556
  2.6901
  1.5291
  2.0105
  1.5008
  2.7467
  7.1358
  2.8317
  6.2297
  2.7751
  1.8972
  1.8406
  1.9255
  1.8972
  1.4725
  1.6990
  4.3608
  1.6990
  1.4725
  1.4158
  1.8123
  1.8972
  1.5857
  1.8123
  1.5291
  1.4158
  1.5008
  1.8123
  2.0388
  2.0388
  1.8972
  1.9822
  1.8689
  1.8123
  1.5574
  1.4158
  1.3592
  1.5857
  1.7556
  1.4725
  1.3875
  4.8422
  6.5129
  3.5679
  1.8123
  3.6246
  4.5307
 11.8364
  3.8511
  4.1626
 11.8648
  6.9093
  5.0121
  2.7467
  1.8689
  2.4069
  3.5679
  1.7840
  1.5291
  1.5857
  1.3875
  1.3309
  2.4636
  3.6246
  2.5485
  1.9822
  2.1521
  1.8689
  2.0954
  1.8406
  1.9255
  2.1521
  2.7751
  3.5679
  2.0388
  2.5202
  1.5857
  1.4158
  1.7273
  5.9465
 11.3267
 13.5921
  6.3713
  2.4636
  1.8123
  1.5008
  1.3875
  1.3309
  1.4442
  2.2937
  1.3309
  1.9539
  3.6812
  2.6335
  2.6901
  1.4725
  1.5857
  1.3592
  1.2176
  2.0954
  1.6707
  2.2087
  9.6277
  6.1731
 13.4505
  7.4190
  3.5679
  1.9255
  1.6424
  2.1238
  2.4919
  7.0792
  4.2475
  6.9943
  6.6545
  4.0210
  6.1731
  7.9854
  6.5129
  7.2491
  8.2119
  2.8883
  2.2087
  2.1804
  2.0388
 17.8396
  8.2968
  2.7467
  2.2937
 13.0257
  3.3414
  2.1521
  2.3503
  6.8244
  6.2297
  3.0582
  2.6618
  2.2937
  2.8883
  3.4547
  3.1149
  2.9733
  2.2937
  3.0582
  3.3131
  4.3608
  3.0582
  4.5873
  3.4263
  3.7095
  2.6335
  2.1521
  1.7840
  1.7556
  2.6335
  3.4830
  3.3980
  2.4352
  2.8317
  4.0776
  8.6083
  4.5873
  4.9271
  5.7766
  2.8883
 13.2523
 14.7814
  3.3414
  2.3503
  3.0299
  3.4547
  3.8511
  3.2281
  2.1238
  1.6707
  2.7751
  1.6141
  4.2192
  2.4919
 14.9230
  5.2386
  7.7022
  3.4547
  2.9450
  2.0388
  1.8689
  2.0105
  2.5485
  3.7945
  2.0388
  1.8689
  1.6424
  1.8689
  2.8317
  1.8406
  1.7556
  2.6051
  1.7840
  1.8406
  1.7273
  1.8689
  2.4636
  2.1521
  3.0582
 12.6010
  7.7305
  6.9376
  4.1343
  3.9927
  6.2580
  4.3042
  3.1998
  2.0105
  1.7556
  1.5857
  1.5857
  1.4725
  1.3875
  1.3875
  1.5857
  1.5008
  1.5008
  1.7840
  4.0776
  6.6828
  2.4352
  2.8317
  4.3891
  4.9838
  3.8511
  1.9822
  2.8317
  1.7840
  1.6141
  1.5291
  1.5008
  1.5008
  1.4442
  1.4442
  1.4442
  1.4442
  1.4442
  1.4442
  1.9255
  2.9450
  1.5857
  1.5008
  1.4442
  3.0299
  2.8883
  2.4069
  4.7289
  6.3713
  7.4190
  4.3891
  7.2491
  5.2669
  3.1432
  1.9822
  2.0105
  1.9822
  1.6990
  1.9255
  2.0105
  2.1521
  2.4636
  2.0954
  1.8689
  1.5857
  1.8972
  1.5291
  1.4725
  1.4725
  1.4725
  1.4725
  2.1804
  2.1238
  2.8317
  1.7840
  1.5008
  1.4442
  1.4442
  1.4442
  1.5857
  1.4442
  1.3875
  1.3309
  1.3309
  1.3592
  1.5008
  3.0299
  3.3697
  5.3236
  5.0404
  3.7945
  3.8228
  5.8050
 13.3089
  4.7572
 10.4206
  4.4741
  2.6335
  7.2491
  7.0792
  3.3414
  2.3786
  3.6812
  2.0105
  5.4368
  4.4174
  2.9733
  2.5202
  2.5202
  2.5202
  2.6051
  4.3608
  3.3131
  2.7751
  1.9255
  1.6424
  1.5857
  1.5291
  1.5008
  1.4442
  1.3875
  1.5291
  1.5291
  1.5574
  1.7273
  1.4158
  1.4442
  1.4442
  3.4263
  2.0954
  3.1432
  2.8317
  3.1149
  2.3786
  1.9255
  2.5202
  1.6141
  1.5008
  1.9539
  1.9822
  3.1715
  2.3786
  1.5574
  1.5857
  1.5291
  1.5574
  1.8406
  1.6990
  1.6990
  2.4352
  1.5574
  1.4725
  1.4442
 21.6907
  2.6618
  2.8600
  1.8689
  1.5857
  1.4725
  1.4158
  1.3592
  1.5008
  1.3875
  1.2743
  1.2743
  1.2176
  1.1893
  1.4442
  1.2176
  1.1893
  1.1893
  1.1893
  2.4919
  2.4919
  1.3592
  1.3875
  1.2176
  1.4442
  1.3875
  1.2176
  1.1893
  1.1893
  1.1610
  1.1610
  1.1327
  1.1327
  1.1327
  1.1893
  1.2176
  1.2743
  1.4158
  1.1893
  1.2743
  1.4158
  1.5574
  1.4725
  2.0954
  1.3309
  1.3875
  5.4368
 22.8800
  5.6634
  2.8600
  1.9255
  2.0954
  2.8317
  1.5857
  4.2758
  1.6990
 15.2911
 10.2507
  5.2953
  5.1253
 11.8081
 32.5644
  9.0048
  3.9077
  2.4352
  1.9255
  2.3220
 24.4374
 19.0572
 10.1091
  9.0331
  6.8527
  2.6618
  2.3220
  2.1238
  2.3220
  3.6812
  2.4919
  2.8600
  2.5485
  2.8317
  2.4069
  2.8883
  5.4652
 11.8364
  3.2281
  3.3697
  4.1059
  3.2564
  2.0954
  3.5396
  5.4368
  2.7184
  2.3503
  3.7095
  3.7661
  4.2475
  7.5323
  7.5606
  4.1343
  2.7467
 18.6891
 25.0604
 16.1123
  4.7006
  9.0614
  3.9077
  4.0776
  6.1731
  3.1149
 10.7604
  2.7467
  5.1820
  3.9927
  2.3220
  2.3503
  7.1075
  4.5024
  2.7467
  3.4263
 10.6471
 30.5822
 10.8737
  3.3697
  2.8600
  2.7467
  2.5202
  3.0299
  2.2087
  1.9822
  1.8406
  1.8406
  1.8972
  2.5485
  5.2386
  2.2653
  2.5485
  3.5113
  6.8527
  9.5145
  3.7378
  4.4741
 12.8558
 20.9261
  3.7378
  2.8600
  2.4636
  4.5024
  3.5113
 10.0525
  5.7200
  2.6618
  4.8422
  5.9465
  6.0881
  2.9733
  3.0865
  3.7378
  2.6618
  4.5590
  2.8600
  2.1521
  2.8883
  3.7945
  4.3325
  3.1998
  2.4352
  2.1238
  2.2087
  2.8317
  2.6051
  2.2937
  1.9255
  1.7840
  1.7273
  1.7273
  1.7273
  1.8972
  1.7556
  1.6424
  1.6141
  2.4636
  3.0582
  2.2653
  3.0582
  2.3220
  3.1998
  2.0954
  2.1521
  1.7556
  1.7273
  1.6424
  1.6990
  9.1747
  3.9077
  3.4547
  2.6051
  3.5113
  2.2937
  1.9822
  2.1804
  4.4741
  5.5218
  6.3713
  5.6067
  2.3220
  1.9255
  1.8123
  1.8406
  3.8794
  1.9822
  2.9450
  2.0105
  2.6618
  5.6067
  2.6051
  1.9539
  1.8972
  1.9539
  2.4636
  1.9539
  1.6424
  1.9822
  1.6424
  1.5574
  1.5291
  1.8123
  1.5857
  1.5008
  9.0048
 10.5622
  6.1448
  3.4547
  5.5784
  4.7289
  3.2281
  2.7184
  1.6990
  1.5291
  1.4158
  1.3875
  1.4442
  4.5590
  9.1180
  4.4174
  4.5024
  2.0105
  1.9539
  1.8972
  1.8123
  1.4725
  1.8972
  2.6901
  1.8406
  1.4725
  1.4442
 12.8842
  9.6277
 12.4594
 10.7604
 11.0436
  4.1343
  2.1804
  2.8317
  3.2848
  1.9539
  2.5202
  1.7556
  1.5008
  1.3875
  1.3875
  1.6707
  1.6707
  1.4442
  1.4158
  1.8972
  2.3503
  1.7556
  2.4636
  1.9255
  1.4442
  1.3875
  1.3026
  1.8689
  1.3592
  1.2743
  1.2459
  1.2176
  1.2459
  1.4442
  1.3875
  1.4158
  1.3309
  1.4725
  3.2848
  3.1149
  2.4919
  1.8406
  1.9822
  2.5202
  1.8123
  3.3414
  3.1432
  1.8689
  4.5307
  1.6424
  2.4352
  1.7273
  1.4158
  1.4725
  1.6141
  1.6141
  1.9255
  1.7273
  1.3309
  2.8883
  2.3786
  1.8972
  1.5008
  1.4158
  1.6707
  1.3026
  1.3026
  1.3026
  1.6424
  1.8689
  1.3592
  2.8883
  3.4547
  7.4190
  3.8228
  2.2937
  4.4741
 14.6115
 15.8008
  9.1747
  3.8794
  2.8600
  2.8317
  3.9644
 17.4998
  2.6901
  2.2937
  2.9733
  5.1820
  2.0105
  2.8317
 12.8842
  3.5679
  2.8600
  1.7840
  1.6990
  3.0582
  2.2087
 33.6970
 19.7085
  3.8794
  2.1521
  1.8972
  1.8406
  1.6707
  2.8883
 11.7515
  2.2937
  1.8406
  1.5857
  1.5008
  2.2937
  7.3057
  6.0315
  2.3786
  2.4069
  1.8406
  2.7184
  1.7556
  1.4725
  1.3875
  1.3309
  1.8689
  1.5291
  1.6141
  1.6141
  1.7556
  1.8689
  6.0598
  4.5590
  3.3414
  2.0388
  1.6707
  1.6141
  2.0388
  2.2653
  1.6424
  1.3875
  1.5008
  1.5857
  1.3309
  1.2743
  1.2743
  1.2743
  2.0105
  1.6141
  1.3875
  1.2743
  2.2370
  2.3786
  1.6424
  1.6990
  1.5574
  5.9749
  1.5574
  1.3875
 30.5822
 14.3850
  7.5040
  4.4741
  3.5679
  3.1149
  8.1269
  4.4741
  6.7677
  3.2848
  2.7467
  3.9077
  6.7111
  3.5962
  2.7467
 10.7887
 14.4416
  4.3608
  2.8034
  6.1731
 12.7143
  7.2491
  5.4085
  6.8527
  5.4935
  3.3980
  3.1715
  5.8333
  3.1998
  3.2281
  2.6335
  2.4636
  2.4636
  2.3220
  2.2937
  2.5768
  5.5218
  9.4012
  3.0582
  2.9166
  5.6067
  5.2103
  3.0865
  2.9166
  2.3503
  2.2087
  2.8317
  7.0792
  3.0865
  3.2848
  3.3980
  2.8034
  2.9450
  5.2953
  3.0299
  2.8600
  2.7184
  2.2653
  2.6051
  2.6618
  2.4352
  2.1521
  2.0954
  2.0671
  2.0388
  2.0388
  2.0105
  1.9822
  1.9539
  1.9539
  1.9255
  2.3786
  2.0671
  2.2087
  2.1238
  1.9822
  2.2937
  2.7184
  2.4069
  2.4352
  3.7661
  3.0582
  2.3220
  2.2653
  2.2087
  4.1626
  2.2653
  2.3503
  4.0210
  5.0404
 11.3551
  7.3341
  7.0792
  6.8527
  6.1731
  6.4279
  6.5412
 21.9739
  6.7677
  7.0792
  3.8511
  3.3131
  3.4547
 15.8008
  6.0315
  5.7766
  7.9004
 23.4463
 22.1438
  4.5024
  3.2848
  4.8139
  3.2848
  2.6618
  2.8317
  2.5202
  2.2087
  2.6618
  2.6335
  3.3980
  4.8139
  2.8317
 19.7652
 26.4196
  4.2758
  4.3608
  3.8228
  3.0582
  3.4263
  2.6618
  2.7184
  5.3519
  8.3818
  8.3252
  2.8600
  2.6901
  4.2192
 13.7054
  6.0598
  4.3325
  2.7751
  2.5202
  5.4652
  4.5307
  8.3535
 11.4966
 35.9624
 21.0677
  4.1059
  3.5396
  4.0493
  4.2192
  4.4457
  7.1075
 10.2790
  3.7661
  2.7751
  2.4919
  2.3503
  2.2087
  2.2370
  2.2087
  3.1715
  9.6277
  6.3430
  6.0032
  7.5323
  4.5590
  2.8600
  2.4636
  2.8034
  2.2937
  2.1521
  2.0954
  2.0671
  2.6901
  2.3220
  4.1626
  6.1448
  4.4457
  6.3713
  2.6618
  3.7661
  1.4442
  1.4158
  1.4725
  1.5574
  2.0388
  1.6424
  2.0388
  2.0105
  1.5574
  1.5857
  1.5574
  2.0105
 11.0719
  5.2669
  1.7273
  1.5574
  5.0970
  3.2848
  4.6156
  3.4263
  4.8705
  6.3147
  5.2386
  3.8228
  3.8794
  4.5590
  9.0331
 11.8648
  5.9182
  3.3697
  4.4174
  9.6560
  6.2297
 11.1852
 14.8947
 10.1657
  4.3608
  3.3697
  2.1238
  1.8689
  1.8972
  1.7556
  1.6990
  2.6618
  1.9539
  1.6424
  2.0105
  1.8406
  1.6990
  6.0881
  3.1432
  2.0388
  2.1521
  2.6618
  4.2475
  3.5962
  2.2087
  1.8406
  1.6424
  1.5857
  1.5857
  4.3042
  3.6529
  2.2087
  2.2087
  4.4174
  2.8883
  1.9822
  2.0105
  2.2653
  2.6051
  2.8317
  2.6335
  1.7840
  1.8406
  3.1998
  5.2386
  4.4741
  2.8317
  2.7751
  2.6335
  2.7467
  3.5962
  2.6335
  3.0299
  3.0582
  3.0582
  2.1238
  2.4919
  2.0105
  1.6141
  1.5574
  1.5857
  4.3042
  4.6723
  6.5695
  4.6723
  4.2475
 10.1941
  3.8794
 14.1018
  6.8244
  8.7216
  6.4562
 11.4683
  4.5307
  6.5695
  3.2848
  5.6067
  6.6545
  3.2848
  2.3786
  2.0388
  1.8689
  2.4636
  2.2937
  1.9255
  1.7556
  1.6990
  4.8139
  5.7200
  4.3042
  3.3697
  3.9077
 19.1988
  8.7216
  6.6545
  4.8139
  2.6051
  4.1909
  2.2087
  2.8883
  2.6051
 14.4416
  3.1432
  2.3503
  2.0388
  5.2386
  4.0776
  2.2937
  2.1521
  1.8123
  1.6707
  2.4919
  2.7751
  3.9077
  4.9838
  2.6618
  3.3131
  2.0954
  2.0105
  2.6335
  3.0299
  2.3503
  2.1238
  2.2937
  2.0388
  1.7840
  1.6141
  7.1358
  5.9182
  4.9838
  2.3503
  2.2087
  2.4919
  2.7184
  2.1238
  2.7467
  2.1521
  9.9392
  2.6335
  2.0105
  1.7840
  2.5768
  2.7751
  2.1521
  1.9539
  2.1521
  2.0954
  3.3980
  6.3147
  4.0493
  2.9733
  4.5590
  2.6618
  2.5485
  2.1521
  1.7556
  3.1715
  3.3980
  2.5768
  6.7677
 11.5816
 11.7232
  4.1626
 12.9691
  9.0897
  2.8034
  2.9166
  3.6246
  6.4846
  4.0776
  5.6351
  7.7022
  5.1253
  4.6156
  2.1238
  1.7840
  1.7273
  2.3786
  1.5857
  1.8406
  2.0954
  2.0671
  2.3786
  1.9539
  2.8034
  1.6990
  1.4158
  1.3026
  1.9255
  1.7840
  1.2743
  1.2176
  1.1893
  1.1610
  1.1893
  1.5857
  1.2743
  1.2743
  3.0016
  2.3786
  2.6618
  1.5291
  2.1521
  2.2087
  3.4263
  1.7840
  1.7840
  1.5291
  1.3875
  1.4725
  1.3309
  1.2176
  1.2176
  1.2176
  1.4442
  1.4158
  1.3592
  1.3875
  1.7273
  1.5574
  3.7095
  2.6901
  4.9271
  6.7111
  4.0776
  1.8123
  1.9822
  4.8705
  7.5606
  2.2653
  1.8689
  1.5574
  4.0493
  2.9733
  2.1238
  2.2370
  1.5857
  2.6051
  2.5485
  1.5008
  1.5574
  2.3220
  1.4442
  1.2743
  1.3309
  1.6707
  1.8689
  1.3592
  1.1893
  1.1893
  1.3309
  1.2743
  1.9539
  1.2459
  1.3026
  1.1893
  1.2743
  1.3309
  1.4158
  1.5008
  1.2743
  1.8406
  3.2564
  1.5857
  1.2743
  1.2176
  1.1327
  1.1327
  1.2743
  1.5291
  1.1327
  1.1327
  1.2743
  1.3026
  1.3026
  3.7945
  3.4547
  1.8972
  1.3309
  1.1893
  1.1327
  1.2743
  2.2087
  1.3875
  2.4636
  2.9166
  1.5857
  1.2459
  1.2176
  1.5857
  1.3875
  1.1610
  1.1327
  1.1044
  1.1044
  3.5113
  3.1432
  2.3786
  4.7006
  1.5857
  1.2743
  1.3026
  1.2743
  1.1327
  1.2176
  1.1893
  1.1893
  1.1610
  1.0477
  0.9628
  1.4158
  1.3026
  1.5574
  1.3875
  1.4442
  1.3875
  1.1044
  1.2176
  1.9539
  1.7273
  1.6990
  2.0388
  1.6424
  1.2176
  1.0760
  1.3026
  1.2176
  0.9911
  2.1804
  3.3697
  2.0954
  2.1238
  1.6990
  1.4442
  7.5323
  5.7483
  6.7394
  3.0016
  3.4263
  3.4547
  4.2192
  2.7751
  2.0954
  1.8406
  1.6990
  1.5857
  1.5291
  1.5008
  1.5008
  2.0105
  6.5412
  5.6634
  7.2774
 10.5056
  5.2669
  8.6933
  4.3042
  4.5307
  3.5396
  2.2937
  2.2087
  1.8972
  1.7840
  1.6424
  1.5857
  2.5485
  6.2297
  4.2475
  2.1238
  6.6545
  6.3430
  4.0493
  4.3325
  3.5962
  3.7378
  3.4263
  4.2192
  6.4279
  5.9182
 18.4060
  8.1553
  3.6812
  2.6901
  2.5202
  2.0388
  2.0388
  1.8123
  1.6424
  2.7467
  1.6424
  2.0954
  1.7840
  3.3697
  2.2653
  2.0105
  1.8689
  1.5857
  1.5291
  1.4442
  1.3875
  1.3875
  1.3592
  1.3592
  1.3592
  1.3309
  1.3309
  1.3309
  1.3875
  1.3592
  1.3309
  1.3026
  1.3026
  1.3026
  1.3026
  2.1238
  2.5768
  1.4158
  1.3309
  1.4725
  1.3875
  1.6707
  2.4069
  2.5485
  2.3786
  1.7273
  1.8123
  1.5291
  2.0388
  1.5291
  1.4158
  1.5008
  3.0865
  1.7273
  1.4158
  1.4725
  1.3592
  1.3309
  1.2743
  1.2743
  1.2743
  2.0105
  6.0032
  6.1731
  1.9255
  1.5291
  1.4158
  1.8689
  3.3131
  3.0016
  3.3131
  2.0954
  2.0105
  3.9077
  5.4085
  3.4263
  6.3996
  3.7945
  7.1925
  3.5679
  8.6933
  5.4652
  4.7855
  4.1343
  8.7499
  2.8600
  2.7184
  1.8406
  1.9255
  2.3220
  1.6990
  1.7556
  1.6990
  1.7556
  1.6141
  1.4442
  1.4442
  1.3875
  1.4442
  1.3875
  1.3309
  1.3309
  1.3309
  2.3503
  3.1998
  2.2087
  3.9644
  1.6141
  1.5574
  1.3875
  1.3875
  1.5008
  1.4725
  1.5574
  1.6707
  1.4725
  1.3592
  1.3309
  1.3592
  1.8123
  1.6990
  1.8123
  1.5291
  1.5857
  1.4442
  1.4158
  2.9166
  1.6141
  2.2087
  2.3503
  3.0299
  3.9927
  1.8123
  1.5008
  1.3875
  2.4919
  1.6707
  2.4352
  2.7467
  6.1448
  8.4384
 18.4626
  8.9481
  8.0986
 12.6859
 18.2360
 13.5071
 41.6258
 41.3426
  8.2968
 11.9497
  7.9004
  5.8050
  2.3220
  2.6335
  3.1149
  1.7840
  2.4352
  1.9539
  3.1432
  5.3519
  5.1820
  5.7200
  2.5485
  3.7378
  2.7751
  2.4069
  2.0954
  2.0388
  1.6707
  2.1804
 11.5816
 12.2895
  2.8034
  2.0388
  2.3503
  3.4547
  3.7095
  1.9255
  6.3430
  4.0776
  3.7095
  2.8034
  3.2848
  2.1238
  3.0299
  2.7751
  1.6424
  1.5291
  1.4442
  1.4725
  1.9255
  2.1521
  1.8972
  2.0954
  1.9255
  5.5784
  4.8422
  2.4919
  2.0954
  2.0105
  1.8406
  1.7840
  2.8883
  1.7556
  2.7751
  1.7556
  1.5574
  1.6424
  1.9539
  1.5857
  1.6424
  1.8689
  2.0954
  2.5202
  7.0509
  4.9554
  3.1149
  4.1059
  4.8139
  2.6051
  2.2087
  2.8600
  5.4652
  2.6901
  2.3220
  1.9539
  1.9539
  9.8543
  2.3220
  1.9822
  2.1521
  5.7200
  2.3220
  2.0671
  2.2653
  3.0582
  4.7006
  3.1715
  5.4935
  4.7572
  7.1075
  5.7200
 21.3226
  3.7945
  4.2758
  3.3414
  2.5485
  2.1238
  1.9255
  1.6707
  1.6707
  2.2087
  3.3131
  1.6707
  2.3503
  1.7840
  4.5307
  2.3220
  2.0671
  1.6707
  1.9255
  2.4352
  1.9822
  1.6707
  1.5291
  1.8123
  4.8988
  3.7095
  6.6261
 19.0006
 10.6188
  8.1553
  5.7483
  4.4174
  2.5202
  2.8034
  2.0388
  5.0121
  2.5202
  1.8406
  1.8689
  1.6707
  1.5857
  1.5574
  1.5008
  1.4725
  2.6618
  6.3147
  4.3042
  2.2653
  1.8689
  1.6707
  1.5574
  1.9255
  1.7273
  1.5008
  2.3503
  6.2863
  1.7556
  1.8689
  2.4636
  1.8972
  2.2937
  1.9539
  1.6990
  1.5857
  1.5008
  1.4725
  1.4442
  1.4158
  1.8972
  4.1059
  2.9733
  3.5113
  2.0954
  1.7273
  1.5857
  2.4069
  1.8123
  1.7556
  4.6723
  2.3786
  1.9822
  1.8123
  1.6990
  1.7273
  2.4919
  1.6424
  1.8123
  2.0105
  3.4263
  3.2848
 12.9691
 20.3881
  6.9659
  7.3907
  7.7588
  6.7677
  3.5396
  3.7945
  4.3042
  4.5873
  3.6246
  2.4919
  2.0105
 10.0525
 11.3551
  3.8794
  3.4830
  2.7467
  6.1164
  2.6618
  4.3325
  3.1149
  2.9166
  4.1626
  9.8826
  3.8794
  2.8600
  3.1149
  2.3220
  2.2653
  2.3220
  3.2281
  2.7184
  8.0703
  2.3503
  1.8689
  1.7556
  1.6141
  1.5291
  1.5008
 15.7725
 20.2465
  3.3414
  6.6545
  9.0331
  4.5590
  2.7184
  4.3608
  2.5768
  1.8123
  1.7273
  1.6141
  1.5574
  8.7216
  6.4562
  1.9822
  1.6990
  3.4263
  2.2653
  2.2937
  7.0226
  4.1626
  7.0792
  3.9644
  2.9166
  2.6335
  3.2848
  2.9733
  1.9822
  2.1238
  2.0388
  3.6246
  1.9822
  1.6990
  1.7273
  5.5218
  1.9255
  1.6990
  2.5768
  1.9539
  1.6707
  1.6424
  2.2087
  2.4919
  6.9093
  5.5218
  3.0299
  3.9077
  2.7751
  4.1059
  2.2937
  2.0954
  2.9166
  2.1804
  2.2937
  2.4069
  3.5396
  2.2087
  1.8406
  3.5113
  8.3535
  3.3414
 15.8858
  3.6529
  2.4919
  2.1804
  2.0954
  4.6440
  6.5412
  2.5768
  2.3503
  2.4352
  2.0954
  1.7273
  1.6424
  1.6424
  1.5574
  1.5291
  1.8406
  3.1149
  6.2580
  4.4741
  1.8972
  1.6141
  1.5857
  3.5396
  6.2014
  3.9644
  2.6618
  1.8123
  1.6424
  1.5574
  1.5291
  1.4725
  1.4442
  2.5768
  3.3414
  3.0582
  1.7840
  1.5857
  1.7556
  1.8972
  1.7273
  1.8689
  1.5574
  1.5291
  1.4725
  1.4158
  1.3875
  1.5574
  1.8972
 12.2612
  3.4547
  5.5784
 23.0216
  6.0881
  2.8600
  3.0582
  4.4457
  2.2937
  1.7556
  9.0331
 12.9974
  3.7378
  2.4636
  2.2087
  2.5202
  2.0954
  1.8406
  1.7273
  4.4457
  7.1358
  6.9376
  8.0137
  7.8438
  4.3891
  3.1432
  5.6634
  2.6618
  3.3414
  3.9360
  2.6335
  2.1521
  1.9822
  1.8972
  1.8972
  2.1804
  1.9539
  1.9822
  2.8317
  2.6051
  1.9539
  1.7840
  1.8406
  1.8406
  8.0703
 11.1285
  6.8244
 11.3834
  7.3341
 15.9424
  8.6933
  7.7305
  4.6440
  3.2564
  4.5590
  8.9198
 13.1673
  4.9838
  2.8600
  3.0016
  9.0331
 13.3089
 10.9869
 16.0273
  8.8065
  3.5396
  3.3131
  2.4636
  2.1804
  2.1238
  2.4069
  2.5202
  3.0582
  2.1521
  2.8034
  3.2848
  2.7467
  2.6901
  2.8600
  3.9927
  2.0671
  1.9255
  1.8406
  1.8123
  2.2653
  1.8689
  3.5396
  7.4190
  3.7378
  4.8422
  5.2386
  2.4636
  2.0105
  1.8972
  1.8406
  1.8689
  1.8406
  1.7840
  1.7556
  1.7273
  1.9822
  2.4069
  3.5396
  1.9539
  2.2937
  1.7840
  1.7273
  1.7273
  1.6990
  1.6707
  2.0388
  2.7751
  2.8600
  1.9822
  6.0315
  4.0776
  3.3980
  6.7111
 10.0242
  6.4562
  5.8333
  7.0226
  6.3430
  3.5679
 10.9020
  3.7095
  2.4069
  2.0954
  1.9822
  1.8972
  2.2370
  1.8972
  4.0210
  2.5485
  1.8689
  1.8123
  2.0954
  1.9255
  1.8689
  1.9255
  2.4352
  1.7840
  1.7556
  1.7273
 15.2061
  3.7661
  3.2281
  3.6812
  2.4919
  8.0703
  3.5113
  2.2370
 10.6755
  7.2208
  3.5679
  3.4263
  3.6529
  4.1626
  3.9644
  3.2564
  2.8600
  4.7289
  3.0582
  2.4919
  2.0671
  1.8972
  1.8406
  1.7840
  1.7840
  2.2653
  2.1238
  2.6618
  2.0954
  1.8123
  1.7273
  1.6707
  1.6424
  1.6707
  3.0016
  2.3220
  1.8123
  1.8123
  4.7006
  3.3414
  3.0865
  1.8406
  1.6990
  1.7273
  2.0671
  1.9539
  4.1626
  2.3503
  1.8406
  2.5768
  3.1432
  3.1432
  2.0954
  2.5768
  4.7855
 21.1244
  5.6351
  2.4919
  2.0388
  2.9733
  3.1715
  2.6901
 16.4238
  4.8422
 10.5056
  6.8527
 15.8008
  8.3818
  3.6812
  2.9166
  4.6440
  5.3236
  5.7200
  3.0299
  2.4919
  2.2370
  2.1238
  2.8883
  3.6529
  5.1253
 13.1107
  8.9764
 29.4495
  4.6723
  2.6901
  7.9287
  5.6067
  3.0582
  2.8034
  2.3503
  2.1521
  2.2087
  1.9539
  1.8689
  1.8406
  1.7840
  3.2848
  1.9255
  1.8972
  1.9255
  3.1715
  3.7095
  4.6723
 22.5968
 17.5564
  3.7378
  2.4636
  3.3414
  2.8317
  2.1804
  5.5501
  5.6067
  7.7022
  5.2669
  3.0582
 10.2507
  2.7467
  2.3786
  3.1998
  2.6618
  2.7467
  2.4636
  2.3786
  2.1804
  5.1820
  4.5307
  2.4352
  2.1804
  3.4263
  2.2087
  2.0105
  1.9539
  1.9255
  1.8972
  1.8972
  1.9822
  2.5485
  1.8972
  2.2937
  1.8689
  2.0671
  1.8972
  1.8123
  1.7840
  1.9822
  1.8406
  2.2653
  1.8406
  2.3220
  2.5202
  1.8406
  1.7840
  2.5768
  4.4741
  5.7483
 10.3073
  5.1820
  2.6051
  2.0671
  2.6901
  3.7945
  2.5485
  4.5024
  8.1553
  8.8349
 20.7279
  4.9838
  3.0016
  3.2564
 27.8071
 28.3168
 22.5402
 55.7842
  9.5711
  3.6812
  4.5024
  7.1075
  5.0970
  5.4368
  3.7661
  4.1343
  4.9838
 12.4877
  7.7588
 10.8170
  3.3414
  4.9271
  3.3980
  2.6051
  2.2087
  2.0388
  1.9539
  4.3042
  2.7184
  3.0582
  2.3220
  3.2281
  2.1238
  2.4919
  3.4547
  2.1521
 15.8574
  4.3891
  2.4352
  2.1521
  1.9822
  2.0671
  1.8972
  1.8123
  1.9822
  1.8972
  2.1521
  3.0299
  8.6650
  3.0299
  2.6618
  2.3220
  2.9166
  3.3980
  2.2087
  2.6051
  3.0016
  2.1521
  1.8689
  3.0016
  2.1804
  1.8406
  2.6051
  4.0776
  2.9166
  2.8883
  3.2281
  2.5485
  2.1521
  3.5679
  3.6529
  2.4636
  1.9822
  1.8406
  1.8406
  1.7840
  1.7556
  3.9927
  2.6051
  2.9733
  6.5978
  3.9644
  2.4069
  1.9822
  3.9644
  2.9166
  2.4069
  2.1804
  1.8406
  1.7556
  1.6990
  1.6707
  1.6424
  1.6141
  1.6141
  1.6141
  1.6141
  1.5857
  1.6424
  1.7273
  4.2192
  1.6990
  1.6141
  1.9255
  4.5024
  3.5113
 10.0525
  4.5307
 20.7562
 15.2345
  3.3697
  2.6618
  3.2848
  2.6051
  3.8228
  2.4069
  1.9255
  1.8689
  2.2370
  2.6618
  2.2653
  2.4636
  2.5202
  9.4861
 13.9319
  8.2119
  4.9554
  2.6901
  4.1059
  7.1642
  3.6529
  4.8139
  3.7378
  2.2370
  1.9822
  1.9822
  2.3786
  2.1521
  2.0954
  1.8689
  1.6990
  1.6990
  1.8689
  2.0105
  1.7273
  2.1521
  2.0954
  1.9255
  1.8123
  1.6990
  1.6424
  5.4085
  3.8511
  6.2580
  5.1820
  2.4636
  2.2087
  3.0582
  5.9465
  2.2653
  2.0388
  1.9255
  3.2564
  2.5485
  2.2370
  2.1521
  2.3220
  2.4636
  2.8600
  2.2937
  1.9255
  1.9255
  1.7273
  1.6141
  1.8689
  2.0105
  7.3907
  5.0970
  3.0016
  2.8600
  2.1521
  3.1432
  8.6083
  2.4069
  3.5962
  7.3907
  2.8034
  1.9822
  1.7840
  1.6990
  1.7273
  3.1998
  2.1238
  1.7556
  7.0509
  9.2313
  2.2087
  2.2087
 11.1285
  2.4636
  2.1521
  2.0388
  2.2370
  1.9255
  1.8406
  1.6141
  2.1238
  2.6618
  1.8406
  1.6141
  1.9822
  1.7273
  1.6707
  3.0016
  1.8123
  1.6141
  1.5008
  1.8406
  5.4652
  3.7095
  4.1059
  1.7556
  2.3220
  2.2087
  1.8123
  1.5574
  1.5574
  1.5291
  1.4442
  1.8406
  1.5574
  1.4725
  1.5008
  1.3875
  6.4562
  2.7467
  2.0388
  5.1253
 15.1778
  5.7200
  2.2087
  2.0388
  6.4562
  2.4636
  2.7467
  1.7840
  2.7751
  3.9360
  1.8406
  2.3220
  4.0493
  2.7184
  4.9271
  7.8154
  2.8317
  1.9255
  3.2281
  1.9255
  1.7840
  1.7273
  2.0954
  2.1521
  2.3503
  2.4352
  3.6812
  2.6335
  2.3220
  8.0420
  8.6083
  3.1715
 13.6770
 10.5056
  2.9166
  2.3220
  2.3220
  3.3980
  3.2848
  2.1804
  2.0388
  3.2848
  7.9854
  5.7766
  5.1820
  4.0493
  4.8139
  6.2863
  3.8794
  3.5962
  2.4919
  3.9077
  4.6440
  2.2937
  2.1804
  2.6051
  2.2370
  2.2087
  1.9539
  2.4069
  3.3697
  2.9450
  2.8034
  2.8034
  1.9822
  1.9255
  1.6424
  1.6424
  1.7840
  1.7556
  1.5857
  1.5857
  1.6141
  1.7556
  1.6707
  1.8689
  1.9822
  1.9255
  2.4919
  3.2564
  2.6335
  4.6440
  4.8422
  4.5590
  4.4741
  4.7006
  3.4547
  2.8034
  2.4919
  8.4101
  6.8810
  6.2863
  3.8794
  5.5784
  2.7184
  2.8317
  3.9077
  5.2953
  2.7467
  2.6051
  2.0388
  2.2087
  2.3503
  2.9166
  2.1804
  1.9822
  4.4457
  2.8317
  6.5129
  6.2863
  3.7095
  2.2937
  2.1804
  2.2370
  1.8406
  1.7840
  1.7556
  1.9255
  1.7556
  3.1715
  1.8123
  2.2370
  3.3980
  2.0105
  5.1537
  2.3220
  3.4547
  2.6051
  2.6051
  8.0420
  2.7184
  3.3131
  2.0105
  2.2653
  1.8123
  1.9539
  1.8406
  3.9644
  3.9077
  2.0388
  1.9539
  2.6618
  3.9644
  2.1804
  3.5679
  3.5962
  3.2281
 16.5370
 13.8753
  3.9360
  2.5202
 27.7222
 12.6010
  3.9927
  2.9733
  2.4069
  3.9077
  2.2370
  2.2370
  2.4919
  2.7751
  2.8883
  2.0954
  2.3503
  2.1238
  1.9822
  2.9733
  4.4457
  8.4951
 12.5160
  7.5323
  3.6246
  5.8616
 13.5071
  2.9733
  2.2370
  1.9539
  1.9255
  1.7840
  1.8123
  3.6812
  2.0105
  2.4919
  1.9255
  2.0105
  1.8689
  1.9822
  1.6990
  1.7273
  1.7273
  1.6707
  1.6141
  1.5574
  2.4352
  2.5202
  1.8406
  6.0881
  2.3220
  1.7840
  1.7556
  1.6707
  1.5857
  1.5574
  1.5291
  1.5291
  1.4442
  1.6141
  2.4352
  2.0105
  2.0105
  1.6707
  1.4158
  1.4725
  1.5008
  1.4158
  1.3875
  1.3309
  1.3309
  1.3026
  1.3026
  1.3026
  1.2743
  1.2743
  1.3592
  2.3220
  1.4442
  1.3026
  1.2743
  1.2459
  1.2743
  1.3026
  1.3026
  1.2743
  1.6707
  1.6141
  1.4158
  1.4158
  1.3026
  3.0582
  1.8972
  1.7273
  1.8123
  2.3220
  2.1804
  1.6707
  1.4442
  1.3309
  1.2743
  1.2459
  2.4919
  1.8406
  2.0105
  1.7556
  1.7556
  2.1521
  2.4069
  3.8511
  1.6707
  1.4442
  1.3592
  1.2743
  1.2743
  1.2459
  1.2176
  1.2176
  1.1893
  1.1893
  1.1893
  1.3026
  2.1238
  1.8123
  3.2848
  1.4442
  2.0671
  2.6618
  3.5679
  1.7840
  2.7751
  4.1343
  2.3786
  5.4652
  3.3980
  5.7766
  2.6335
  1.8689
  2.8034
  1.9539
  1.5574
  1.9255
  1.4442
  1.6707
  1.4158
  1.3592
  2.0105
  1.4158
  1.2743
  1.2176
  1.4442
  1.5008
  1.3592
  1.9822
  1.4725
  1.6141
  8.8632
 12.0347
  2.3786
  1.7273
  1.8406
  1.8972
  1.4158
  2.2653
  1.5291
  1.9822
  2.4352
  2.4352
  2.0105
  2.2653
  2.7751
  3.8511
  2.5202
  1.7273
  1.6707
  1.7556
  5.6634
  2.4919
  1.6141
 12.9125
  2.2653
  1.7273
  1.5291
  1.5857
  3.8794
  4.5307
  9.1180
  6.7111
  2.5768
  1.8689
  1.6141
  1.8972
  2.6335
  3.0016
  2.7467
  7.0509
 11.0153
  2.5485
  1.7556
  1.8689
  1.7840
  4.0493
  1.8689
  1.8123
  1.4442
  1.3875
  1.3309
  2.0388
  2.0105
  1.6990
  1.5291
  1.6707
  4.0493
  3.8794
  7.0792
  4.4457
  2.2937
  1.7556
  1.5291
  1.4442
  1.3592
 39.0772
 11.5533
  6.4562
  5.9182
  5.9749
  8.2685
  5.4652
  4.6440
  4.0210
  3.4263
  2.7467
  2.3786
  2.4069
  2.7467
  3.0299
  2.6901
  2.3220
  2.1238
  2.0105
  1.9255
  1.1893
  1.1610
  1.1327
  1.1044
  1.1610
  1.7556
  1.6707
  3.5396
  2.0105
  1.3309
  1.1893
  2.0105
  1.6424
  1.6424
  1.2743
  1.0760
  0.9628
  1.6424
  5.0404
  1.6141
  1.4442
  1.3026
  2.1521
  1.5291
  1.6990
  1.4442
  5.5218
  1.7273
  2.4352
  3.9360
  2.6335
  1.5857
  2.2937
  1.9822
  1.5574
  1.3592
  7.5323
  4.1626
  2.1521
  1.8123
  2.7184
  3.2564
  1.7840
  3.8794
  2.9450
  2.1521
  2.0671
  2.2937
  2.0105
  2.6901
  1.8123
  1.5291
  1.3875
  1.6707
  1.3309
  1.2743
  1.2743
  1.2459
  1.2176
  1.2176
  1.1893
  1.1893
  1.3309
  1.3875
  1.1610
  1.3309
  1.6424
  3.3414
  5.0970
  1.4158
  1.2743
  1.1327
  1.1044
  1.1044
  1.0760
  1.0760
  1.0477
  1.4442
  1.6707
  1.9539
  1.5857
  1.3026
  1.1327
  1.1044
  1.3309
  1.1327
  1.2743
  1.1893
  1.8972
  1.2743
  1.1327
  1.2176
  1.1893
  1.1893
  1.1610
  1.1893
  1.1893
  1.1893
  1.1610
  1.1327
  1.6141
  1.3875
  1.3592
  1.9822
  1.5008
  1.1327
  1.0760
  3.6812
  2.4919
  5.5501
  3.8228
  4.3042
 10.1374
  3.6529
 14.6964
 10.0808
  8.5517
  5.6634
  5.7200
  4.8422
  4.3042
  2.1238
  1.6990
  1.7273
  1.7556
  1.3875
  1.3309
  1.2459
  1.5291
  2.2087
  1.9255
  2.3503
  5.1253
  2.9166
  2.4919
  2.9450
  1.8123
  2.1238
 12.0630
  3.4830
  8.3818
  2.8034
  2.1238
  1.6424
  1.3875
  1.3592
  3.3131
  1.3592
  1.1893
  1.1044
  1.2743
  1.1044
  1.4442
  1.4725
  1.1327
  1.0760
  1.8972
  1.1044
  1.0194
  1.0194
  0.9911
  0.9911
  0.9911
  0.9911
  1.5574
  2.0105
  2.1804
  1.0477
  1.0477
  0.9911
  1.0760
  1.0760
  1.0760
  0.9628
  0.9345
  1.1044
  1.3875
  1.1893
  1.0194
  1.3309
  1.8689
  1.1044
  1.7273
  1.6424
  1.5574
  1.5008
  1.4725
  1.9539
  1.5574
  2.1238
  2.9450
  4.8422
  4.3042
 13.9885
  7.1075
  6.8810
  3.3697
  2.5202
  2.0105
  1.8123
  2.7467
  7.0226
  6.8244
  3.8794
  2.3220
  3.3980
  9.7693
  2.3786
  1.8406
  1.6707
  4.4741
  2.6618
  1.9539
  2.0954
  2.1238
  1.9255
  2.4636
  2.6618
  1.7840
  1.5574
  1.4725
  1.4442
  1.4158
  1.3875
  1.3875
  1.5574
  1.6707
  6.3430
  5.2103
  2.0954
  2.0388
  3.3980
  4.9271
  2.4069
  2.0388
  2.2370
  1.7840
  1.9539
  2.8600
  3.0582
  6.3996
  3.8511
  2.8600
  1.9822
  1.7273
  1.5857
  1.6424
  1.5008
  1.7840
  1.8972
  3.3697
  2.3503
  1.6141
  1.7556
  2.2370
  2.2937
  1.8689
  2.1804
  4.9838
  4.1343
 10.2507
  9.0897
  9.3162
  4.4741
  3.6529
  8.7216
  4.6723
  3.8228
 10.3073
 13.6204
  5.2953
  2.5768
  4.6156
  5.6634
  3.2848
  7.6455
  3.3697
  2.4069
  2.2087
  2.6901
  4.9838
  4.3891
  2.2937
  1.8972
  1.8972
  2.0105
  1.5857
  1.5291
  1.5008
  2.3786
  1.7840
  9.6277
  3.9077
  2.2370
  1.7273
  1.6141
  3.0582
  6.2580
  3.6812
  2.0388
  1.6990
  1.7273
  2.3220
  2.3503
  1.6424
  2.1521
  2.0105
  1.6707
  1.5574
  1.6141
  1.5008
  2.2087
  1.6707
  1.5008
  1.4442
  1.5291
  1.8689
  4.7006
  2.4636
  1.6990
  1.6707
  2.0671
  1.8123
  1.8123
  2.4069
  2.9166
  3.4830
  1.8406
  6.7960
  3.0582
  7.3341
  3.0582
  3.7661
  3.0299
  2.0105
 10.7038
 42.1921
  3.3697
  6.2863
 31.4317
  3.9077
  6.3713
  4.4174
  7.3057
  8.1269
  4.4457
  2.6335
  2.8600
  9.2030
  3.8228
  4.9271
  2.8034
  2.2653
  5.4652
 23.7578
 10.1374
  3.7095
  2.5485
  3.1715
  2.5485
  2.6051
  2.4069
  2.0671
  2.9450
  2.0388
  1.8972
  1.8689
  2.3503
 10.7887
  7.3907
  7.5323
  4.8422
  4.5590
  2.4352
  2.0671
  3.0016
  2.0954
  6.9376
  7.5606
  5.1820
  5.8333
  4.6723
  2.6051
  6.0881
  5.0404
  3.9927
  3.8511
 13.9319
  8.0703
  4.9554
  3.2564
  2.7751
  2.7184
  4.4457
  2.6901
  2.3220
  2.0671
  1.9255
  1.8406
  1.7840
  2.2653
  2.4636
  1.8972
  1.7556
  1.6990
  1.6707
  3.5113
  5.2386
  2.4636
  2.3220
  3.6529
  2.4069
  2.2087
  1.7840
  1.6990
  1.6707
  1.7556
  1.8972
  1.7273
  1.7273
  1.6707
  1.6424
  1.6141
  1.6141
  2.5485
  2.6618
  2.6051
  2.8317
  2.2370
  3.1998
  2.5202
  3.1998
  2.9166
  3.9077
  3.2848
  2.2937
  1.8972
  1.7840
  1.7840
  3.3414
  2.9166
  2.8883
  2.7467
  1.8689
  1.7273
  2.1521
  2.3503
  1.9822
  1.9822
  1.7556
  1.6424
  1.6141
  1.5857
  1.5857
  1.7556
  1.6424
  1.5574
  2.0954
  1.7273
  2.0671
  6.2297
  3.7095
  1.8406
  1.6707
  1.5857
  2.3503
  5.1820
  5.2953
  4.6156
  3.1432
  5.5501
  3.2848
  2.0105
  1.7840
  1.6707
  1.6424
  8.6650
 11.7515
  3.2564
  6.1448
  9.0897
  8.1553
 25.0604
  3.3414
  2.4919
  3.3697
  2.2370
  6.5129
  3.1149
  2.7467
  1.9255
  1.9539
  4.3608
  1.7840
  2.5768
  2.4069
  5.0121
  4.8705
  4.9838
  4.0210
  2.7467
  5.5218
  4.0776
  2.2653
  9.4012
  2.9450
  3.5962
  2.6618
  2.3786
  3.5396
 29.4495
 16.7919
  3.5679
  3.5113
  2.2937
  2.4352
  2.5768
  2.2087
  2.6051
  1.9539
  3.2564
  2.1804
  1.8123
  1.6990
  1.7273
  1.6141
  1.5857
  1.5574
  1.5291
  1.5291
  1.5291
  1.5008
  1.5008
  1.5008
  1.6424
  1.5291
  1.5008
  1.6424
  1.6707
  1.9255
  1.6707
  2.0954
  2.4919
  2.4352
  1.8689
  3.3980
  2.3503
  6.3996
 34.5466
  9.5711
  2.2653
  1.6707
  1.5857
  1.5574
  1.5291
  1.5291
  1.5291
  1.5008
  1.5008
  4.0776
  2.3503
  1.5291
  1.5008
  1.4725
  1.4725
  1.4442
  4.1343
 10.4489
  3.3980
  1.9822
  1.7556
  1.5857
  1.5291
  1.5857
  1.6141
  2.4352
  1.5574
  1.6141
  2.0388
  1.5574
  1.5291
  1.5008
  1.5008
  1.5008
  1.4725
  1.4725
  2.0388
  1.8689
  1.5008
  1.4725
  1.4725
  1.4442
  1.4158
  1.3592
  1.3875
  1.3026
  1.2176
  1.1893
  1.1610
  1.1610
  1.1327
  1.0760
  1.2743
  3.4263
  1.5008
  2.1238
  3.2848
  2.2937
  2.8317
  1.6424
  1.1610
  1.0477
  1.0194
  1.0194
  0.9911
  1.0760
  3.6246
  4.0776
  3.0016
  2.2653
  1.7840
  2.7184
  5.9182
  2.7184
  2.0388
  2.8317
  3.7378
  8.5234
  4.6156
  4.5307
  4.1343
  2.3220
  3.1998
  7.7305
  7.8154
  4.5307
  3.1149
  3.6812
  4.0776
 26.1648
  5.3802
  4.6723
  3.8511
  5.8616
  4.4174
  2.8317
  2.2370
  2.1521
  1.8972
  1.9255
  1.6707
  3.3697
  2.0671
  2.4069
  2.4069
  4.5590
  5.9182
  4.7006
  5.5784
  4.2475
  3.6529
  4.6156
  2.9166
  2.0388
  1.6990
  2.6901
  6.5412
  2.6051
  1.5574
  1.4158
  1.4442
  1.3875
  1.4158
  2.3786
  3.0016
  2.5485
  2.0105
  2.4919
  1.5574
  1.3875
  1.8406
  4.9838
  5.0970
  1.6707
  1.5857
  1.6141
  1.5291
  1.4725
  1.4442
  1.4442
  1.6141
  1.3875
  1.3592
  1.3026
  1.3026
  1.2743
  1.2459
  1.2176
  1.1610
  1.1327
  1.5574
  2.6335
  4.5590
  3.8794
  2.9733
  2.0671
  1.5291
  3.5962
 27.4390
  8.2119
  3.9644
  3.6812
  4.3042
  4.6156
  2.0388
  1.8689
  1.5574
  1.7556
  2.0671
  3.2281
  1.6707
  3.1149
  1.5857
  1.4158
  1.2743
  1.2459
  1.2459
  1.2176
  1.1893
  1.1327
  1.1327
  1.3592
  6.7111
  2.8317
  5.5501
 26.3064
 11.6382
 18.3776
  5.1253
  2.6618
  2.5768
  3.0299
 37.0951
  5.6351
  3.1998
  3.0016
  2.1238
  1.8689
  1.7840
  1.7273
  1.6990
  1.6707
  1.6424
  1.6141
  1.5857
  2.5768
  3.3697
  4.6440
  5.8050
  3.7661
  2.1238
  2.0671
  1.7840
  2.8600
  2.2653
 13.7054
 16.7353
  7.2774
  5.2953
  8.5800
  4.5873
  2.6901
  3.9644
  6.2297
  4.9554
  5.1820
  3.9360
  8.4101
 11.5816
  4.4741
  2.9166
  2.2937
  2.0671
  3.3131
  2.8034
  2.0671
  1.8689
  1.7840
  1.7273
  1.6707
  1.6990
  5.8899
  5.7200
  3.9927
  2.1804
  2.0388
  1.8406
  2.1238
  4.1343
  2.2370
  2.3220
  3.3414
  3.7945
  2.0388
  1.9822
  1.8406
  1.8406
  2.4636
  2.0105
  2.2087
  2.1804
  4.5307
  2.4352
  9.8826
  6.1448
  3.3131
  3.9077
  3.0016
  7.4473
  5.6634
  5.0121
  9.7976
  5.7766
  3.3980
  4.4457
  2.8600
  3.9927
  2.4352
  4.5590
  4.5590
  3.1149
  2.4919
  6.5412
  4.1626
  3.6246
  2.3503
  2.0954
  1.9539
  3.0865
  2.2937
  2.3786
  2.6051
  1.9822
  2.2087
 13.0257
 13.4505
  2.8317
  3.0299
  2.4919
  1.9822
  1.9822
  1.8689
  2.2087
  3.9644
  2.1238
  2.3786
  3.3131
  1.9822
  2.0388
  1.9539
  2.3786
  1.8689
  1.7273
  1.6990
  1.7273
  1.6990
  1.6707
  1.6424
  1.6990
  3.7095
  2.0954
  3.3131
  1.9539
  1.6990
  4.0210
  2.8034
  2.4919
  2.6901
  2.1804
  2.0954
  2.1804
  1.7273
  2.7751
  4.6723
  1.9255
  1.7273
  1.6707
  2.5768
  2.7751
  2.9450
  3.6812
  2.6618
  2.2937
  3.0582
  2.2370
  2.2087
  2.8883
  2.5768
  1.8972
  3.3414
  4.4741
  3.0016
  4.1626
  3.9927
  2.7751
  2.1804
  2.3503
  1.9539
  1.7556
  1.6990
  5.5784
  2.4919
  3.9360
  2.0105
  1.7840
  5.1253
  7.1642
  5.4368
  2.4636
  1.9255
  3.9360
  4.5307
  6.4279
 22.4836
 12.8842
  6.7111
  8.5800
  7.5889
  6.2863
  3.0865
  2.3786
  1.8972
  1.6990
  1.8123
  1.6707
  3.2848
  3.9644
  3.7945
  9.4861
  2.7467
  2.3503
  2.3220
  2.7184
  2.0671
  1.8689
  7.9570
  3.3980
  3.2281
  4.1343
  2.4919
  2.0671
  2.1804
  3.0299
  6.1448
  6.4279
  6.3430
  5.6917
  4.3042
  6.3147
  4.8422
  3.0016
 13.0257
 12.6293
  5.7766
  5.6917
  3.9077
  2.8034
  3.5679
  4.4741
  5.3802
  3.1998
  2.2087
  1.8406
  1.7556
  3.5679
  1.7840
  1.6424
  2.4069
  3.2848
  2.0671
  4.5873
  1.9822
  1.6707
  3.4830
  3.3414
  4.3325
  3.1432
  2.6618
  4.7006
  5.4085
  6.9376
  4.6156
  2.3786
  1.9255
  1.8689
  2.7467
  4.5307
  5.5784
 10.8170
  9.7127
  6.2014
  5.2386
  4.0776
 10.6755
  7.8154
  7.3057
  3.7945
  3.7378
  2.9166
  7.3907
  3.3131
  2.9733
  4.4174
  2.8317
  3.1149
  3.0016
  5.8050
  2.6335
  3.0582
  5.1820
  5.4935
  2.5202
  2.0388
  1.8406
  1.7556
  1.6990
  1.7273
  1.6141
  1.5857
  1.6141
  1.8689
  2.0388
  1.8689
  1.6141
  2.1238
  2.5202
  2.1521
  4.0776
  2.2937
  1.8972
  1.9255
  4.4457
  2.6335
  2.0105
  2.2370
  4.3042
  3.0299
  2.8317
  2.4919
  3.6246
  2.5202
  2.8034
  3.9927
  2.5202
  2.1521
  1.8123
  1.7556
  3.6246
  7.3341
 17.5564
  3.5113
  2.3503
  1.9822
  3.2281
  3.4547
  2.7467
  2.4069
  1.8406
  4.6723
  6.3996
  7.1075
  4.7006
  2.6335
  2.0105
  1.7840
  1.6990
  2.2937
  6.2580
  2.2370
  2.6335
  3.7945
  2.5768
  2.2370
  2.0671
  2.2087
  2.2937
  2.4636
  4.5307
  4.4741
  3.8511
  3.3697
  1.8689
  3.0299
  3.8794
  1.7556
  2.2937
  2.0388
  2.0388
  3.5113
  3.1149
  2.9733
  2.6051
  3.9927
  8.2402
  4.4174
  8.3252
  4.9271
  7.6172
 13.4222
  9.2879
  6.9659
  3.5113
  2.6051
  2.2937
  2.5202
  4.0210
  2.4636
  3.0582
  3.3414
  2.0954
  1.9822
  1.8689
  1.8689
  1.8406
  3.1715
  1.9539
  1.8123
  1.7556
  1.7273
  1.6990
  1.7556
  1.6990
  1.6707
  1.6424
  1.6141
  1.6707
  1.7273
  1.8123
  2.3503
  2.0388
  1.8972
  1.7840
  1.6424
  2.9450
  8.7216
  6.0032
  2.9450
  2.4352
  2.5202
  1.7273
  1.6424
  1.5857
  2.2087
  3.0016
  1.7273
  1.6707
  1.8406
  1.5857
  1.5857
  1.6424
  2.2653
  1.9539
  1.8123
  1.7840
  3.0299
  2.1804
  3.1998
  3.8228
  2.3503
  2.2370
  1.6707
  1.5857
  1.5574
  1.5291
  1.7556
  2.9450
  3.2848
  3.0299
  3.6246
  3.9077
  4.2192
  5.2386
  7.9570
  5.6634
  2.4069
  1.9539
  2.1238
  2.7184
  2.8883
  2.8600
  6.2297
  3.3980
  1.9822
  4.0493
  9.3729
  8.9481
 10.4772
  5.7483
  3.7661
  2.8034
  3.2848
  2.6051
  4.3891
  5.0687
  5.0687
  7.2208
  3.6812
  3.5113
 11.4117
  5.1820
  5.1537
  3.1149
  2.3786
  2.4352
  2.9166
  2.6051
  3.4547
  4.4741
  3.1715
  2.1521
  2.6335
  2.2370
  1.7840
  1.6990
  5.6634
  2.1238
  2.2653
  1.8972
  1.6990
  1.6990
  1.9539
  4.8705
  4.5024
  2.3786
  2.3220
  7.4756
  4.3325
  2.2937
  2.1238
  1.8972
  1.8123
  1.6424
  1.9255
  2.8034
  4.2758
  2.3503
  1.7556
  4.3608
  3.1998
  2.9166
  4.3325
  2.3220
  2.4636
  3.9360
  3.3414
  2.7184
  2.0105
  1.7840
  2.2653
  2.3503
  2.0671
  1.7840
  1.6707
  2.2653
  2.2087
  2.3220
  2.0954
  2.3786
  3.8511
  4.4174
  4.0776
  2.7184
  2.4069
  2.2087
  2.5202
  3.3414
  3.0582
  2.2087
  1.8123
  1.6707
  1.6141
  8.8915
 37.0951
 41.6258
 30.5822
  7.3057
  5.4935
  4.1343
  4.1343
  5.2386
  4.3042
  2.7467
  2.1521
  1.9822
  1.7840
  1.6424
  2.4636
  3.3131
  2.5485
  1.8406
  1.6424
  1.8123
  1.8123
  2.1521
  3.7945
  2.2370
  2.8034
  3.9927
  2.1521
  1.7273
  1.5574
  1.4725
  1.4725
  1.4442
  1.4442
  1.3592
  1.3592
  1.5291
  2.2653
  2.3220
  1.5857
  2.7184
  3.6812
  2.3503
  1.5574
  1.4158
  1.3592
  1.3592
  1.3309
  1.3026
  1.3026
  1.2743
  1.2743
  1.2743
  1.2743
  1.2459
  1.2743
  1.2743
  1.2459
  1.2743
  1.2743
  1.2459
  1.2459
  1.2176
  1.2176
  1.8123
  2.2370
  1.4442
  4.0776
  2.7184
  1.8972
  1.5008
  1.5574
  2.3786
  1.8689
  2.2087
  1.4442
  1.4158
  2.7751
  2.5485
  1.7840
  1.4442
  1.8972
  2.0388
  2.1804
  3.0582
  2.5768
  1.6990
  3.0299
  1.6141
  2.9450
  2.2937
  3.0865
  3.0865
  7.3624
  2.5485
  1.8972
 11.4117
  8.4667
  2.8034
  2.1804
  1.8972
 11.7232
 12.8558
  4.3608
  2.5485
  7.2208
  9.4012
  3.1998
  5.0970
  2.2937
  3.9644
  4.4174
  3.1432
  2.7184
  2.6335
  3.4263
  4.0776
  3.8511
  3.2564
  2.5202
  1.7840
  1.6141
  1.6141
  1.4725
  1.4725
  1.3875
  1.3592
  1.3309
  1.3309
  1.4725
  1.3875
  1.6424
  1.6424
  1.3875
  1.6141
  1.4442
  1.3309
  2.0105
  3.5962
  2.4636
  1.9822
  6.5129
  6.7677
  2.1521
  4.0210
  2.0671
  2.7751
  1.7273
  2.9166
  2.9450
  8.0420
  2.8034
  2.4352
  1.8972
  1.5291
  1.5574
  1.4725
  2.7184
  4.5024
  4.1626
  4.1343
  2.5485
  2.4636
  4.0210
  5.5784
  2.2370
  1.7273
  2.0388
  1.6141
  1.5008
  2.2370
  1.5008
  1.3875
  1.3875
  1.3026
  1.2743
  1.2459
  1.2459
  1.2459
  1.7840
  9.5994
  3.4830
  1.7556
  1.8406
 10.6188
  4.2192
  3.4830
  1.8406
  4.8422
  2.8317
  9.3729
  4.8705
 15.8291
  6.1164
 14.2434
 16.6220
  6.6261
  3.3980
  2.3503
  4.0493
  5.4085
  7.8721
  9.4861
  7.1925
  4.5590
  4.2475
  2.2370
  1.8972
  4.5307
  6.3430
  5.2103
 17.4149
  5.2386
  7.3057
  3.7661
  3.0016
  3.0582
  4.0493
  2.2937
  1.8406
  1.7273
  3.3697
  3.7661
  2.2087
  1.7556
  1.5857
  1.5008
  1.5291
  1.7840
  2.4919
  1.6990
  2.8034
  1.8406
  1.5291
  1.4442
  1.3875
  1.3592
  1.5574
  1.5291
  2.2087
  1.6424
  1.4442
  1.6990
  1.5857
  1.8123
  8.2402
  2.7467
 10.9586
  3.0299
 10.5056
  4.7572
  7.8721
  2.1804
  1.7840
  1.6141
  1.7273
  3.7945
  3.8794
  2.6051
  2.0671
  2.4919
  1.6141
  1.4442
  1.4442
  1.3875
  3.5962
  2.4636
  1.5291
  4.7572
  3.1715
  1.7840
  3.1998
  4.8139
  4.1059
  2.0671
  1.6990
  1.5291
  1.4442
  1.3875
  1.3309
  1.3026
  1.3026
  1.3026
  1.9539
  1.9822
  1.6707
  2.6335
  4.7572
  4.7572
  2.0388
  1.8406
  2.8317
  1.8972
  1.8689
  2.2087
  1.7556
  1.5291
  1.3592
  1.4158
  2.2653
  1.4725
  1.4442
  3.5679
 15.9141
  6.5695
  4.6156
  5.8333
  8.2402
  6.1164
  4.3608
  3.4830
  2.1521
  1.7556
  2.2653
  3.0865
  2.3220
  2.0388
  5.3236
  3.5113
  1.9822
  3.9927
  3.5679
  5.3236
  5.0970
  2.7467
  2.6618
  4.1059
  2.8600
  2.1521
  1.8123
  1.5574
  1.5008
  1.4725
  1.5574
  1.8123
  1.5008
  1.4725
  1.3592
  1.6990
  1.6707
  1.5857
  4.7855
  1.6424
  1.4442
  1.5574
  1.3592
  1.3026
  1.2743
  1.3026
  1.2743
  1.3592
  6.9093
  2.1521
  2.8317
  1.6990
  1.4725
  2.2370
  1.6424
  2.6335
  1.6424
  1.4442
  2.4352
  2.5485
  2.0954
  1.9539
  2.1521
  1.7273
  1.5857
  1.5008
  1.4725
  1.4725
  1.4442
  1.4158
  1.3592
  1.3592
  1.3309
  1.3026
  1.2743
  1.2743
  1.2743
  1.2459
  1.2176
  1.9539
  1.6141
  1.3026
  3.3697
  3.1715
  2.1804
  1.4725
  1.4158
  2.2653
  2.7184
  2.7184
  2.5202
  3.0299
  2.5202
  1.4442
  1.3592
  1.2743
  1.2459
  3.9360
 12.3461
 27.4107
  9.0331
  3.6529
  5.9465
  3.1998
 13.3939
  4.3325
  3.2564
  2.2937
  1.9255
  1.7556
  3.3131
  7.4190
 15.3194
  3.4830
  2.4919
  2.1238
  1.7556
  1.6141
  1.4725
  1.5291
  1.8972
  1.7273
  1.4725
  1.3875
  1.3309
  1.3026
  1.3026
  1.5291
  1.3592
  1.4725
  2.5768
  2.4069
  2.7184
  3.5396
  5.7200
  2.5202
  2.6051
  2.1238
  1.6141
  1.5008
  1.4442
  5.3236
  5.8616
  2.7751
  4.0210
  7.0792
  2.9166
  2.3786
  1.7273
  1.7556
  1.5008
  1.4158
  1.3592
  1.3592
  7.6739
  3.4830
  2.9450
  2.0671
  1.6707
  1.9255
  2.7751
  2.8317
  1.7556
  2.4636
  2.7467
  1.6707
  1.4725
  1.6424
  2.2370
  4.2192
  2.7467
  4.5873
  3.0582
  2.5202
  1.9255
  2.4636
  2.2370
  1.7840
  1.9539
  1.5574
  1.6141
  1.4158
  2.0671
  1.7840
  1.9255
  1.7840
  1.3592
  2.2087
  1.9539
  1.6990
  2.4069
  8.8632
  3.7378
  3.6529
  3.3697
  5.7483
  7.2774
  2.4069
  1.8406
  1.5857
  1.4442
  1.3875
  1.6990
  1.7556
  1.6707
  1.4442
  1.3026
  1.3875
  1.4158
  1.4442
  4.1909
  1.7840
  2.4636
  2.8883
  1.4442
  1.6707
  1.3592
  1.3875
  2.2653
  4.4741
  2.0388
  2.7751
  3.1998
  2.1521
  2.5768
  2.1238
  1.5008
  1.3592
  1.5291
  5.4085
  2.8034
  3.9644
  2.6335
  1.6424
  1.4442
  1.3592
  1.3592
  1.3309
  1.2176
  1.1893
  1.1610
  1.1610
  1.1610
  1.1327
  1.5291
  1.5291
  6.0881
  2.0671
  3.0299
  5.2669
  2.0671
  3.1149
  2.8883
  1.8972
  2.5485
  2.6051
  8.1836
 31.7149
  4.1626
  2.1804
  2.6618
  2.3503
  7.6172
  5.0970
  3.0299
  4.8988
  4.9271
  8.7216
  3.7661
  3.9644
  3.3980
  2.5485
  1.8689
  1.7273
  1.4442
  1.3309
  1.3309
  1.6141
  1.4442
  1.5008
  1.2459
  1.2176
  2.3220
  3.9360
  3.2848
  6.0598
  2.2937
  1.6707
  5.6634
  3.4830
  7.2491
  2.5485
  2.3220
  8.3535
  3.6812
  2.0954
  1.6424
  1.5008
  1.3875
  1.3026
  1.2743
  1.2176
  1.1893
  1.1610
  1.1610
  1.1327
  1.1327
  1.1327
  1.1327
  1.1610
  1.1610
  1.9822
  5.1253
  2.7184
  2.8034
  1.8406
  3.1715
  1.6141
  1.7273
  2.3220
  1.8972
  2.4069
  2.1238
  2.7184
  2.0105
  2.5202
  3.1715
  1.8689
  3.1149
  4.5590
  2.5768
  2.1238
  2.0105
  3.2281
  2.3503
  2.5202
  1.8406
  1.9822
  1.8406
  2.3786
  1.7840
  1.4158
  1.5008
  1.5291
  2.2653
  2.0954
  2.3786
  1.8123
  1.5008
  1.3026
  1.2743
  1.1893
  1.3026
  1.2743
  1.1327
  1.1044
  3.9077
  2.5768
  1.4158
  1.3875
  1.1893
  2.2087
  7.6739
  1.5857
  1.2459
  1.1893
  1.1610
  2.0105
  2.2937
  1.3592
  1.6424
  1.5857
  1.2176
  1.1327
  1.1044
  1.1044
  1.2176
  1.1610
  2.0105
  1.3026
  3.3131
  2.0671
  1.9255
  1.4158
  1.7273
  1.5291
  1.9255
  1.4725
  3.1432
  3.1432
  6.4846
  1.7840
  1.4442
  1.3026
  1.2176
  1.2176
  1.2176
  4.2475
  2.1521
  1.2743
  1.2459
  1.5291
  1.5008
  1.3875
  1.3026
  3.5396
  1.6707
  1.5574
  1.1893
  2.2087
  1.5291
  1.5574
  1.6990
  1.8406
  1.2743
  2.5768
  2.4636
  1.9539
  1.1893
  1.1610
  1.1893
  1.0760
  1.0477
  1.7273
  1.1044
  1.0760
  1.0477
  1.0194
  0.9911
  2.6618
  8.0986
 13.1673
 14.7531
  6.3430
  3.0582
  2.1521
  1.9255
  6.6828
  3.1715
  2.4069
  2.4352
  5.7766
  5.0970
  4.7006
  9.7976
  3.6529
  2.2937
  3.1715
  9.7410
  4.1909
  2.8317
  2.2653
  1.9255
  4.1059
 10.2507
  2.9733
  2.6335
  2.0105
  2.1238
  2.0105
  1.6990
  1.6141
  3.4263
  3.3697
  4.8988
  3.5396
  2.0954
  2.2653
  2.6051
  2.0671
  3.8794
  2.4069
  5.7200
  5.0121
  3.7095
  2.3503
  1.9255
  1.7273
  1.7273
  2.2370
  1.6990
  1.9822
  2.6618
  4.1626
  2.5768
  2.9733
  3.9927
  3.5113
  3.3980
  2.4352
  2.3220
  1.8123
  2.3220
  1.6990
  1.8972
  3.0299
  3.5113
  9.0614
  7.0226
  9.2313
  9.4578
  8.5517
  9.4012
  8.5517
  3.1998
  3.5113
  4.3325
  8.3252
 14.1301
  6.0598
  4.6156
  8.8632
  5.8050
  3.2564
  2.4069
  5.3236
  2.8883
  2.4919
  4.0776
  3.2281
  4.5024
  2.7467
  3.2564
  2.4069
  2.1804
  2.1521
  2.0388
  1.8406
  1.7273
  1.8972
  2.1521
  2.3220
  2.8600
  1.9255
  1.8972
  2.4352
  1.7273
  2.5202
  2.2937
  1.6707
  1.5574
  1.5008
  1.5008
  1.4725
  1.6707
  1.6990
  2.2937
  6.1448
  1.8689
  1.9255
  1.6424
  1.8972
  5.8333
  6.4562
 16.6503
  3.3697
  2.0954
  3.1149
  2.2653
  2.7184
  3.2564
  5.7200
  6.7960
  4.5024
  2.8034
  2.4636
  1.9255
  1.7273
  1.6424
  1.5857
  1.5291
  3.2848
  2.1238
  2.0388
  2.1521
  4.3042
  3.2564
  2.4636
  2.5768
  2.1804
  3.6529
  1.8972
  3.2564
  3.5679
  1.8972
  1.6990
  9.0048
  6.4846
  2.6335
  3.1715
  5.0687
  3.2848
  2.1238
  5.1820
  4.5590
  3.9644
  3.3414
  3.0582
  3.0865
  4.5307
  7.9004
  5.1820
  8.2119
  6.0598
  7.0226
  4.5024
  4.4741
  2.7467
  2.3786
  1.9255
  1.8689
  2.1804
  6.6261
  5.1820
  4.5307
  3.1432
  2.8883
  2.5485
  2.2653
  7.9570
  7.1642
  3.0016
  8.0420
  5.3236
  2.5202
  3.2281
  3.1715
  3.0299
  4.8422
  2.0388
  1.8123
  1.6990
  1.6424
  1.6141
  1.5574
  1.5574
  1.5291
  2.0671
  1.5574
  1.5291
  1.4725
  1.4442
  1.4725
  2.4919
  1.9822
  1.5857
  1.5008
  1.4442
  1.4725
  1.7273
  2.3503
  1.5008
  1.4442
  1.4158
  1.4158
  1.9539
  1.9255
  1.5291
  1.4725
  2.0105
  1.5857
  1.4725
  1.5857
 11.2418
  4.2475
  2.0388
  1.8406
  1.7556
  1.5857
  1.5857
  1.6707
  1.5574
  2.1804
  2.4919
  4.1626
  3.0865
  4.1909
  2.3503
  2.0954
  2.6901
  1.9255
  4.3042
  3.6246
  3.5396
  2.1238
  5.4368
  2.1521
  1.8406
  2.2937
  3.1715
  2.1238
 18.2360
  4.2192
  2.3220
  2.0388
  9.4861
  2.2087
  6.3713
  2.6051
  3.0016
  2.6335
  2.5202
  3.4263
  2.3220
  2.3220
  2.1521
  3.7945
  2.8317
  1.8123
  1.7840
  2.0954
  5.5784
  2.7184
  5.2386
  4.8139
  2.6051
  3.3980
  3.6246
  3.9644
  8.2968
  2.7184
  2.3220
  1.8972
  1.7556
  1.9255
  3.1149
  2.9166
  1.8123
  1.5857
  1.5291
  5.6067
  4.7855
  2.4352
  1.9255
  2.0105
  1.6990
  2.0671
  1.5574
  2.0105
  1.6424
  1.6141
  1.4725
  1.4442
  1.6424
  2.3503
  1.4442
  1.3592
  1.5574
  1.6424
  2.2370
  1.5574
  1.8123
  1.4442
  1.6990
  1.4158
  1.3026
  1.2743
  1.2459
  1.5574
  1.4725
  1.3875
  1.3309
  1.8123
  1.8406
  1.5008
  1.7556
  1.5008
  1.5291
  6.3713
  4.5590
  2.2370
  1.7273
  2.5485
  1.9539
 11.6099
  4.5307
  2.5768
  2.8317
 27.0992
 38.5109
 15.2061
  7.1075
  3.0016
  2.0954
  2.8317
  2.6051
  5.7766
  4.7289
  3.7378
  1.8406
  2.7184
  1.9539
  2.8883
  2.8317
 13.3089
  2.4919
 16.2539
 17.5281
  7.2774
  3.3697
  2.4352
  2.5485
  2.0954
  1.9255
  3.0582
  4.1343
  5.4368
  5.3519
  4.1343
  4.6156
  3.3131
  3.0299
  3.0016
  3.8511
  2.6901
  2.1804
  3.3131
  3.7095
  3.5962
  3.7661
  5.2669
  2.4352
  2.6618
  2.3503
  3.6246
  2.6618
  2.1804
  2.2370
  2.8317
 11.3551
  6.9093
  6.0315
  5.1253
  4.2475
  4.2192
  4.9271
  4.7289
  3.9644
  4.1343
  5.4652
  2.7751
  3.3414
  2.4069
  3.1715
  3.3131
  3.4830
  2.8883
  3.0016
  2.2087
  2.0671
  1.9255
  1.8689
  2.0954
  1.9539
  1.8123
  1.7556
  1.7273
  1.7273
  1.6990
  1.6707
  1.6990
  1.6707
  1.6424
  1.6424
  1.6141
  1.6141
  1.6707
  1.6424
  1.5857
  2.3503
  2.0671
  3.0016
  6.2297
  3.6529
  3.7095
  2.7184
  3.2281
  3.9927
  2.8034
  2.0671
  3.7945
  2.5202
  2.0671
  1.8689
  1.7556
  1.7273
  1.6707
  1.6141
  1.5857
  1.5857
  1.7556
  1.8406
  1.6141
  1.6707
  1.5574
  2.1238
  5.8333
  2.0388
  2.2370
  3.3414
  2.8034
  3.5679
  2.6335
  1.8972
  1.7273
  1.6424
  3.0016
  2.0105
  1.6707
  1.6141
  1.6141
  1.6707
  3.5962
  3.6246
  5.1820
  2.4352
  3.6246
  7.1358
  3.1432
  2.0105
  2.2370
  3.1998
 27.8921
 23.1632
  3.6529
  3.5396
  2.6618
  2.1521
  2.6051
  2.1521
  1.9539
  6.7111
  4.0493
  1.9255
  1.7273
  2.3786
  3.0299
  4.1626
  2.5768
  2.9450
  1.8972
  1.8689
  2.0388
  1.7840
  1.6424
  1.6141
  2.7751
  2.6335
  1.7840
  1.8406
  2.1804
  2.2937
  2.5485
  4.1909
 12.9125
  3.4263
  2.9733
  2.5202
  2.0105
  1.8689
  1.6990
  1.6424
  2.4069
  2.3503
  5.1820
  4.1343
  2.9166
  3.3414
  4.9554
  2.2937
  2.4069
  2.7184
  2.3503
  4.4457
 11.0436
  2.6051
  1.9539
  1.7840
  1.5291
  1.5291
  1.4442
  1.3875
  1.3309
  1.3309
  1.3026
  1.3026
  1.3309
  2.8600
  3.9644
  2.2087
  2.6901
  3.1149
  2.6051
  2.5768
  2.3220
  5.0121
  3.4263
  1.9539
  1.9255
  1.5574
  1.5857
  5.8050
  3.8228
  9.2030
  2.4919
  3.1715
  1.9822
  2.0671
  2.5202
  2.5202
  2.1521
  3.7095
  1.7273
  1.5291
  1.4442
  1.6424
  1.7556
  1.4158
  1.7273
  1.9255
  2.4069
  1.4725
  1.3592
  1.3309
  1.2743
  1.4158
  1.4442
  1.2459
  1.2459
  1.2176
  1.1893
  1.1893
  1.5291
  1.2459
  1.1893
  1.1893
  1.1610
  1.1610
  1.1610
  1.5291
  1.2459
  1.2176
  5.4935
  7.6172
  5.4368
  4.8422
  2.1238
  4.4457
  3.4830
  4.2192
  2.3786
  1.6141
  3.8228
  4.7855
  5.2953
  3.3980
  4.7855
  3.0865
  1.7840
  1.7556
  1.5857
  1.4158
  1.5008
  1.6707
  4.8139
  2.4352
  2.5202
  2.2937
  1.5291
  1.6990
  3.2281
  9.0331
  2.2087
  1.8123
  1.5008
  1.5008
  1.4442
  1.4158
  2.8317
  2.8600
  1.5008
  1.3592
  2.6335
  1.9255
  3.2564
  3.8511
  4.3891
  3.7378
  4.1059
  6.3430
  3.2848
  1.9539
  1.6424
  1.4725
  1.5574
  2.0954
  2.0388
  1.8972
  1.5008
  2.8034
  1.5574
  1.3592
  1.3026
  1.3309
  2.6051
  2.0954
  2.2087
  1.3309
  1.3309
  1.2459
  1.4442
  3.0299
  2.2087
  1.8689
  3.1998
  4.8422
  1.6424
  1.5857
  1.5574
  1.5008
  2.4352
  1.8972
  1.4442
  1.8406
  1.5857
  2.2937
  1.5857
  1.6141
  1.3592
  2.2370
  2.0105
  3.5113
  1.6707
  1.4442
  1.7556
  2.7184
  1.7840
  1.3026
  1.5857
  1.2743
  1.2743
  1.7273
  1.7273
  1.6424
  1.7840
  3.5679
  2.0671
  2.9450
  3.7378
  4.3325
  4.5307
  3.7095
  4.0210
  1.6141
  2.2370
  2.9166
  6.5695
  4.5590
  4.4741
  2.8883
  4.8705
  1.9822
  1.6141
  2.6051
  1.9822
  2.8317
  3.1998
  2.6335
  3.0865
  1.9822
  3.1432
  2.2653
  7.0226
  2.5768
  2.6618
  1.8972
  2.3220
  2.5768
  1.7556
  1.5857
  2.1238
  2.0671
  1.6141
  1.5008
  1.4442
  1.5574
  1.8123
  1.5857
  1.3875
  1.5008
  1.3875
  1.3309
  1.3026
  1.3875
  2.6618
  3.9360
  2.7751
  2.6901
  1.9539
  2.0954
  1.8972
  1.9822
  1.6141
  1.4725
  1.3875
  1.3309
  1.3875
  1.4725
  1.3026
  1.3026
  2.4069
  2.3220
  1.7273
  1.4442
  1.3592
  1.2743
  1.2743
  1.2459
  1.4158
  1.2743
  1.2176
  1.2176
  1.1893
  1.3309
  2.0388
  4.5590
  3.9077
  2.0105
  1.4725
  1.3592
  1.3592
  2.1804
  1.5008
  4.2192
  3.1998
  1.8689
  1.5008
  2.3220
  2.2087
  2.8883
  2.4919
  1.8123
  2.5485
  1.6141
  1.5291
  1.9822
  2.1521
  2.0388
  1.5291
  1.3592
  1.2743
  1.2176
  1.2743
  1.3875
  1.6424
  3.0016
  8.2968
  2.3786
  2.0954
  1.8972
  1.6990
  1.6141
  2.0105
  1.8972
  1.5008
  1.3592
  1.3026
  1.2459
  2.7751
  4.0493
  1.8972
  3.4547
  3.0865
  5.2669
  2.4352
  3.7945
  2.2370
  1.9822
  1.8123
  7.2491
  3.0299
  7.9854
  3.9360
  2.1238
  1.7556
  6.2863
  5.6067
  3.4547
  1.8406
  6.0315
  3.2564
  4.3891
  4.9838
  2.6051
  4.6156
  2.4352
  1.8123
  1.8689
  1.5008
  4.7572
  2.1804
  1.6141
  1.5574
  1.8123
  2.4352
  3.9927
  5.4368
  3.4263
  1.8406
  3.3980
  1.8406
  1.8406
  1.6707
  2.0954
  2.2087
  1.8689
  2.0388
  1.5291
  1.4158
  1.3875
  1.4442
  1.3592
  1.6707
  1.4442
  2.8034
  3.7378
  2.9733
  1.8406
  1.5291
  1.3309
  1.2459
  1.2176
  1.1893
  1.1893
  1.3026
  1.7556
  2.1804
  2.7751
  4.7289
  2.1521
  1.8972
  1.3875
  1.5857
  3.0016
  9.0614
  3.8794
  3.6529
  3.2281
  4.2192
 11.9214
  7.1075
  3.8794
  5.6351
  5.4368
  4.6156
  2.4636
  2.3786
  6.8810
  3.3131
  2.9733
  2.0105
  1.8972
  1.9539
  3.4263
  3.3414
  2.0388
  1.8972
  1.9255
  1.7840
  1.6990
  1.6707
  1.6707
  1.6707
  1.6424
  1.5857
  1.5574
  1.5291
  1.5291
  1.5008
  1.5008
  1.4725
  1.4725
  1.4442
  1.4442
  1.4442
  1.4158
  1.4158
  1.4158
  1.4158
  1.4158
  1.5291
  1.6141
  1.4725
  1.4158
  1.3875
  1.3875
  1.3875
  1.3875
  1.3875
  1.3875
  1.3875
  1.3592
  1.3592
  1.3592
  1.3309
  1.3309
  1.3309
  1.3309
  1.3309
  1.3309
  1.3026
  1.4725
  1.5574
  1.3592
  1.3309
  1.3026
  1.5291
  1.4442
  1.4725
  1.3592
  1.3309
  2.6335
  2.6901
  5.0970
  3.4547
  2.7184
  3.7945
  1.7556
  2.1238
  3.9077
  5.0404
  2.1238
  1.6141
  1.7840
  1.4725
  1.3875
  1.3592
  1.6141
  1.3875
  2.0388
  1.4158
  1.4158
  1.4158
  2.1521
  2.2937
  7.3624
  3.2848
  3.4547
  2.5202
  2.6051
  2.4352
  2.0105
  1.6424
  1.9255
  1.5291
  1.6707
  1.6707
 14.1301
  2.8034
  1.7556
  1.5291
  1.5291
  5.4652
  6.3430
  3.4263
  2.8883
  2.7467
  2.6618
  1.8406
  1.8972
  2.8317
  1.8123
  1.6990
  2.3786
  2.8883
  1.9539
  3.5113
 30.2990
 18.0661
 14.8097
  3.5962
  3.1998
  2.2937
  1.9255
  2.0105
  7.9004
  2.7751
  1.9255
  2.4352
  2.4919
  1.8689
  1.7556
  1.5857
  1.5008
  1.4442
  1.3875
  1.3875
  1.3875
  1.5574
  1.4725
  1.6707
  1.7840
  4.6440
  5.4085
  1.9822
  1.7840
  1.5291
  2.7467
  1.5857
  2.0954
  1.5008
  1.3875
  1.3592
  1.3309
  4.1909
  1.9539
  1.4725
  1.5008
  1.3875
  1.3592
  1.6141
  2.7184
  7.9287
  1.7556
  1.6141
  1.7556
  1.5291
  2.3220
  8.9481
  8.4667
 10.0525
  4.4174
  8.0703
  8.2119
 18.6891
  3.9077
  2.6051
  3.1432
  2.6051
  2.2370
  1.7840
  1.6424
  2.0105
  1.7273
  1.5574
  1.7556
  4.0210
  8.8632
  3.6529
  4.3608
  1.9822
  1.6990
  1.5574
  1.4725
  1.5291
  5.7200
  2.9733
  1.9539
  1.7840
  1.8972
  1.5574
  1.5291
  1.7556
  2.2087
  2.5485
  1.7840
  1.5008
  1.3875
  1.3592
  1.7840
  1.3592
  1.3875
  1.4442
  1.4442
  1.3026
  1.3026
  2.8034
  8.7216
  2.1238
  6.4562
  3.0582
  5.6351
  3.0582
  2.4919
  1.8406
  1.5857
  2.1804
  1.5574
  1.4725
  1.4442
  1.3875
  1.3309
  1.3026
  1.3026
  1.5291
  1.5574
  1.7556
  1.5574
  1.3592
  1.5008
  1.3026
  1.8972
  1.6424
  1.5857
  1.4725
  3.5113
  1.6141
  1.5574
  1.5291
  1.6990
  5.7483
  2.3786
  2.0954
  4.5590
  3.6812
  1.6990
  3.3980
  2.4352
  1.9255
  1.6424
  5.1253
  2.8034
  1.9539
  4.1909
  3.1432
  3.5679
  2.0954
  2.3220
  1.6141
  1.4725
  1.3875
  1.3309
  1.3309
  1.6707
  2.5485
  3.3697
  2.5485
  3.0299
  1.8123
  1.5008
  3.0016
  1.7273
  1.4442
  1.3309
  1.5574
  1.3592
  1.2459
  1.4158
  1.2743
  1.4158
  1.4442
  1.9822
  1.6424
  1.4725
  1.3592
  1.6990
  2.8883
  1.6424
  1.4725
  1.6707
  1.4725
  2.6901
  1.4725
  1.3026
  1.8406
  1.9539
  1.8689
  2.3220
  1.4725
  1.3592
  1.6990
  1.5574
  1.6707
  2.7751
  2.3786
  3.7378
  1.9822
  5.9465
  2.0671
  1.8972
  1.6990
  1.6990
  4.0210
  1.9255
  1.5857
  2.1521
  4.5024
  1.6990
  1.5291
  1.4158
  1.3026
  1.1893
  1.2176
  1.4158
  1.5008
  1.5008
  1.2176
  2.0388
  2.7751
  1.8689
  1.3026
  1.3592
  1.2176
  1.1327
  1.1327
  1.0760
  1.0477
  1.0477
  1.5574
  1.3592
  7.9287
  2.6901
  1.8406
  2.4919
  1.6990
  2.4919
  4.3042
  2.1238
  2.3786
  4.0493
  3.6246
  2.1238
  1.6141
  1.8123
  2.0954
  1.6707
  2.4919
  6.0032
  7.0226
  2.1804
  1.6707
  1.5008
  1.4158
  1.3592
  1.4725
  1.3309
  1.4725
  1.3026
  1.8406
  2.8034
  1.4158
 14.3850
  4.6440
  7.5889
  3.6246
 25.5135
 18.5475
 52.3862
 11.9780
  9.6277
  3.3414
  5.2669
  3.5962
  6.4846
  2.2937
  1.8689
  1.6990
  1.5857
  1.5291
  1.5291
  1.7273
  2.6901
  3.3980
  1.9822
  1.8689
  2.1804
  1.7273
  3.2564
  4.7855
  2.0388
  3.2281
  5.5501
  2.4352
 10.7038
  3.9927
  2.7467
  1.8406
  2.3220
  2.2087
  2.4069
  3.4263
  5.3802
  8.0420
  5.2103
  2.5202
  1.9255
  2.5485
  2.3220
  3.1715
  5.8616
  3.3414
  4.4174
  8.5234
  6.0881
  4.9554
  3.9077
  2.4636
  2.1238
  4.5590
  2.5485
  2.1521
  1.8406
  1.8972
  2.2653
  1.7273
  1.8123
  2.1521
  6.7394
  3.9644
  2.6618
  2.1804
  1.9255
  2.7751
  2.1238
  4.1059
  5.2386
  3.0016
  2.1804
  2.4069
  1.8689
  1.9539
  1.6707
  3.6246
  2.9166
  3.6529
  4.2475
  3.9927
  6.3147
  2.0388
  4.5307
 17.3016
  3.0299
  2.1238
  2.3220
  2.7184
  2.2937
  7.3341
  2.8600
  2.2370
  1.8123
  3.5679
  1.8689
  1.9822
  1.6707
  1.7273
  2.1521
  1.6141
  1.5291
  1.5574
  1.4725
  1.6707
  2.5202
  1.9539
  1.5857
  1.5008
  1.5291
  1.4442
  1.5008
  1.6424
  2.2937
  2.3786
  2.4352
  2.2937
  2.3220
  1.6424
  1.4158
  1.3592
  1.3592
  1.3875
  1.4442
  1.4442
  1.3875
  1.5291
  1.3026
  1.2743
  1.2459
  1.4725
  1.6707
  5.9465
  1.6990
  2.8600
  2.2370
  1.6424
  1.3875
  1.3026
  1.2743
  1.2176
  1.1893
  1.2176
  1.2176
  1.1610
  1.1610
  1.3026
  1.7273
  1.6990
  1.6141
  2.8317
  3.1432
  2.4352
  5.4652
  6.9093
  5.4652
  7.7588
  4.7006
  3.2848
  4.0210
  2.3220
  1.9539
  2.1238
  1.8123
  1.7273
  1.6990
  1.6424
  1.6707
  7.7871
  4.3891
  3.3131
  2.5768
  2.6618
  2.2653
  3.1998
  3.5962
  3.3697
  4.0776
  4.6156
  5.6351
  4.2475
  2.3786
  4.2758
  2.2937
  2.4352
  2.9166
  2.4352
  1.9822
  1.8123
  1.7556
  1.7840
  1.8406
  1.8123
  3.7378
  1.8123
  1.6707
  1.6141
  1.5857
  2.0388
  4.3325
  2.0671
  4.5307
  4.3042
  3.4263
