  0.3681
  0.2322
  0.2379
  0.2010
  0.3115
  0.1359
  0.0963
  0.1359
  0.3115
  0.3681
  0.4248
  0.7079
  0.2152
  0.1756
  0.1501
  0.0963
  0.0906
  0.0736
  0.0623
  0.0566
  0.1019
  0.0906
  1.7556
  0.6230
  0.2577
  0.6230
  0.1529
  0.9628
  0.2010
  0.1784
  0.1133
  0.0821
  0.0651
  0.0623
  0.0623
  0.0566
  0.0566
  0.0623
  0.0651
  0.0481
  0.0793
  0.0651
  0.1218
  0.0623
  0.1104
  0.0963
  0.0481
  0.0396
  0.0396
  0.0311
  0.0340
  0.0263
  0.0263
  0.0263
  0.0218
  0.0218
  0.0311
  0.0218
  0.0218
  0.0821
  0.0396
  0.0340
  0.0263
  0.0218
  0.0218
  0.0311
  0.0263
  0.0218
  0.0218
  0.0176
  0.0176
  0.0176
  0.0176
  0.0176
  0.0176
  0.0176
  0.0176
  0.0481
  0.0311
  0.0218
  0.0176
  0.0176
  0.0176
  0.0176
  0.0176
  0.0176
  0.0176
  0.0176
  0.0263
  0.0218
  0.0176
  0.0130
  0.0130
  0.0263
  0.0396
  0.1048
  0.0425
  0.0263
  0.0218
  0.0218
  0.0176
  0.0218
  0.0218
  0.2747
  0.0566
  0.0311
  0.0481
  0.0263
  0.0396
  0.3964
  0.2095
  0.1784
  0.0623
  0.0396
  0.0263
  0.0340
  0.0263
  0.0218
  0.0218
  0.0425
  0.0263
  0.0396
  0.0263
  0.0218
  0.1897
  0.2549
  0.0821
  0.0425
  0.0311
  0.1926
  0.1274
  0.0566
  0.1784
  0.0538
  0.0538
  0.0263
  0.0263
  0.0263
  0.0263
  0.0263
  0.0263
  0.1756
  0.1756
  0.0340
  0.0340
  0.0340
  0.0263
  0.0263
  0.0263
  0.0263
  0.0263
  0.0263
  0.0263
  0.0218
  0.0218
  0.0218
  0.0218
  0.0218
  0.0218
  0.0218
  0.0218
  0.2407
  0.2407
  0.0340
  0.0340
  0.0340
  0.0340
  0.0218
  0.0218
  0.0218
  0.0218
  0.0218
  0.0176
  0.0176
  0.0176
  0.0176
  0.0176
  0.0176
  0.0176
  0.0176
  0.0176
  0.0176
  0.0176
  0.0538
  0.7362
  0.1982
  0.0963
  0.0736
  0.0566
  0.0481
  0.0425
  0.0481
  0.0396
  0.0311
  0.0311
  0.0263
  0.0736
  0.0311
  0.0263
  0.0311
  0.0263
  0.0218
  0.0218
  0.0263
  0.0311
  0.0263
  0.0218
  0.0218
  0.0176
  0.0176
  0.0176
  0.0263
  0.0218
  0.0218
  0.0176
  0.0176
  0.0176
  0.0176
  0.0176
  0.0176
  0.0176
  0.0218
  0.0736
  0.5097
  0.1784
  0.0651
  0.0396
  0.2067
  0.0793
  0.0906
  0.0425
  0.0396
  0.1133
  0.0566
  0.0340
  0.0263
  0.0218
  0.0218
  0.0218
  0.0176
  0.0176
  0.0176
  0.0176
  0.0176
  0.0176
  0.0176
  0.0176
  0.0176
  0.0176
  0.0176
  0.0425
  0.0218
  0.0218
  0.0218
  0.0176
  0.0176
  0.0176
  0.0176
  0.0176
  0.0176
  0.0176
  0.0176
  0.0176
  0.0176
  0.0176
  0.0218
  0.0218
  0.0218
  0.0218
  0.0218
  0.1133
  0.1133
  0.1133
  0.1133
  0.1444
  0.1444
  0.1444
  0.1444
  0.1444
  0.0481
  0.0481
  0.0481
  0.0651
  0.0651
  0.0481
  0.0481
  0.0481
  0.0623
  0.0368
  0.0481
  0.1926
  0.1359
  0.0736
  0.0481
  0.0396
  0.1104
  0.1104
  0.0651
  0.0736
  0.1189
  0.0736
  0.0481
  0.1104
  0.1048
  0.0481
  0.0481
  0.0368
  0.0425
  0.0396
  0.1444
  0.1048
  0.0481
  0.0368
  0.0368
  0.0396
  0.0283
  0.0258
  0.0227
  0.0201
  0.0201
  0.0258
  0.0283
  0.0201
  0.0258
  0.0227
  0.0201
  0.0201
  0.0176
  0.0153
  0.0153
  0.0176
  0.0153
  0.0263
  0.0566
  0.0425
  0.0425
  0.0258
  0.0425
  0.0258
  0.0283
  0.0425
  0.0623
  0.0283
  0.0201
  0.0201
  0.0176
  0.0258
  0.0201
  0.0227
  0.0227
  0.0176
  0.0878
  0.0425
  0.1019
  0.0566
  0.0283
  0.0258
  0.0368
  0.0283
  0.0201
  0.0201
  0.0153
  0.0153
  0.0153
  0.0176
  0.0136
  0.0368
  0.2152
  0.2633
  0.2832
  0.1699
  0.1501
  0.7079
  0.3398
  0.2718
  0.3681
  0.7646
  0.1784
  0.1189
  0.4248
  0.1926
  0.1388
  0.1303
  0.0765
  0.0878
  0.1048
  0.0765
  0.0566
  0.0821
  1.6141
  2.1804
  2.9450
  0.5947
  0.1926
  0.1303
  0.1048
  0.0821
  0.1303
  0.0821
  0.2379
  0.4248
  1.2176
  0.9061
  0.2407
  0.1501
  0.1841
  0.1897
  0.1104
  0.0765
  0.0623
  0.0538
  0.0481
  0.0425
  0.0396
  0.0368
  0.0368
  0.0368
  0.0283
  0.0258
  0.0258
  0.0258
  0.0623
  0.0396
  0.0258
  0.0201
  0.0201
  0.0227
  0.1189
  0.2010
  0.4531
  2.4069
  0.2633
  0.1303
  0.0821
  0.0623
  0.0538
  0.0481
  0.0396
  0.0396
  0.0368
  0.0368
  0.0368
  0.0283
  0.2237
  0.2152
  0.1926
  0.1388
  0.0736
  0.1218
  0.3115
  0.4814
  0.5380
  0.1501
  0.1048
  0.0821
  0.0963
  0.0651
  0.0538
  0.0481
  0.0425
  0.0368
  0.0368
  0.0595
  0.0538
  0.0368
  0.0368
  0.0283
  0.0510
  0.0821
  0.0821
  0.2010
  0.0934
  0.0481
  0.0368
  0.0368
  0.1218
  0.0708
  0.0368
  0.1642
  0.0651
  0.0481
  0.0566
  0.0538
  0.0396
  0.0311
  0.0283
  0.0258
  0.1104
  0.0821
  0.1472
  0.0708
  0.0481
  0.0425
  0.0311
  0.0283
  0.0258
  0.0201
  0.0201
  0.0201
  0.0176
  0.0176
  0.0153
  0.0153
  0.0153
  0.0153
  0.0136
  0.0136
  0.0311
  0.0311
  0.0153
  0.0136
  0.0136
  0.0136
  0.0136
  0.0136
  0.0136
  0.0119
  0.0119
  0.0119
  0.0119
  0.0595
  0.0368
  0.0176
  0.1841
  0.1841
  0.0481
  0.0311
  0.0227
  0.0227
  0.1501
  0.0623
  0.0368
  0.0258
  0.0176
  0.0153
  0.0153
  0.0153
  0.0136
  0.0119
  0.0119
  0.0119
  0.0130
  0.0130
  0.0130
  0.0340
  0.0218
  0.0176
  0.0130
  0.0878
  0.0396
  0.0396
  0.0340
  0.0396
  0.0340
  0.0340
  0.0311
  0.0340
  0.1303
  0.0538
  0.0425
  0.0396
  0.0340
  0.0396
  0.1756
  0.1303
  0.1104
  0.0878
  0.0793
  0.0708
  0.0623
  0.2180
  0.1756
  0.1104
  0.0878
  0.0963
  0.0963
  0.0878
  0.0793
  0.0708
  0.0623
  0.0566
  0.0538
  1.1044
  0.3115
  0.0878
  0.0651
  0.0566
  0.0538
  0.0481
  0.0425
  0.0396
  0.0425
  0.0396
  0.0396
  0.0340
  0.0340
  0.0311
  0.0311
  0.0263
  0.0263
  0.0263
  0.0263
  0.0218
  0.0218
  0.0218
  0.0218
  0.0218
  0.0218
  0.0218
  0.0218
  0.0218
  0.0201
  0.0201
  0.3115
  0.1529
  0.0538
  0.0311
  0.0258
  0.0258
  0.0368
  0.0396
  0.0258
  0.0201
  0.0201
  0.0176
  0.0176
  0.0176
  0.0176
  0.0283
  0.0538
  0.0311
  0.0368
  0.0258
  0.0201
  0.0311
  0.1076
  0.2237
  0.1218
  0.0481
  0.0368
  0.0258
  0.0227
  0.0227
  0.0201
  0.0201
  0.0258
  0.0283
  0.1019
  0.0878
  0.1784
  0.2322
  0.0765
  0.0481
  0.0368
  0.0283
  0.6230
  0.1303
  0.0651
  0.0481
  0.0396
  0.0311
  0.0368
  0.0283
  0.0258
  0.0368
  0.0283
  0.0481
  0.0283
  0.0227
  0.0227
  0.0453
  0.1246
  0.0425
  0.0708
  0.0425
  0.0283
  0.0258
  0.0201
  0.0201
  0.0201
  0.0176
  0.0201
  0.0201
  0.0176
  0.0227
  0.0176
  0.0153
  0.0153
  0.0153
  0.0153
  0.2662
  0.0481
  0.0283
  0.0201
  0.0201
  0.0176
  0.0153
  0.0201
  0.0227
  0.0176
  0.0176
  0.0153
  0.0396
  0.0878
  0.0258
  0.0201
  0.0311
  0.4248
  0.0963
  0.0425
  0.0311
  0.0283
  0.0368
  0.0258
  0.0227
  0.0283
  0.0425
  0.0258
  0.0227
  0.0258
  0.0201
  0.0201
  0.0201
  0.0176
  0.0176
  0.0176
  0.0224
  0.0368
  0.1501
  0.3681
  0.1303
  0.0538
  0.1019
  0.0566
  0.0425
  0.0425
  0.2095
  0.1472
  0.0651
  0.0481
  0.0425
  0.0396
  0.0368
  0.0368
  0.7929
  0.1841
  0.2633
  0.6796
  0.3115
  0.1472
  0.1019
  0.0708
  0.0566
  0.0481
  0.0481
  0.0425
  0.0425
  0.0481
  0.0425
  0.0481
  0.0538
  0.0934
  0.2492
  0.3964
  0.1019
  0.0651
  0.0566
  1.3309
  1.0194
  1.5857
  2.0105
  0.7646
  0.3398
  0.1841
  0.1614
  0.1614
  0.1756
  0.3964
  0.3964
  0.4248
  0.3115
  0.1841
  0.3681
  0.2803
  0.3964
  0.7362
  0.7362
  0.2832
  0.1614
  0.1274
  0.0963
  0.0765
  0.0708
  0.0651
  0.0566
  0.0566
  0.0481
  0.0481
  0.0425
  0.0425
  0.0425
  0.0396
  0.0368
  0.0425
  0.0396
  0.0311
  0.0396
  0.0368
  0.0283
  0.0283
  0.0283
  0.0538
  0.0396
  0.0311
  0.0311
  0.0311
  0.0425
  0.0283
  0.3681
  0.4531
  0.0623
  0.0708
  0.0538
  0.0396
  0.0425
  0.0368
  0.0736
  0.3681
  0.1614
  0.3681
  0.5097
  0.2265
  0.1756
  0.1274
  0.1388
  0.1472
  0.1841
  0.1529
  0.1133
  0.0708
  0.1133
  0.0651
  0.0708
  0.5663
  0.1926
  0.2464
  0.3681
  2.0105
  1.3309
  0.2492
  0.1614
  0.1133
  0.0963
  0.0708
  0.0623
  0.0651
  0.0623
  0.3681
  0.1076
  0.0708
  0.2095
  0.1218
  0.1699
  0.1529
  0.0963
  0.0963
  0.0708
  0.0566
  0.0538
  0.3681
  0.1614
  0.0765
  0.0566
  0.0481
  0.0425
  0.0425
  0.0481
  0.1586
  2.4919
  0.4248
  0.1331
  0.0906
  0.1274
  0.0821
  0.0765
  0.0623
  0.0651
  0.1104
  0.0708
  0.0651
  0.0566
  0.0481
  0.0651
  0.0538
  0.0425
  0.0368
  0.0396
  0.0538
  0.0821
  0.4248
  1.7273
  0.2095
  0.1133
  0.0765
  0.0651
  0.0566
  0.0538
  0.0481
  0.0425
  0.0425
  0.0765
  0.1019
  0.0425
  0.0538
  0.0481
  0.0623
  0.0623
  0.0906
  0.0566
  0.0538
  0.0481
  0.0481
  0.0481
  0.0481
  0.1019
  0.1019
  0.1019
  0.0481
  0.0425
  0.0425
  0.0396
  0.0368
  0.0368
  0.0368
  0.0623
  0.0481
  0.0368
  0.0368
  0.0311
  0.0283
  0.0368
  0.0283
  0.0311
  0.1388
  0.0623
  0.0368
  0.0481
  0.0708
  0.7079
  2.3786
  0.6230
  0.1699
  0.1189
  0.2180
  0.0821
  0.0651
  0.0566
  0.0481
  0.0481
  0.0538
  0.0566
  0.0481
  0.0425
  0.1019
  0.0934
  0.6230
  0.2492
  0.1019
  0.0651
  0.0566
  0.0708
  0.0623
  0.0481
  0.0425
  0.0425
  0.0425
  0.0396
  0.0368
  0.0425
  0.0396
  0.0651
  0.0651
  0.1331
  0.1076
  0.2180
  0.1472
  0.0708
  0.0481
  0.0425
  0.0425
  0.0396
  0.0368
  0.0368
  0.0425
  0.0368
  0.0311
  0.0283
  0.0283
  0.0283
  0.0258
  0.0510
  0.0906
  0.1246
  0.0651
  0.0708
  0.0425
  0.0311
  0.0311
  0.2095
  1.7556
  1.5008
  0.8495
  0.5380
  0.1841
  0.1614
  0.1076
  0.0821
  0.1133
  0.1274
  0.0821
  0.0821
  0.7079
  1.3309
  0.1699
  0.1784
  0.3964
  0.4531
  0.1699
  0.1218
  0.1218
  0.4248
  1.1044
  0.3115
  0.1699
  0.1133
  0.1076
  0.1671
  1.5291
  1.1327
  0.3115
  0.2322
  0.1529
  0.1388
  0.1019
  0.0906
  0.0821
  0.0765
  0.0963
  0.1274
  0.0821
  0.1133
  0.9911
  1.1893
  1.7273
  0.2152
  0.1472
  0.1133
  0.0906
  0.0765
  0.1019
  0.0765
  0.0765
  0.1218
  0.1472
  0.2095
  0.1699
  0.1076
  0.0765
  0.0623
  0.0623
  0.1557
  0.2152
  0.0821
  0.0963
  0.1218
  0.1529
  0.0765
  0.0651
  0.0708
  0.0821
  0.0538
  0.0481
  0.0425
  0.0425
  0.0425
  0.0396
  0.0396
  0.0368
  0.0368
  0.0368
  0.0396
  0.0396
  0.0311
  0.1303
  0.0538
  0.0538
  0.0425
  0.2152
  0.5663
  0.1274
  0.1472
  0.0765
  1.7273
  1.1327
  0.2010
  0.1218
  0.3964
  1.9822
  1.1044
  0.3115
  0.1699
  0.1699
  0.1218
  0.0821
  0.0708
  0.0623
  0.0566
  0.0538
  0.0481
  0.0425
  0.0396
  0.0368
  0.0396
  0.3115
  0.0623
  0.0425
  0.0425
  0.1444
  0.1614
  0.3681
  0.1388
  0.0651
  0.0425
  0.0368
  0.0283
  0.0425
  0.1274
  0.0963
  0.0566
  0.2265
  0.0651
  0.0708
  0.0906
  0.0538
  0.0396
  0.0368
  0.0311
  0.0283
  0.7079
  0.0906
  0.0566
  0.0425
  0.0708
  0.5097
  0.0963
  0.0765
  0.1048
  0.1218
  0.0708
  0.2747
  0.1699
  0.0765
  0.0566
  0.0481
  0.0396
  0.0368
  0.0425
  0.2322
  3.1432
  0.4248
  0.1841
  0.1161
  0.3398
  0.3964
  0.1331
  0.1926
  0.2492
  0.1104
  0.0906
  0.0736
  0.0623
  0.0595
  0.0538
  0.0481
  0.0453
  0.0481
  0.0453
  0.0623
  0.0538
  0.0368
  1.1610
  0.0453
  0.0453
  0.0396
  0.4531
  0.7646
  0.2095
  0.0850
  0.0623
  0.0680
  0.0906
  0.0680
  0.0595
  0.1897
  0.0623
  0.1161
  0.0595
  0.0453
  0.0396
  0.0368
  0.0396
  0.0368
  0.0340
  0.0340
  0.0311
  0.0311
  0.0311
  0.0311
  0.1841
  0.0481
  0.0340
  0.0311
  0.0311
  0.0878
  0.0538
  0.0340
  0.0311
  0.0906
  0.6230
  0.2747
  0.1841
  0.0736
  0.0736
  0.0538
  0.0595
  0.0453
  0.0538
  0.1784
  0.4531
  0.1019
  0.0680
  0.1048
  0.0623
  0.0396
  0.0368
  0.0340
  0.0311
  0.0275
  0.0275
  0.0255
  0.0255
  0.0255
  0.0255
  0.0255
  0.0275
  0.0255
  0.0255
  0.0255
  0.0235
  0.0235
  0.0235
  0.0275
  0.0235
  0.0235
  0.0218
  0.0218
  0.0218
  0.0218
  0.0218
  0.0218
  0.0218
  0.0235
  0.0235
  0.0218
  0.0235
  0.0255
  0.0218
  0.0207
  0.0736
  0.0481
  0.0235
  0.0218
  0.0235
  1.1327
  0.1756
  0.1784
  0.3115
  1.3592
  0.1841
  0.1104
  0.4248
  0.1388
  0.0736
  0.0595
  0.0595
  0.0453
  0.4814
  0.4814
  0.8495
  0.4248
  0.7079
  0.9061
  0.1841
  0.1614
  0.1642
  0.0963
  0.2180
  0.1019
  0.1671
  0.1274
  0.0963
  0.0736
  0.0595
  0.0481
  0.0595
  0.0396
  0.0368
  0.0340
  0.0396
  0.0481
  0.0566
  0.5663
  0.1926
  0.0793
  0.0481
  0.0481
  0.0538
  0.0481
  0.0906
  0.3964
  0.1359
  0.2464
  0.1218
  0.0850
  0.0595
  0.0453
  0.0368
  0.0340
  0.0311
  0.0311
  0.0340
  0.0368
  0.0275
  0.0255
  0.0311
  0.0255
  0.0255
  0.0368
  0.0275
  0.0235
  0.0218
  0.0218
  0.0218
  0.0218
  0.0218
  0.0235
  0.0311
  0.0311
  0.0255
  0.0218
  0.0207
  0.0187
  0.0187
  0.0368
  0.4531
  0.0878
  0.0340
  0.0235
  0.0218
  0.0207
  0.0187
  0.0187
  0.0207
  0.2322
  0.2803
  0.1472
  0.0680
  0.1133
  0.1104
  0.0538
  0.0340
  0.0275
  0.0235
  0.1218
  0.0595
  0.1161
  0.0793
  0.0396
  0.0340
  0.0275
  0.0255
  0.0595
  0.0311
  0.0275
  0.1218
  0.0651
  0.0275
  0.0255
  0.0275
  0.0275
  0.0235
  0.0218
  0.0218
  0.0255
  0.0275
  0.0850
  0.0311
  0.3115
  0.0736
  0.0340
  0.0255
  0.0218
  0.0255
  0.0340
  0.0235
  0.0235
  0.1303
  0.0368
  0.0255
  0.0235
  0.0218
  0.0218
  0.0207
  0.0218
  0.0275
  0.0207
  0.0187
  0.0187
  0.0176
  0.0176
  0.0176
  0.0187
  0.0187
  0.0176
  0.0176
  0.0159
  0.0906
  1.3309
  0.0963
  0.0595
  0.0453
  0.0311
  0.0235
  0.0218
  0.0218
  0.0207
  0.0187
  0.0218
  0.0235
  0.0187
  0.0187
  0.0176
  0.0176
  0.0159
  0.0159
  0.0159
  0.0159
  0.0176
  0.0159
  0.0159
  0.0159
  0.0159
  0.0159
  0.0159
  0.0311
  0.0311
  0.0283
  0.0510
  0.2832
  0.0340
  0.0368
  0.0340
  0.0340
  0.1926
  0.0623
  0.0368
  0.0340
  0.0311
  0.0765
  1.2459
  0.7646
  2.0671
  4.0210
  1.3026
  0.3681
  0.2803
  0.1642
  0.1841
  0.1104
  0.0906
  0.0708
  0.0623
  0.0566
  0.0623
  1.1327
  1.2459
  0.2152
  0.1104
  0.0793
  0.0651
  0.6796
  0.4248
  1.1327
  0.3115
  0.8495
  0.2180
  0.6230
  0.2010
  0.1019
  0.0793
  0.0651
  0.0623
  0.0538
  0.0481
  0.0934
  0.0538
  1.1327
  0.2832
  0.1161
  0.2379
  0.1756
  0.1303
  0.2718
  0.0850
  0.0708
  0.0651
  0.0651
  0.0538
  0.0481
  0.0425
  0.0425
  0.0425
  0.0340
  0.0340
  0.0340
  0.0340
  0.0311
  0.0311
  0.0311
  0.0283
  0.0311
  0.0368
  0.0311
  0.0283
  0.0283
  0.0258
  0.0311
  0.0453
  0.0623
  0.0283
  0.0232
  0.0207
  0.0207
  0.0232
  0.0538
  0.0340
  0.0232
  0.0510
  0.1756
  0.0481
  0.0736
  0.0708
  0.0821
  0.0793
  0.0425
  0.0368
  0.0651
  0.0708
  0.2095
  0.0878
  0.0538
  0.0425
  0.1161
  0.0906
  0.0708
  0.0481
  0.0368
  0.0340
  0.0311
  0.0283
  0.0340
  0.0368
  0.0311
  0.1019
  0.2407
  0.7079
  0.4531
  0.1104
  0.1019
  0.2180
  0.1019
  0.0651
  0.0566
  0.1218
  0.1019
  0.0623
  0.0481
  0.3681
  0.3115
  0.0736
  0.1982
  0.2662
  0.1161
  0.0736
  0.0850
  0.0651
  0.0481
  0.0453
  0.0425
  0.0623
  0.2464
  0.0651
  0.0538
  0.0481
  0.0538
  0.1416
  0.1218
  0.2265
  0.1699
  0.0906
  0.0651
  0.0906
  0.0623
  0.0793
  0.0623
  0.0481
  0.0453
  0.0368
  0.0340
  0.0340
  0.0340
  0.0340
  0.0368
  0.0651
  0.0368
  0.0283
  0.0258
  0.0232
  0.0207
  0.0207
  0.0232
  0.0340
  0.0453
  0.0258
  0.0232
  0.0232
  0.3681
  0.0651
  0.0538
  0.0708
  0.0481
  0.0425
  0.0368
  0.0340
  0.0340
  0.0311
  0.0283
  0.0283
  0.0283
  0.0283
  0.0258
  0.0258
  0.0453
  0.6796
  0.3115
  0.0906
  0.0651
  0.0453
  0.0368
  0.0340
  0.0311
  0.0283
  0.0258
  0.0232
  0.0207
  0.0207
  0.0207
  0.0187
  0.0187
  0.0187
  0.0187
  0.0258
  0.0368
  3.2281
  1.7273
  0.2265
  0.1359
  0.1444
  0.1303
  0.1218
  0.1218
  0.3115
  0.2265
  0.1303
  0.0850
  0.0651
  0.0538
  0.0538
  0.0481
  0.0566
  0.0453
  0.0453
  0.0765
  0.2577
  0.2492
  0.0736
  0.0566
  0.0453
  0.0368
  0.0340
  0.0311
  0.0283
  0.0283
  0.0258
  0.0258
  0.0258
  0.0258
  0.0232
  0.0283
  0.0368
  0.0258
  0.0207
  0.0207
  0.0207
  0.0207
  0.0207
  0.0481
  0.0283
  0.0368
  0.0283
  0.0232
  0.0283
  0.0258
  0.0232
  0.0207
  0.0232
  0.0258
  0.0821
  0.1586
  0.0623
  0.3681
  0.5097
  0.0906
  0.0566
  0.0425
  0.0623
  0.0765
  0.0453
  0.0340
  0.0283
  0.0258
  0.0232
  0.0207
  0.0765
  0.1784
  0.0793
  0.0368
  0.0311
  0.0258
  0.0232
  0.0232
  0.0311
  0.0232
  0.0207
  0.0187
  0.0187
  0.0187
  0.0187
  0.0187
  0.0187
  0.0176
  0.0207
  0.0425
  0.0283
  0.0283
  0.0283
  0.0651
  0.1897
  0.0736
  0.0368
  0.0232
  0.0207
  0.0207
  0.0187
  0.0187
  0.0176
  0.0176
  0.0187
  0.2633
  0.1246
  0.0651
  0.0425
  0.0453
  0.0283
  0.0651
  0.0368
  0.0232
  0.0396
  0.0651
  0.1274
  0.2322
  0.3398
  0.1019
  0.0566
  0.0453
  0.2803
  0.0793
  0.0481
  0.0368
  0.0538
  0.0453
  0.0311
  0.0283
  0.0283
  0.0258
  0.0258
  0.0283
  0.0232
  0.0232
  0.0232
  0.0232
  0.0207
  0.0207
  0.0207
  0.0207
  0.0207
  0.0207
  0.0207
  0.0207
  0.0187
  0.0906
  0.0793
  0.0793
  0.0906
  0.2237
  0.1161
  0.0793
  0.0736
  0.1756
  0.7929
  3.9927
  2.0105
  0.8778
  0.3964
  0.4248
  0.2010
  0.1359
  0.1019
  0.0963
  0.2010
  0.1104
  0.0850
  0.0736
  1.1044
  1.2459
  0.3681
  0.1586
  0.1104
  0.0963
  0.0793
  0.0736
  0.0708
  0.0623
  0.0566
  0.0538
  0.0623
  0.0623
  0.0481
  0.0453
  0.0425
  0.0425
  0.0425
  0.0425
  0.0368
  0.0368
  0.0368
  0.0368
  0.0566
  0.0538
  0.1104
  0.0793
  0.0425
  0.0453
  0.0425
  0.0340
  0.0311
  0.0368
  0.0311
  0.0283
  0.0340
  0.0538
  0.0481
  0.0340
  0.0283
  0.0311
  0.0340
  0.0283
  0.0258
  0.0258
  0.0311
  0.0311
  0.0311
  0.0311
  0.0311
  0.0538
  0.6230
  0.5097
  0.0906
  0.0623
  0.0453
  0.0368
  0.0340
  0.0311
  0.0283
  0.0283
  0.0283
  0.0311
  0.1841
  0.2322
  0.1501
  0.0623
  0.0453
  0.0425
  0.6513
  0.1614
  0.0623
  0.0878
  0.1359
  0.0651
  0.0538
  0.0651
  0.1841
  0.0736
  0.0651
  0.0481
  0.0425
  0.0368
  0.0340
  0.0340
  0.0311
  0.0311
  0.0283
  0.0340
  0.5663
  0.1897
  0.1586
  0.0651
  0.0481
  0.0425
  0.0481
  0.0566
  0.0538
  0.0566
  0.0453
  0.0311
  0.0453
  0.0425
  0.0283
  0.0283
  0.0425
  0.0481
  0.0368
  0.0340
  0.0283
  0.0453
  0.0368
  0.0283
  0.0311
  0.0258
  0.0283
  0.0368
  0.0258
  0.0232
  0.0258
  0.0258
  0.0258
  0.0368
  0.0258
  0.0207
  0.0207
  0.0207
  0.0207
  0.0283
  0.0258
  0.0207
  0.0187
  0.0187
  0.0176
  0.0176
  0.0176
  0.0176
  0.0176
  0.0176
  0.0176
  0.0176
  0.0232
  0.0207
  0.0566
  0.0368
  0.0232
  0.0187
  0.0176
  0.0263
  0.0340
  0.0207
  0.0176
  0.0176
  0.0176
  0.0159
  0.0187
  0.0232
  0.0176
  0.0176
  0.0850
  0.0963
  0.0623
  0.1189
  0.0623
  0.0481
  0.0453
  0.0425
  0.0368
  0.7929
  0.3115
  0.4248
  0.1529
  0.2322
  0.3115
  0.1161
  0.0736
  0.0651
  0.0566
  0.0538
  0.3115
  0.3115
  0.0793
  0.0736
  0.0708
  0.0481
  0.0453
  0.0425
  0.0368
  0.0368
  0.0425
  0.0340
  0.0453
  0.0425
  0.0340
  0.0311
  0.0283
  0.0283
  0.2067
  0.0906
  0.0934
  0.2464
  0.0934
  0.0538
  0.0708
  0.0453
  0.0340
  0.0311
  0.0311
  0.0283
  0.0283
  0.0283
  0.0680
  0.0566
  0.0453
  0.1841
  0.3964
  0.0906
  0.0651
  0.0453
  0.0481
  0.6230
  0.0651
  0.0481
  0.0368
  0.0311
  0.0283
  0.0283
  0.0258
  0.0232
  0.0207
  0.0232
  0.0232
  0.0258
  0.0258
  0.0232
  0.0232
  0.0283
  0.0311
  0.0258
  0.0793
  0.0340
  0.0232
  0.0207
  0.0232
  0.0232
  0.0207
  0.0207
  0.0207
  0.0207
  0.0651
  0.3115
  0.1586
  0.0623
  0.0510
  0.1756
  0.0453
  0.3964
  0.4248
  0.0651
  0.0481
  0.0368
  0.0311
  0.0425
  0.0368
  0.1104
  0.0623
  0.0453
  0.0425
  0.0425
  0.0283
  0.0340
  0.0283
  0.0258
  0.0232
  0.0207
  0.0207
  0.0207
  0.0207
  0.0207
  0.0187
  0.0187
  0.0396
  0.0878
  0.0368
  0.0232
  0.0207
  0.0187
  0.0396
  0.0340
  0.0510
  0.0708
  0.2747
  0.0453
  0.0283
  0.0258
  0.0283
  0.0283
  0.0232
  0.0207
  0.0207
  0.0207
  0.0232
  0.3115
  0.0566
  0.0311
  0.0283
  0.0425
  0.1161
  0.0850
  0.0736
  0.0708
  0.0425
  0.0311
  0.0538
  0.0425
  0.0283
  0.0258
  0.0258
  0.0232
  0.0207
  0.0207
  0.0232
  0.0283
  0.0283
  0.0258
  0.0207
  0.0207
  0.0187
  0.0187
  0.0595
  0.0708
  0.0850
  0.0453
  0.0283
  0.0232
  0.0207
  0.0207
  0.0207
  0.0207
  0.0232
  0.0232
  0.0340
  0.6513
  1.2176
  0.3398
  0.1444
  0.1104
  0.0736
  0.0651
  0.0538
  0.0538
  0.0453
  0.0453
  0.0368
  0.0340
  0.0340
  0.0340
  0.0368
  0.0538
  0.0425
  0.0311
  0.0283
  0.0906
  0.0623
  0.0340
  0.0283
  0.0283
  0.0283
  0.0258
  0.0258
  0.0232
  0.0232
  0.0207
  0.1614
  0.5380
  0.3115
  0.0708
  0.0538
  0.0481
  0.0340
  0.0311
  0.0311
  0.0283
  0.0258
  0.0340
  0.0425
  0.0258
  0.0311
  0.0258
  0.0232
  0.0311
  0.0566
  0.1388
  0.0340
  0.0283
  0.0510
  0.0425
  0.0232
  0.0207
  0.0187
  0.0232
  0.0187
  0.0176
  0.0176
  0.0159
  0.0176
  0.0176
  0.0176
  0.0159
  0.0159
  0.0227
  0.0176
  0.0187
  0.0311
  0.0207
  0.0187
  0.0311
  0.0311
  0.0176
  0.0232
  0.0176
  0.0159
  0.0159
  0.0139
  0.0139
  0.0159
  0.0159
  0.0176
  0.0187
  0.0207
  0.0368
  0.0258
  0.3398
  0.0481
  0.0396
  0.1303
  0.2464
  0.0651
  0.0566
  0.0425
  0.0258
  0.0207
  0.0368
  0.0207
  0.0187
  0.0187
  0.0232
  0.0538
  0.0258
  0.0207
  0.0187
  0.0176
  0.0176
  0.0793
  0.0566
  0.0453
  0.0425
  0.0340
  0.0283
  0.0258
  0.0232
  0.0187
  0.0187
  0.0207
  0.0176
  0.0176
  0.0159
  0.0159
  0.0159
  0.0159
  0.0159
  0.0258
  0.0207
  0.0232
  0.0207
  0.0311
  0.0232
  0.0232
  0.0258
  0.0232
  0.0187
  0.0176
  0.0176
  0.0176
  0.0176
  0.0176
  0.0187
  0.0283
  0.0481
  0.0453
  0.0311
  0.0368
  0.0283
  0.0258
  0.0232
  0.0187
  0.0187
  0.0187
  0.0187
  0.0176
  0.0176
  0.0176
  0.0176
  0.0176
  0.0176
  0.0187
  0.0187
  0.0187
  0.0187
  0.0187
  0.0176
  0.0176
  0.0176
  0.0187
  0.0187
  0.0207
  0.0207
  0.0283
  0.0207
  0.0207
  0.0207
  0.0207
  0.0207
  0.0187
  0.0187
  0.1274
  0.0708
  0.0425
  0.0311
  0.0368
  1.3592
  0.9911
  0.1472
  1.1327
  0.1586
  0.0906
  0.0708
  1.5008
  0.1841
  0.1897
  0.3681
  0.1642
  0.0963
  0.0736
  0.0623
  0.0538
  0.2633
  1.7556
  0.1982
  0.1699
  0.6230
  1.7273
  0.3115
  0.1586
  0.1104
  0.1133
  0.0793
  0.0623
  0.0538
  0.0538
  0.0481
  0.0453
  0.0963
  0.0566
  0.0453
  0.0340
  0.0311
  0.0283
  0.0283
  0.0258
  0.0368
  0.0283
  0.0232
  0.0207
  0.0207
  0.0207
  0.0207
  0.0207
  0.0207
  0.0207
  0.0187
  0.0187
  0.0187
  0.0176
  0.0176
  0.0176
  0.0176
  0.0176
  0.0176
  0.0187
  0.0176
  0.0176
  0.0176
  0.0176
  0.0176
  0.0176
  0.0176
  0.0159
  0.0159
  0.0159
  0.0159
  0.0159
  0.0159
  0.0159
  0.0159
  0.0159
  0.0159
  0.0159
  0.0159
  0.0159
  0.0176
  0.0283
  0.0311
  0.0176
  0.0159
  0.0159
  0.0139
  0.0122
  0.0122
  0.0122
  0.0122
  0.0122
  0.0122
  0.0122
  0.0122
  0.0122
  0.0122
  0.0139
  0.0139
  0.0139
  0.0139
  0.0139
  0.0159
  0.0159
  0.0159
  0.0139
  0.0122
  0.0122
  0.0139
  0.0207
  0.0368
  0.0311
  0.0159
  0.0139
  0.0122
  0.0122
  0.0340
  0.0906
  0.0850
  0.0232
  0.0176
  0.9911
  0.3398
  0.0623
  0.0481
  0.0283
  0.0283
  0.0258
  0.0481
  0.0283
  0.0207
  0.0311
  0.1019
  0.0651
  0.0311
  0.0765
  0.1359
  0.0765
  0.0481
  0.0340
  0.0340
  0.0311
  0.0207
  0.0176
  0.0159
  0.0176
  0.0207
  0.0159
  0.0122
  0.0122
  0.0122
  0.0176
  0.0311
  0.0793
  0.0566
  0.0311
  0.0187
  0.0425
  0.0232
  0.0207
  0.0311
  0.0283
  0.0207
  0.0159
  0.0139
  0.0122
  0.0122
  0.0122
  0.0122
  0.0122
  0.0122
  0.0122
  0.0122
  0.0122
  0.0122
  0.0176
  0.0139
  0.0127
  0.1218
  0.1359
  0.7929
  0.1699
  0.2095
  0.1104
  0.0736
  0.1586
  0.1218
  0.0736
  0.0651
  0.0623
  0.0623
  0.0453
  0.0425
  0.9345
  1.0760
  0.2322
  0.9911
  0.5663
  0.2832
  0.1501
  0.1642
  0.7646
  0.1642
  0.1586
  0.1104
  0.0963
  0.0736
  0.6513
  0.2095
  0.1359
  0.1444
  0.0850
  0.1019
  0.0736
  0.0623
  0.0538
  0.0481
  0.0453
  0.0425
  0.0340
  0.0340
  0.0340
  0.0311
  0.0283
  0.0283
  0.0283
  0.0283
  0.0258
  0.0258
  0.0258
  0.0258
  0.0258
  0.0232
  0.0258
  0.0340
  0.0311
  0.0232
  0.0207
  0.0207
  0.0187
  0.0396
  0.1161
  0.7362
  0.4248
  0.0708
  0.0453
  0.0538
  0.2237
  0.0623
  0.0453
  0.0425
  0.0340
  0.0311
  0.0311
  0.0258
  0.0232
  0.0232
  0.0232
  0.0311
  0.1784
  0.0934
  0.0481
  0.0340
  0.0453
  0.0283
  0.0258
  0.0232
  0.0207
  0.0258
  0.1133
  0.0538
  0.0623
  0.0311
  0.0566
  0.0425
  0.0481
  0.3115
  0.1982
  0.0538
  0.0396
  0.2180
  0.1444
  0.0566
  0.0425
  0.0623
  0.0481
  0.0425
  0.0425
  0.0368
  0.0368
  0.0595
  0.0368
  0.0311
  0.0283
  0.0793
  0.1699
  1.1044
  0.1331
  0.0736
  0.0566
  0.0453
  0.0736
  0.0481
  0.0340
  0.0311
  0.0368
  0.0340
  0.0283
  0.0258
  0.0906
  0.0368
  0.0283
  0.0258
  0.0258
  0.0232
  0.0368
  0.0453
  0.0283
  0.0232
  0.0207
  0.0207
  0.0207
  0.0207
  0.0187
  0.0187
  0.0207
  0.0258
  0.0207
  0.0207
  0.0207
  0.0207
  0.0207
  0.0207
  0.0396
  0.0232
  0.0207
  0.0187
  0.0311
  0.0232
  0.0187
  0.0176
  0.0187
  0.0176
  0.0159
  0.0176
  0.0283
  0.0187
  0.0283
  0.0258
  0.0187
  0.0176
  0.0159
  0.0159
  0.0159
  0.0139
  0.0139
  0.0139
  0.0139
  0.0187
  0.0258
  0.0187
  0.1359
  0.0991
  0.0821
  0.0708
  0.0595
  0.1104
  0.8212
  0.2152
  0.1218
  0.1416
  1.6990
  0.4248
  0.1926
  0.1133
  0.0991
  0.0765
  0.0651
  0.0595
  0.0595
  0.0510
  0.0453
  0.0396
  0.0368
  0.0425
  0.2832
  0.0708
  0.0878
  0.0566
  0.0453
  0.0396
  1.0760
  1.8972
  2.4069
  0.5663
  0.2152
  0.1359
  0.0991
  0.0821
  0.0708
  0.0765
  0.0595
  0.0906
  0.2010
  0.2832
  0.1048
  0.0708
  0.3115
  0.1388
  0.0821
  1.0194
  0.1501
  0.0991
  0.0906
  0.1218
  0.1048
  0.0878
  0.0708
  0.1218
  0.0765
  0.0595
  0.0481
  0.0453
  0.0453
  0.0396
  0.0396
  0.0368
  0.0368
  0.0311
  0.0311
  0.0280
  0.0280
  0.0280
  0.0311
  0.0280
  0.0396
  0.0280
  0.0241
  0.0481
  0.0368
  0.0311
  0.2237
  0.0765
  0.0453
  0.0736
  0.0765
  0.1019
  0.3398
  0.0991
  0.1501
  0.3398
  0.4814
  0.4248
  0.5663
  0.1926
  0.1161
  0.0708
  0.0680
  0.1048
  0.0566
  0.1019
  0.2747
  0.1557
  0.1529
  0.1274
  0.0708
  0.0708
  0.0566
  0.0453
  0.0368
  0.0340
  0.0340
  0.0340
  0.0368
  0.0340
  0.0283
  0.0258
  0.0283
  0.0283
  0.0258
  0.0232
  0.0232
  0.0207
  0.0232
  0.0207
  0.0232
  0.0232
  0.0207
  0.0207
  0.0207
  0.0207
  0.0207
  0.0232
  0.0207
  0.0368
  0.0340
  0.1756
  0.0340
  0.0566
  0.7079
  0.0538
  0.0340
  0.0283
  0.0283
  0.0283
  0.0232
  0.0207
  0.1019
  0.1586
  0.0821
  0.0368
  0.0283
  0.0765
  0.0368
  0.0340
  0.0311
  0.9628
  0.3681
  0.0850
  0.0651
  0.0623
  0.0481
  0.0311
  0.0311
  0.0538
  0.0708
  0.0566
  0.0368
  0.0311
  0.0340
  0.0311
  0.0283
  0.0258
  0.0232
  0.0207
  0.0207
  0.0207
  0.0187
  0.0187
  0.0176
  0.0176
  0.0176
  0.0187
  0.0187
  1.0194
  1.5857
  0.4531
  0.1982
  0.1303
  0.1019
  0.1841
  0.3964
  0.1727
  0.1699
  0.3115
  0.2492
  0.1444
  0.1642
  0.1501
  0.1104
  0.0736
  0.0651
  0.0566
  0.0538
  0.0538
  0.0481
  0.0453
  0.2265
  0.1189
  0.0623
  0.0481
  0.0453
  0.0623
  0.0453
  0.0481
  0.0368
  0.0425
  0.0368
  0.0340
  0.0340
  0.0311
  0.0283
  0.0283
  0.0283
  0.0311
  0.0878
  0.0991
  0.0425
  0.0311
  0.0283
  0.0311
  0.0368
  0.0311
  0.0311
  0.0283
  0.0481
  0.0906
  0.1274
  0.0850
  0.0538
  0.0425
  0.1218
  0.0453
  0.0340
  0.0453
  0.0651
  0.1926
  0.0623
  0.0368
  0.0340
  0.0311
  0.0311
  0.0283
  0.0258
  0.0396
  0.0680
  0.1614
  0.0850
  0.0736
  0.0623
  0.0368
  0.0340
  0.0283
  0.0258
  0.0258
  0.0258
  0.0232
  0.0232
  0.0207
  0.0207
  0.0207
  0.0595
  0.3964
  0.1104
  0.0538
  0.0368
  0.0368
  0.0311
  0.0538
  0.0680
  0.2010
  0.0906
  0.1019
  0.0595
  0.0481
  0.0510
  0.2747
  0.0793
  0.0538
  0.4248
  0.1189
  0.5947
  0.3681
  0.1331
  0.1246
  0.0736
  0.0680
  0.0566
  0.0481
  0.0425
  0.0425
  0.0368
  0.0340
  0.0340
  0.0453
  0.0793
  0.0481
  0.0453
  0.0538
  0.0368
  0.0425
  0.0311
  0.0311
  0.0311
  0.0283
  0.0283
  0.0340
  0.0481
  0.1841
  0.0453
  0.0340
  0.0708
  0.0368
  0.0340
  0.0311
  0.0368
  0.0283
  0.0258
  0.0232
  0.0232
  0.0232
  0.0232
  0.0258
  0.2152
  0.1019
  0.0481
  0.0340
  0.0311
  0.0283
  0.0396
  0.0258
  0.0232
  0.0207
  0.0258
  0.0232
  0.0184
  0.0184
  0.0184
  0.0207
  0.0623
  0.0283
  0.0207
  0.0184
  0.0184
  0.0481
  0.0481
  0.0258
  0.0207
  0.0184
  0.0184
  0.0184
  0.0184
  0.0184
  0.1784
  0.4248
  0.1019
  0.1331
  0.0680
  0.0651
  0.0736
  0.0538
  0.0481
  0.0425
  0.0453
  0.0368
  0.0340
  0.3115
  0.3398
  0.1019
  0.0963
  0.0850
  0.0651
  0.0481
  0.0453
  0.0425
  0.0368
  0.0340
  0.0340
  0.2492
  0.4248
  0.3681
  0.0934
  0.3115
  0.1727
  0.0736
  0.0651
  0.1557
  0.1246
  0.0651
  0.0566
  0.0481
  0.0453
  0.0368
  0.0368
  0.0368
  0.0340
  0.0340
  0.0340
  0.0311
  0.0425
  0.0368
  0.0340
  0.0510
  0.5947
  0.0595
  0.0425
  0.0340
  0.0311
  0.0311
  0.0311
  0.0340
  0.0651
  0.0311
  0.0311
  0.1104
  0.0425
  0.0311
  0.0283
  0.0283
  0.0283
  0.0283
  0.0283
  0.0258
  0.0232
  0.0232
  0.0258
  0.0232
  0.0207
  0.0207
  0.0232
  0.0232
  0.0207
  0.0207
  0.0207
  0.0184
  0.0184
  0.0207
  0.0283
  0.2067
  0.0595
  0.0793
  0.0311
  0.0311
  0.0311
  0.0232
  0.0283
  0.0680
  0.0538
  0.0934
  0.0595
  0.1019
  0.0566
  0.0425
  0.0311
  0.0283
  0.0258
  0.0258
  0.0258
  0.0232
  0.0258
  0.0510
  0.0311
  0.1699
  0.0453
  0.0283
  0.0232
  0.0207
  0.0184
  0.0184
  0.0184
  0.0311
  0.0453
  0.2407
  0.2152
  0.0538
  0.0340
  0.1133
  0.3115
  0.0651
  0.0566
  0.0368
  0.0311
  0.0283
  0.0283
  0.0736
  0.0340
  0.0258
  0.0232
  0.0283
  0.0232
  0.0232
  0.0207
  0.0232
  0.0207
  0.0184
  0.0311
  0.0481
  0.0651
  0.1104
  0.0850
  0.2407
  0.0991
  0.0566
  0.0566
  0.0481
  0.0368
  0.0311
  0.0258
  0.0232
  0.0232
  0.0207
  0.0207
  0.0184
  0.0184
  0.0207
  0.0184
  0.0184
  0.0184
  0.0207
  0.0184
  0.0258
  0.0207
  0.0368
  0.0258
  0.0651
  0.0623
  0.0425
  0.0311
  0.0311
  0.0595
  0.0283
  0.0207
  0.0232
  0.0566
  0.0566
  0.0425
  0.0340
  0.0258
  0.0232
  0.0207
  0.3964
  0.1331
  0.0906
  0.0736
  0.0595
  0.0538
  0.0623
  0.0651
  0.0481
  0.0453
  0.0453
  0.0425
  0.0368
  0.1784
  0.0765
  0.9628
  0.5380
  0.1331
  0.0793
  0.0651
  0.1019
  0.0991
  0.3115
  0.0934
  0.1303
  0.0680
  2.3220
  1.6990
  0.3398
  0.1982
  0.1331
  0.1133
  0.1444
  0.1019
  0.0850
  0.0651
  0.1076
  0.2265
  0.0934
  0.0651
  0.0595
  0.0566
  0.0481
  0.0453
  0.0453
  0.9911
  0.1246
  0.0736
  0.0595
  0.0651
  0.0595
  0.0453
  0.0425
  0.0368
  0.0595
  0.3964
  0.2832
  0.0680
  0.0538
  0.0481
  0.0595
  0.0453
  0.0368
  0.0340
  0.0340
  0.0311
  0.0311
  0.0283
  0.0283
  0.0283
  0.0232
  0.0232
  0.0207
  0.0207
  0.0207
  0.0207
  0.0207
  0.0207
  0.0207
  0.0184
  0.0184
  0.0258
  0.0232
  0.0595
  0.0991
  0.2407
  0.2010
  0.0736
  0.0595
  0.0340
  0.0283
  0.0258
  0.0258
  0.0232
  0.0207
  0.0207
  0.0184
  0.0184
  0.0207
  0.0184
  0.0311
  0.0566
  0.1104
  0.0311
  0.0232
  0.0207
  0.0232
  0.1019
  0.0680
  0.0906
  0.0481
  0.0340
  0.0680
  0.0453
  0.0736
  0.0566
  0.0368
  0.0538
  0.0821
  0.0425
  0.0311
  0.0425
  0.0651
  0.1501
  0.0595
  0.0425
  0.0283
  0.0283
  0.0340
  0.0258
  0.0232
  0.0232
  0.0207
  0.0207
  0.0207
  0.0680
 12.7992
  7.7871
  3.7661
  0.4531
  0.2095
  0.1388
  0.0963
  0.0850
  0.0651
  0.0538
  0.0481
  0.0425
  0.0425
  0.0538
  0.0481
  0.0425
  0.0425
  0.0425
  0.0425
  0.0396
  0.0396
  0.0396
  0.0396
  0.0878
  0.0566
  0.0425
  0.0793
  0.4248
  0.1756
  0.0878
  0.0736
  0.0651
  0.0793
  0.1189
  0.0651
  0.0425
  0.0340
  0.0311
  0.0311
  0.0283
  0.0280
  0.0266
  0.0263
  0.0255
  0.0244
  0.0241
  0.0241
  0.0963
  1.5291
  1.3875
  0.5097
  0.2095
  0.1161
  0.0850
  0.0736
  0.0595
  0.0538
  0.0538
  0.2152
  0.0651
  0.1501
  0.0793
  0.0651
  0.0595
  0.0453
  0.1982
  0.1019
  0.0850
  0.0850
  0.0595
  0.0481
  0.0453
  0.0453
  0.0425
  0.0425
  0.0453
  0.0425
  0.0425
  0.0396
  0.0396
  0.0396
  0.0396
  0.0340
  0.0340
  0.0311
  0.0311
  0.0283
  0.0283
  0.0283
  0.0283
  0.0263
  0.0263
  0.0263
  0.0263
  0.0425
  0.0283
  0.0283
  0.0263
  0.0232
  0.0232
  0.0232
  0.0232
  0.0232
  0.0210
  0.0210
  0.0210
  0.0210
  0.0210
  0.0187
  0.0187
  0.0187
  0.0187
  0.0187
  0.0187
  0.0187
  0.0187
  0.0187
  0.0187
  0.0187
  0.0187
  0.0187
  0.0187
  0.0167
  0.0263
  0.0283
  0.0210
  0.0187
  0.0187
  0.0187
  0.0167
  0.0167
  0.0167
  0.0210
  0.0187
  0.0187
  0.0187
  0.0187
  0.0187
  0.0210
  0.0210
  0.0187
  0.0187
  0.0187
  0.0167
  0.0167
  0.0167
  0.0167
  0.0167
  0.0167
  0.0167
  0.0167
  0.0187
  0.0263
  0.0263
  0.0232
  0.0187
  0.0167
  0.0187
  0.0232
  0.0187
  0.0167
  0.0210
  0.0232
  0.0210
  0.0311
  0.0453
  0.0232
  0.0210
  0.0167
  0.0167
  0.0283
  0.1501
  0.1331
  0.2803
  0.4248
  0.6230
  0.1019
  0.2803
  0.1388
  0.0651
  0.0425
  0.0510
  0.4248
  0.2067
  0.1161
  0.0736
  0.0481
  0.0425
  0.0340
  0.0311
  0.0263
  0.0283
  0.0538
  0.0425
  0.0311
  0.0765
  0.0793
  0.0736
  0.0538
  0.0538
  0.1727
  0.2379
  0.1019
  0.0595
  0.0651
  0.0481
  0.0340
  0.2152
  0.1104
  0.0538
  0.0425
  0.0340
  0.0340
  0.0340
  0.0311
  0.0283
  0.0283
  0.0311
  0.0340
  0.0311
  0.0425
  0.5663
  0.0736
  0.0481
  0.0425
  0.0340
  0.0311
  0.0311
  0.0425
  0.0425
  0.0538
  0.0481
  0.0481
  0.0425
  0.0878
  0.0736
  0.0821
  0.0793
  0.0481
  0.0481
  0.1019
  0.1472
  0.2492
  0.0793
  0.0538
  0.0481
  0.0991
  0.0963
  0.0595
  0.1133
  0.3681
  0.3964
  0.1388
  0.1104
  0.1218
  0.6513
  0.5097
  0.1699
  0.2010
  0.2662
  0.1161
  0.3115
  0.6796
  0.2549
  0.2549
  0.3115
  0.1756
  0.1161
  0.1019
  0.0963
  0.1019
  0.0736
  0.0680
  0.1104
  0.0680
  0.0538
  0.1189
  0.1104
  0.1529
  0.3398
  0.7079
  0.1897
  0.1444
  0.1019
  0.0793
  0.0651
  0.0651
  0.0538
  0.0538
  0.0680
  0.0481
  0.0453
  0.0425
  0.0396
  0.0340
  0.0396
  0.0396
  0.0340
  0.0311
  0.0510
  0.0396
  0.0340
  0.0340
  0.0595
  0.0538
  0.0396
  0.0481
  0.0425
  0.0906
  0.0850
  0.0736
  0.0906
  0.0651
  0.0425
  0.0340
  0.0283
  0.0263
  0.0850
  0.0793
  0.0425
  0.0340
  0.0283
  0.0263
  0.0821
  0.0425
  0.0311
  0.0263
  0.0232
  0.0232
  0.0232
  0.0232
  0.0210
  0.0210
  0.0187
  0.0210
  0.7646
  0.1388
  0.0793
  0.0793
  0.0566
  0.0368
  0.0311
  0.0258
  0.0232
  0.0207
  0.0232
  0.0708
  0.0425
  0.0232
  0.0207
  0.0187
  0.0187
  0.0283
  0.0232
  0.0187
  0.0187
  0.0187
  0.0176
  0.0187
  0.0258
  0.0311
  0.0258
  0.0207
  0.0187
  0.0176
  0.0176
  0.0159
  0.0159
  0.0159
  0.0159
  0.0159
  0.0139
  0.0139
  0.0187
  0.0195
  0.0207
  0.0187
  0.2322
  0.0453
  0.0283
  0.0207
  0.0159
  0.0159
  0.0139
  0.0139
  0.0139
  0.0139
  0.0122
  0.0159
  0.0159
  0.0201
  0.0368
  0.0765
  0.0232
  0.0176
  0.0139
  0.0122
  0.0122
  0.0110
  0.0110
  0.0110
  0.0091
  0.0091
  0.0091
  0.0091
  0.0091
  0.0091
  0.0091
  0.0091
  0.0091
  0.0091
  0.0091
  0.0091
