0.1133
0.1133
0.1133
0.1133
0.1416
0.1699
0.1699
0.6796
1.1610
1.1610
0.1699
0.1699
0.4531
0.4531
0.3681
0.2549
0.1699
0.1699
0.1699
0.0566
0.1133
0.1699
0.2265
0.2832
0.3398
0.4531
38.5109
39.3604
5.1537
2.6051
1.8123
1.1610
62.2971
18.6891
7.0792
7.0792
3.9644
2.4352
1.6707
1.1610
0.8495
2.6335
1.3309
0.7362
0.3681
0.3681
0.2832
0.2832
0.1982
0.1982
0.1982
0.1982
0.1982
0.1982
0.1982
0.1982
0.5947
0.7362
0.2832
1.6707
1.0194
8.2119
8.2119
2.6335
1.0194
0.7362
1.1610
4.5307
1.0194
0.4531
0.3681
0.3681
0.2832
0.2832
0.1982
0.1133
0.1133
0.1133
0.1133
0.0566
0.0566
0.0566
0.0566
0.0566
5.3802
27.3258
8.2119
7.7871
1.8406
3.0865
41.9089
5.6634
3.0865
1.6707
0.7362
0.3681
18.1228
11.6099
5.3802
35.1129
11.6099
9.0614
8.6366
9.0614
11.8931
4.9554
3.6812
3.3980
15.8574
11.0436
17.5564
11.3267
5.9465
4.6723
3.3980
15.2911
12.3178
3.9644
2.9733
4.5307
2.6901
1.9822
2.9733
31.1485
10.0525
4.2475
8.7782
4.6723
20.9545
12.1762
22.9366
28.8832
47.8555
9.3446
5.3802
4.2475
3.2564
2.4069
1.9822
1.6990
1.5574
1.2743
0.9911
0.8495
0.8495
0.8495
10.4772
4.2475
28.6000
12.7426
6.3713
3.6812
2.6901
2.2653
1.8406
1.6990
1.5574
1.5574
9.9109
5.3802
2.6901
1.8406
1.6990
1.8406
1.5574
1.4158
2.5485
4.5307
4.5307
5.0970
5.3802
4.1059
14.1584
5.3802
2.5485
25.7683
17.8396
11.3267
7.7871
7.5040
10.9020
5.0970
0.5097
0.4814
0.4531
0.3681
0.3398
0.3115
0.2265
0.1699
0.1303
0.1303
0.0623
0.0623
0.0623
0.0623
0.0623
0.0623
0.0623
0.0623
0.0623
0.0623
0.0311
0.0311
0.0623
0.3398
0.0623
0.0311
0.0623
0.0623
0.0311
0.0623
0.0623
0.0623
0.0623
0.0623
0.0623
0.0623
1.6424
0.7079
0.4248
2.8317
3.5396
9.5711
4.3608
4.3608
3.9360
2.4919
0.0623
8.8915
2.4919
2.8317
1.1327
0.2832
0.1982
0.1303
0.1303
0.0623
0.0623
0.0623
0.0623
0.0623
5.2953
1.1327
1.1327
4.8139
2.1804
2.1804
0.5097
16.4238
3.5396
2.8317
2.8317
1.3875
0.5097
0.3398
0.2832
6.3713
2.8317
0.3398
0.3398
0.1982
0.1982
7.5889
1.6424
0.3398
2.3786
0.5947
0.1954
0.0906
0.0736
0.0623
0.1246
0.1104
0.1161
0.1161
0.1161
0.0906
0.0623
0.2633
0.1048
0.0906
0.0623
0.0680
0.0623
0.0623
0.0623
0.1104
0.0680
3.6812
0.1869
0.0623
0.1161
0.0623
0.0623
0.1359
0.1048
0.1161
0.1161
0.1954
1.4725
0.1954
0.1359
0.0283
0.0283
0.0283
0.1161
0.0680
0.0623
0.0623
0.0623
0.0736
0.1104
0.1161
0.0623
0.0623
0.0680
1.6141
9.3729
1.9255
7.2208
0.4248
0.1954
2.6335
1.2459
11.2418
9.1747
9.9109
15.6026
3.3980
0.4531
6.3996
10.1091
0.1869
7.2208
15.2911
10.1091
9.0614
1.9255
2.2653
0.8495
0.5380
0.2832
0.1869
0.1161
0.8495
0.5380
0.2832
0.1869
0.1161
30.2990
0.8495
0.2633
0.1161
0.0906
0.0283
4.9271
0.0623
0.0623
0.0623
0.0595
0.0453
0.0680
0.0623
0.0283
0.0227
0.0057
0.0057
0.0057
0.0623
0.1104
0.1161
0.6796
0.6230
0.5380
3.1998
2.3503
0.1869
9.0614
7.2208
0.1161
1.6424
24.0693
5.6351
0.1529
0.1161
0.1869
1.0760
0.1869
0.1642
0.1161
0.0793
0.0680
0.0623
0.0623
0.0283
12.4877
0.3964
0.0623
0.0623
0.0283
0.0283
0.1727
0.1869
0.1812
0.1359
0.1161
0.0680
0.0623
0.0311
0.0283
0.0283
0.0283
0.0283
0.0283
0.0283
0.0283
0.4531
10.1091
40.4931
37.0951
4.9271
1.9255
1.6141
0.8495
0.6796
0.5380
0.3681
0.1869
0.1529
0.0906
0.0623
0.0453
0.0283
0.0283
0.0595
0.0906
0.2832
22.0871
1.3309
1.8406
1.9255
2.2653
0.5380
0.2832
0.1812
0.1161
0.0991
0.0906
0.0906
5.4368
1.3309
0.2067
0.0680
0.0623
0.0623
0.0595
0.6796
0.1727
5.2669
0.1869
13.8469
0.1359
0.1869
0.8495
0.1246
0.0906
0.0736
12.4877
0.1954
0.1642
0.0623
0.0595
0.0113
0.0623
0.0623
0.0623
0.0623
0.0595
3.9644
0.1869
0.0623
0.0623
0.0623
0.0623
0.0623
0.0623
6.0032
0.1529
0.0623
7.2208
12.2329
0.0623
0.0623
0.0623
0.0623
0.0623
0.0623
0.6796
0.0623
0.1869
0.1161
0.0623
10.1091
3.1432
0.8495
0.1869
0.0623
0.0906
0.0623
0.0906
0.0623
0.0453
0.0170
0.0057
0.0057
0.0906
0.0623
0.0283
0.0283
0.0057
0.0057
0.0057
0.0057
0.0283
0.0283
0.0170
0.0057
0.0453
0.0283
0.0057
54.9347
28.2036
7.6455
1.3309
0.6230
0.1869
0.0283
0.0283
0.0176
0.0176
0.0176
1.8406
1.6990
1.6141
0.0538
94.5783
9.0614
7.8438
7.5040
2.1804
2.0954
1.9822
1.8406
1.5008
1.3026
1.1893
1.1327
1.1044
1.0194
15.2911
37.0951
9.0331
7.8438
7.3057
2.1521
2.0671
1.9255
0.1019
0.0934
8.0137
6.9659
5.1820
0.1897
0.1133
0.0793
0.0623
0.0623
0.0623
0.0538
0.1897
282.8853
282.8853
257.1170
248.3387
244.0912
9.4295
7.3624
6.9093
6.9093
6.9093
6.4846
1.2176
1.1327
1.0194
1.0194
0.9061
0.8212
0.0218
0.0218
0.0218
0.0218
0.0218
0.0218
0.0218
0.0218
0.0218
0.0218
0.0218
0.0218
1.6990
9.4295
5.6917
5.3519
4.9838
4.9838
0.0963
0.0963
0.0963
0.0651
0.0651
0.0651
0.0453
0.0453
0.0453
0.0453
0.0218
0.0218
0.0218
0.0218
0.0218
0.0218
0.0218
0.0218
0.4814
9.4295
5.6917
10.5056
51.8198
9.4295
4.9838
4.7006
4.3891
4.0776
3.7661
3.5113
3.2281
3.2281
2.8034
2.5768
2.3786
0.0651
0.0453
0.0218
0.0218
0.0218
0.0218
9.4295
6.4846
6.0881
5.6917
5.6917
5.3519
5.3519
5.3519
4.9838
4.9838
4.7006
0.0651
0.0651
0.0218
0.0218
0.0218
0.0218
0.0218
0.0218
4.0776
3.2281
3.0299
2.8034
2.5768
2.3786
1.6990
1.6990
1.5857
1.5857
1.4442
1.4442
1.3026
4.3891
4.0776
3.7661
3.5113
3.2281
0.0651
0.0651
0.0453
0.0218
0.0218
0.0218
0.0218
0.0218
0.0218
0.0218
0.0218
0.0218
54.3683
7.3624
5.6917
5.3519
4.3891
1.6990
0.5663
0.4814
0.3398
0.2832
0.1756
89.4812
7.3624
6.9093
4.0776
9.9958
8.3535
6.7394
5.1253
3.5113
6.0881
2.8034
4.9838
0.5663
1.0194
0.5663
0.8212
0.4248
0.2180
0.1756
0.1303
0.0651
0.1303
0.0651
0.0651
0.0651
0.0651
0.0651
0.0651
0.0651
0.0651
0.0651
0.0651
0.0651
0.0651
2.8034
3.2281
2.8034
0.8212
0.4814
0.0651
0.0651
0.9061
0.0651
0.0963
0.0651
0.0651
0.1756
0.1756
0.5663
2.1804
0.2180
0.0651
0.0651
0.0453
0.1756
0.0651
0.0651
0.0651
3.2281
2.0105
0.7362
7.3624
4.7006
4.0776
5.6917
4.7006
0.7362
112.1347
47.2891
9.4295
11.6099
6.0881
3.7661
4.3891
9.4295
4.7006
3.2281
2.5768
2.1804
1.4442
1.3026
1.2176
0.8212
9.9958
14.2434
12.9125
6.0881
3.5113
3.0299
8.3252
5.6917
3.2281
22.4269
11.6099
3.7661
3.0299
3.5113
3.2281
2.1804
1.4442
1.0194
0.7362
0.6513
0.5663
0.3398
0.2832
0.2180
0.4248
0.2832
0.2180
0.1756
0.1303
0.1303
0.1303
0.1303
0.0963
0.0963
0.1756
0.1756
0.0963
0.0963
0.0963
0.0963
0.0963
0.0963
0.0651
0.0651
0.0963
0.0963
0.0963
0.0963
1.1327
3.7661
2.5768
0.9061
0.1756
0.0963
0.7362
11.0436
4.0776
8.8349
0.4248
4.9838
6.0881
2.0105
0.9061
0.4248
5.6917
3.7661
1.5857
0.5663
0.1756
0.0963
0.0651
0.0651
0.0453
0.0453
0.0453
0.0453
0.0453
0.0453
0.0453
0.0453
0.0453
0.0453
0.0453
0.0453
0.0453
0.0453
0.0453
0.0453
0.0453
0.0453
0.0218
0.0218
0.0218
0.0453
0.0651
0.0651
0.1756
0.0651
0.0651
0.0651
0.0651
0.0453
0.0453
2.0105
1.0194
1.0194
0.9061
0.3398
0.3398
0.3398
0.2832
0.2832
0.2180
0.1756
0.0963
0.0651
0.5663
0.1756
0.0651
0.0651
4.7006
6.4846
3.0299
3.0299
0.7362
0.9061
3.5113
2.8034
9.4295
6.9093
2.5768
2.5768
5.3519
3.7661
14.2434
59.4654
36.2456
52.9525
6.9093
3.5113
2.8034
1.5857
8.8349
4.0776
8.8349
25.4852
8.8349
6.9093
4.9838
3.0299
2.8034
2.8034
2.8034
4.9838
8.8349
54.3683
39.6436
9.9958
4.9838
3.2281
2.5768
2.0105
14.8947
3.7661
1.6990
1.6990
1.3026
1.1327
0.9061
5.3519
2.8034
1.2176
0.5663
0.4248
0.2180
0.1756
0.1303
0.1303
9.9958
10.5056
4.9838
3.7661
3.5113
3.2281
1.5857
4.0776
2.1804
1.5857
8.3252
7.8438
114.4001
56.9169
26.2780
15.5459
11.0436
7.3624
7.3624
7.3624
6.9093
20.1616
12.2612
28.8832
92.8793
140.1684
120.9129
42.4753
19.0572
15.9990
15.9990
13.7903
9.9958
68.2436
71.9248
63.9961
23.6446
15.2345
11.1568
9.4578
14.4699
30.8654
179.2456
29.4495
19.0572
13.7903
31.4317
17.5281
15.2345
15.9990
11.1568
8.4951
8.9764
7.6172
9.4578
12.4877
8.9764
8.4951
8.0703
6.7394
5.9465
5.6067
4.8988
4.8988
3.9927
3.4547
3.1998
2.7184
2.0671
2.0671
2.0671
1.8972
1.6990
1.5291
1.0194
1.5291
1.3592
1.0194
2.9450
4.5873
76.1723
19.7935
57.7664
29.4495
12.4877
9.9958
8.4951
6.3430
5.6067
3.7378
3.1998
13.1390
3.9927
2.9450
2.4919
2.0671
1.8972
1.3592
1.1893
1.1893
2.0671
1.5291
1.0194
2.4919
0.5380
0.3398
0.3398
0.3398
0.0878
0.0878
0.0651
0.0878
0.1303
14.7248
2.7184
0.7929
0.2633
0.2633
0.2633
0.2633
0.4248
0.5380
0.3681
0.3681
0.5380
0.4248
0.4248
1.1893
0.5380
0.4248
0.4248
1.8406
14.7248
2.2370
0.5380
13.3656
29.7327
3.8228
2.0105
0.7929
0.6230
0.6230
6.0032
30.8654
6.8244
19.0856
23.2198
5.6067
2.9733
1.5008
5.6067
1.5008
0.9061
0.9061
1.8406
0.9061
16.8202
2.9733
1.0477
29.7327
6.3996
2.7184
1.6707
0.7929
3.2281
2.2370
2.7184
10.1657
12.7143
52.9525
8.1553
3.8228
2.0105
2.7184
1.5008
12.0347
8.1553
12.0347
14.7248
3.2281
2.9733
4.4741
3.5113
2.0105
1.5008
7.7022
131.3902
33.9802
16.8202
9.6277
17.5564
20.7279
19.8784
20.7279
17.5564
10.1657
5.2103
9.1180
6.8244
4.8139
9.1180
11.3834
10.7887
10.1657
6.8244
4.8139
2.7184
2.2370
2.0105
9.1180
7.2774
6.0032
5.2103
4.1059
2.0105
17.5564
27.7788
9.1180
5.2103
70.2258
17.5564
10.1657
7.2774
19.0856
7.7022
6.3996
5.6067
7.2774
8.1553
5.2103
3.8228
3.2281
47.2891
11.3834
9.6277
8.6366
8.1553
6.8244
5.2103
4.1059
3.5113
3.5113
2.7184
2.4636
19.0856
6.8244
5.6067
4.1059
35.1129
13.3656
7.7022
5.6067
5.6067
3.8228
3.5113
2.9733
2.4636
2.2370
2.0105
2.2370
1.6707
2.4636
7.7022
8.1553
6.8244
6.3996
8.1553
11.3834
4.1059
4.1059
3.5113
8.1553
6.0032
12.7143
22.3986
10.1657
14.7248
31.7149
129.6912
47.2891
28.6000
16.8202
13.3656
7.2774
9.6277
8.1553
6.0032
4.1059
3.8228
3.2281
0.2180
0.2180
0.3115
0.2633
0.3115
0.2633
0.3115
0.3115
0.1104
0.0651
0.0878
0.0651
0.9061
2.0105
0.2180
47.2891
12.1479
3.9360
1.8972
1.2743
1.0194
2.2370
2.4636
2.2370
2.2370
2.2370
0.3681
0.3115
0.3115
0.3115
0.7929
0.3115
1.4158
16.7353
3.6812
1.1327
1.8972
1.0194
0.8778
0.7929
0.6230
0.4248
0.6230
0.2633
0.2180
0.2180
0.2180
0.1303
0.1303
0.1303
0.1303
0.4248
0.7929
0.2633
0.2180
0.4248
2.6335
7.5323
2.8034
1.5857
2.6335
2.4636
1.0194
0.7929
0.4248
0.4248
1.2743
5.4652
4.5024
3.4547
3.0299
3.2281
3.0299
3.2281
1.8972
1.7556
1.0194
0.7079
0.7929
0.6230
0.4248
1.0194
1.4158
0.7079
0.6230
0.7079
1.4158
3.4547
5.1253
1.8972
1.0194
0.7079
0.6230
0.5380
0.5380
0.5380
0.4248
0.4248
0.5380
4.5024
3.4547
3.2281
3.6812
3.4547
3.4547
4.5024
5.8333
3.9360
1.1327
0.6230
66.5446
15.9990
5.1253
4.8139
3.9360
3.0299
22.3420
15.9990
26.2780
22.3420
24.0976
10.5905
5.4652
2.0671
3.0299
3.2281
3.4547
3.4547
13.6770
17.5281
1.5857
4.2192
5.4652
6.2297
6.6261
3.9360
3.6812
3.2281
2.6335
26.2780
39.3604
14.4699
7.5323
45.8733
13.6770
6.2297
4.8139
3.9360
3.9360
3.9360
14.4699
7.5323
4.8139
47.2891
39.3604
36.2456
30.5822
13.6770
8.0703
5.8333
57.7664
65.4119
24.0976
19.7935
13.6770
15.2345
12.1479
11.3551
9.2030
9.2030
5.4652
3.6812
3.4547
3.0299
3.0299
3.2281
2.8034
2.2370
1.8972
1.5857
1.4158
5.4652
0.0623
0.0708
0.0708
0.0651
0.0736
2.9450
0.2718
0.1189
0.0708
0.0623
0.0821
0.2832
0.1586
0.0963
0.0793
0.0708
0.0708
0.0793
0.0708
0.6230
0.2464
0.1133
0.1671
1.1044
0.4814
0.2832
0.2464
6.6261
3.3414
0.6230
0.2549
0.2577
0.0218
0.0176
0.0176
3.9077
8.1836
2.4919
7.5889
2.3786
0.3681
0.0566
0.0218
0.0218
0.0218
0.0218
0.0218
0.0218
0.0176
0.0176
0.0453
0.0623
0.0538
0.0566
0.0453
0.0453
7.3624
15.2061
6.0881
1.1327
0.2067
0.0934
0.0651
0.0793
1.2176
0.2010
0.0963
4.0210
0.9911
0.1416
0.0481
0.0396
0.0340
0.0340
0.0538
0.0566
0.0623
0.0878
0.0963
0.0651
0.0651
0.0623
0.0623
0.0623
0.0566
0.0878
0.0793
0.0708
0.1133
0.1189
0.0934
0.0793
0.0736
0.0651
0.0651
0.0651
0.0651
0.0708
0.0736
0.0793
0.0793
0.0793
0.1189
10.5056
3.1149
0.8495
0.2180
0.0736
0.0651
0.8212
0.9345
0.1756
0.7079
0.3115
0.4531
6.7960
2.1521
0.8212
13.7903
9.0614
2.0954
44.7406
7.6172
3.8511
58.6159
23.1632
14.2434
23.9561
28.6000
45.0238
112.1347
18.1794
8.8915
7.1358
6.2297
3.8511
3.1432
2.8600
10.5622
3.9360
3.9077
14.6398
4.9838
3.8511
3.5962
2.9450
5.2953
4.9838
1.6707
1.0760
0.9061
0.8212
0.7929
0.0340
0.0340
0.0396
0.0453
0.0538
0.0538
0.0566
0.0623
0.0623
0.0708
0.0708
0.0736
0.0793
0.0878
0.0878
0.0878
1.1327
1.6990
0.1048
0.0218
0.0311
0.0396
0.0538
0.0623
0.0736
0.0963
0.1133
0.1218
0.1303
0.1416
1.4442
0.3398
0.0481
0.0340
0.0566
0.0708
0.1501
0.0708
0.3681
0.1189
0.0566
0.0538
0.0566
0.0623
0.0623
0.0623
0.0566
0.0623
0.0623
0.3115
0.2633
0.1501
3.2848
1.2176
0.2407
0.0708
0.0311
0.0651
0.0481
0.0566
0.0623
0.4248
0.3964
0.0708
0.0396
10.8737
5.2103
0.9628
0.5947
0.1784
0.1303
0.0736
0.0218
0.0263
0.0311
0.0396
0.0623
0.0934
0.0708
0.0708
0.0708
0.0934
0.1048
0.1019
0.0963
0.0963
1.3309
12.6576
4.2192
1.4442
0.6796
0.2832
0.2095
0.1926
0.1841
0.1784
0.1303
0.0453
0.0453
0.0453
0.0453
0.0453
0.0453
0.0453
0.0453
0.0453
0.0453
0.0453
0.0453
0.0453
0.0453
0.0453
0.0453
0.0453
0.0396
0.0396
0.0396
0.0396
0.0396
0.0396
0.0340
0.0340
0.0340
0.0340
0.0340
0.0340
0.0340
0.0340
1.4158
0.6796
0.0453
0.0218
0.0176
0.0176
0.0176
0.0218
0.0218
0.0263
0.0396
0.0566
0.0623
0.0623
0.0623
0.0623
0.0623
0.2237
0.0708
0.0263
0.4248
2.8883
0.7362
0.1104
3.5113
2.2653
2.9450
2.5768
5.2669
1.6141
0.5097
0.9628
0.6796
0.1501
0.0793
0.0623
0.0708
0.0878
0.0878
0.7929
0.9061
0.1133
0.0878
0.0736
0.0623
0.0538
0.0453
0.0481
0.0623
0.7362
1.7273
1.7840
1.2743
1.3026
0.0453
0.0623
0.0538
0.0793
0.0538
0.0623
0.0708
0.0538
0.0481
0.0538
0.0481
0.0481
0.0481
0.0453
0.0396
0.0340
0.0340
0.0396
0.0566
0.0623
0.0453
0.0453
0.1218
0.2803
17.2166
4.7855
1.1044
1.3309
1.2743
1.0194
5.9182
2.1804
0.5663
0.2803
0.2803
0.3681
0.4248
0.2010
0.0963
3.3414
3.1149
4.4741
1.1044
0.2718
0.2237
0.3398
0.3681
0.4814
0.3681
0.3115
0.3115
0.2549
0.2237
0.1359
0.0963
0.0934
0.9061
0.9628
0.9061
0.9061
0.8778
0.9061
1.5291
2.3220
1.5574
9.7693
99.9585
28.8832
9.0331
15.3194
9.9109
5.8616
3.3697
2.5485
1.8972
1.5857
1.3592
1.0760
0.9061
0.7929
0.6796
0.6513
0.5380
0.4814
0.4814
0.4531
0.4248
0.3681
0.3115
0.3115
0.3115
0.3115
0.2832
0.2662
0.2662
0.2832
0.7079
2.0954
1.3026
0.6796
0.3115
0.2662
3.2281
0.7929
0.2549
0.2237
0.2010
1.9255
1.2176
0.3398
0.2095
0.1926
0.1841
2.6618
2.8600
0.8495
0.2379
4.8139
0.7929
0.2803
11.7515
22.2854
27.3824
30.0159
16.1689
10.9586
11.2984
7.6739
18.8307
22.6818
7.7871
5.9465
4.7289
3.8511
3.5962
3.3697
3.8511
3.3697
2.8034
13.3656
3.4263
1.5857
1.0760
0.8212
0.6230
0.5097
0.4814
3.8511
2.8034
1.3026
1.1044
0.6796
0.4248
0.3964
0.4814
1.1893
0.4248
1.9255
0.9911
0.8495
0.3964
0.9345
0.4531
2.9733
3.0299
8.7499
1.9822
4.4174
6.7111
4.2192
2.8600
1.7556
1.2176
0.7079
0.6230
0.4531
2.0671
0.7929
5.6917
1.5291
2.0954
6.1731
0.0311
0.0453
0.0340
0.0878
0.1019
0.0878
0.0708
0.0708
0.0623
0.2152
0.1784
0.0934
0.0878
0.0963
0.1048
0.1048
0.1019
0.0963
0.0878
0.0793
0.0736
0.0793
0.4814
0.2180
0.4248
0.0963
0.0623
0.3681
0.1982
1.0477
0.9061
0.7362
0.2095
0.0453
9.4578
4.0210
0.6513
0.2832
0.2464
0.2265
0.2180
0.1982
0.1019
7.8721
10.0808
6.5695
0.4248
0.1756
0.0878
0.0708
0.0566
0.0538
0.0481
0.0453
0.0176
0.0088
0.0088
0.0088
0.0088
0.0088
0.0088
0.2237
0.0176
0.0042
0.3964
0.0311
1.6707
43.3248
13.1390
24.0976
6.5695
1.5291
7.0226
4.3891
5.6917
2.1804
12.8275
11.8364
10.1941
3.7378
25.7966
83.2515
137.0535
19.4820
20.5863
13.3656
7.1075
4.6440
3.1149
2.8600
4.0210
6.3430
4.0210
4.9554
5.9465
11.5533
7.9854
5.2669
4.0210
4.6440
3.5113
2.3786
1.7840
1.5291
1.0194
1.2176
0.5663
1.9822
1.2176
0.8778
0.7362
0.4248
0.2322
0.1897
0.1586
0.1416
0.1303
0.1218
0.1218
0.1189
1.0760
1.7556
0.9628
0.6796
0.5663
1.0477
0.9345
0.5663
0.4814
1.0194
0.7362
1.3026
1.7840
1.3026
1.1327
0.9345
0.8778
0.8778
0.9061
0.5947
0.1671
0.1303
0.1133
0.1048
0.1133
0.1133
0.1133
0.1897
0.1784
0.6230
0.4814
0.3115
0.1841
0.2577
4.2192
1.1893
0.3681
0.1416
0.3398
0.7079
0.1671
0.1189
0.1048
0.1189
0.1048
0.0963
0.0963
0.1133
0.1019
0.0963
0.0793
0.0793
0.0708
0.0708
0.0651
1.0477
0.2180
6.7960
11.5533
3.7378
0.8212
0.6796
0.0088
0.0821
0.0088
0.0088
0.0088
0.3681
0.3115
0.0130
0.0130
0.0088
0.0311
0.0481
0.0396
0.0340
0.0311
0.0453
0.0481
0.0396
0.0340
0.0396
0.0453
0.0623
0.0311
0.0311
12.0063
10.3073
8.2685
1.9255
0.4531
0.0793
0.0453
0.0263
0.0340
0.0481
0.0481
0.0538
0.0538
0.0453
0.0340
0.0453
0.7929
17.8396
19.2838
50.6872
36.8119
13.2240
4.0210
2.4636
1.5291
0.7929
0.3964
0.1416
0.0934
0.0623
0.0821
4.9838
1.1044
0.5663
0.2180
0.1303
0.0708
0.0651
0.0878
1.5008
2.7184
1.4158
0.5380
0.8212
0.1982
0.0793
0.0708
1.1893
19.5386
4.4741
16.8202
9.6277
53.8020
59.4654
16.5654
13.8753
20.0766
5.1820
2.7184
3.3697
4.0210
2.4636
1.5857
1.8406
1.7840
1.0760
1.1893
1.1044
0.8212
0.5097
14.9796
4.3042
2.6335
2.1521
2.0105
4.6440
3.8228
1.6990
0.3681
0.6796
0.3115
0.1133
0.1019
0.1841
7.1075
3.5962
1.4158
0.9061
0.7079
23.4747
16.6503
77.0218
26.4479
37.6614
65.4119
136.2040
71.9248
43.8911
19.0856
10.4206
10.1657
6.3430
5.2669
4.3325
4.0210
4.3325
8.3252
5.9465
3.7378
2.9733
2.5485
2.1521
1.8406
1.7840
1.4442
1.2176
1.0194
1.1044
1.0760
1.4442
0.7929
0.7362
1.0477
3.5396
2.2653
1.6424
1.3026
2.2370
2.3786
2.1804
1.5008
2.2370
1.3026
1.7556
2.0105
3.0582
3.1432
3.3697
24.0127
10.3073
14.8380
7.5040
9.4578
5.6634
7.7588
3.9360
1.5857
11.4683
22.5119
16.1689
21.4642
5.7483
3.6812
7.1925
4.3042
5.2103
7.3907
5.6067
4.4741
0.0340
0.0088
0.0566
0.1416
0.0396
0.8495
0.0623
0.0218
0.0176
0.0176
0.0218
0.0311
0.0453
0.0538
0.0708
0.0793
0.0736
0.0340
0.0340
0.0218
1.0760
0.9911
6.9093
1.3592
0.5380
0.4814
2.0105
7.1358
1.8972
6.1448
4.1059
1.6990
0.3115
2.9733
1.1327
0.1303
0.0218
0.8212
5.6067
1.5008
0.5663
3.4263
7.1358
3.6812
1.6424
0.4248
0.3681
2.8883
1.6141
0.5380
0.3115
0.1926
0.0708
2.4636
2.2653
3.1432
4.3042
9.9392
5.3802
11.9214
8.1553
38.2277
9.7693
4.3042
3.8511
5.2103
3.8511
2.1521
2.5485
21.9456
23.5313
9.0331
5.8333
14.6398
5.2103
8.2685
2.7467
4.7006
4.1059
2.7184
6.0032
7.1358
6.7960
3.3414
15.7158
6.4846
4.6440
2.3786
3.8511
8.5800
14.1867
5.7483
3.8511
2.9450
1.4442
0.9061
0.6230
14.6681
5.4368
28.6000
21.3792
12.0913
6.8810
5.0404
5.3519
7.8438
49.8377
108.7367
78.4377
68.2436
84.1010
114.6832
28.2036
18.4060
13.1390
10.5905
8.4951
7.5889
13.9602
9.4578
6.3996
5.6917
5.3519
4.4174
4.4174
3.8511
3.5396
3.5396
4.4174
267.5942
81.8357
70.2258
31.1485
20.1616
13.3656
11.1568
9.2030
8.6650
8.6650
7.0226
5.6067
4.4741
3.9077
3.2848
2.8883
2.6618
2.4636
2.3220
2.2653
2.3786
2.2370
3.4263
6.7960
3.5962
2.5485
2.0954
2.0671
2.8034
11.4683
3.6812
2.1804
1.9822
2.7467
10.5056
2.7467
1.9822
1.9255
1.8972
1.8406
1.7556
1.9255
1.9822
7.5323
5.2953
3.8228
4.8705
5.3802
2.0671
4.3325
3.5962
1.7556
1.1893
0.0311
0.0311
0.0340
0.0368
0.0425
0.0538
0.0566
0.0396
0.2407
1.2176
0.1104
0.0425
0.0198
0.0161
0.0153
0.0184
0.0210
0.0263
0.0263
0.0311
0.0368
0.0340
0.0311
0.0311
0.0311
0.0263
0.0283
0.0283
0.0263
0.0283
0.0368
0.0368
0.0311
0.1926
6.9093
6.3147
5.0687
12.0913
3.4263
0.4248
0.0538
0.0340
7.6739
6.9659
4.7289
14.3566
2.8883
1.1893
1.3026
1.2176
0.9628
0.2067
0.0680
0.0340
0.0283
0.0246
0.0227
0.0227
0.0263
0.0263
0.0246
0.7646
0.3964
0.7929
0.5663
0.0708
0.0283
0.0210
0.0210
0.9628
0.7929
0.3115
0.0736
0.3398
2.3786
0.4248
7.9287
17.8679
15.8574
2.5485
1.2176
0.7646
0.7079
4.7855
5.7483
1.6424
0.9628
0.7362
0.7646
1.6141
2.1804
1.3026
0.5663
2.4919
2.7467
1.0477
0.5663
14.3283
19.1422
26.6745
30.2990
35.6792
40.2099
22.7667
12.0063
6.7960
4.3891
3.2848
3.1149
2.8883
2.5768
2.3220
2.4636
63.4297
30.0159
11.5533
9.2030
7.0226
5.1820
4.4174
3.9927
3.4547
2.9733
2.7184
2.5485
2.3786
2.2653
15.4610
35.1129
23.2198
10.5056
7.0226
5.2669
4.2475
3.5962
2.8883
2.1804
2.3220
1.9255
1.8972
1.9255
1.7840
5.9465
5.9182
12.0347
2.9733
1.7840
1.4725
1.2176
1.1044
1.4725
2.0954
0.9061
0.6513
0.6796
1.4725
2.0105
0.6513
0.5380
19.3121
8.0137
3.1432
2.0954
1.5291
1.1327
1.0194
0.9061
0.7362
0.6796
0.6513
0.3964
2.1521
1.0477
0.7079
8.2685
1.8406
1.8406
4.3891
1.6141
15.8008
2.8883
2.1521
0.2010
0.1982
0.1982
0.1897
0.1756
0.1416
0.1359
0.2095
0.1303
0.1671
0.2775
0.2180
0.1897
0.1897
0.1982
0.1982
0.2180
0.2492
0.2577
0.2492
0.2407
0.2322
0.2775
0.2577
0.9345
0.2492
0.2492
0.2180
0.2095
0.2095
0.2010
0.1897
0.2492
0.2407
0.2322
0.2237
0.2180
0.2180
0.2180
0.2180
0.2180
0.2095
0.2095
0.2010
0.2718
0.2265
0.1982
0.1756
0.1756
4.6440
9.0614
2.1804
1.1044
0.8212
0.7079
0.6796
1.2176
0.8212
0.7362
0.5097
0.3964
0.3115
0.3115
5.5501
4.9554
2.8883
3.1149
2.2370
1.2459
1.0477
0.7646
0.8212
5.6067
2.7184
1.5008
0.7929
0.5947
1.1327
0.6796
0.3115
0.2095
0.1897
0.1897
0.2322
0.2322
0.2322
0.1671
0.1444
1.0477
9.5145
9.1180
5.1253
5.6067
3.2848
1.4442
0.9061
0.6513
0.5380
0.5380
0.4531
0.3681
0.2775
0.2322
0.9628
1.1893
63.4297
72.2080
28.8832
4.8988
3.8228
1.9255
1.1610
0.9345
3.8511
6.5412
3.6812
2.5485
2.2653
2.0671
1.9255
1.7556
1.8972
1.3026
0.5663
0.4814
0.3681
0.3681
0.3115
0.2010
0.1671
0.1557
0.1472
0.1303
0.1246
0.2407
0.1416
0.1246
0.1218
0.9061
2.1521
1.3026
11.4683
63.9961
13.1390
4.2192
2.7184
2.7184
1.8972
1.4158
3.7661
8.3252
11.9497
31.9980
35.9624
206.4298
43.0416
13.8469
8.4951
6.1448
5.0687
4.3891
56.6337
74.4733
24.8905
14.4699
11.8364
7.8721
6.1448
4.7289
4.6440
5.5218
81.8357
24.1260
12.4877
23.6446
28.6000
63.4297
36.2456
80.7030
23.3048
13.8469
10.0808
0.6796
0.4531
0.3398
0.2180
0.1727
0.1614
0.1501
0.1529
15.2345
4.8139
0.7362
0.2464
0.2180
0.1303
0.1133
0.1019
0.1303
0.1019
0.1019
1.0477
6.3147
2.5768
1.4158
7.3907
1.1610
2.3220
6.5695
4.2192
33.6970
38.2277
7.1358
8.4101
4.3042
2.6335
2.0671
1.5857
1.3309
1.1327
2.2370
8.5517
18.5192
9.2879
3.6812
2.4919
3.4547
1.4158
0.9061
0.9061
1.5291
3.2848
2.1804
1.0477
3.0299
1.4158
0.8495
0.6796
0.4531
0.7362
1.6990
1.0194
0.9061
0.7646
0.3964
0.3115
0.3115
1.0477
0.5947
0.6513
0.8778
0.7929
21.0677
5.5218
2.4069
3.1432
2.9450
35.6792
153.1941
78.7208
28.6000
20.1616
10.5056
6.5695
3.9360
3.0582
2.8600
2.6335
2.4069
2.1804
2.0954
2.0954
43.8911
48.1386
11.3834
4.8139
5.2669
4.1626
4.3891
4.1626
3.7378
3.5113
3.9360
5.2669
7.0226
7.0226
5.2669
3.9360
2.8600
2.8600
1.7556
1.7556
100.8080
17.5281
8.7499
6.1448
5.2669
4.3891
3.9360
2.6335
2.4069
1.7556
1.4158
1.3026
1.2176
1.1327
0.9628
0.8778
0.7929
0.8212
0.7362
0.8778
0.7929
0.7362
0.7079
0.7079
0.5663
0.3964
0.3681
0.3398
0.3964
0.4248
0.4531
3.1998
2.0671
0.4248
0.3681
3.1432
1.5291
0.4248
0.3398
0.3681
0.3115
0.3115
1.9822
4.5590
0.5097
0.3681
15.3194
2.8600
1.5857
2.8600
5.8616
3.3697
2.3786
10.0808
28.1186
18.2360
4.0210
2.8034
1.1327
1.7273
0.7929
0.6513
4.0210
1.3309
0.8778
0.4248
0.3115
0.3964
28.3168
33.6970
7.5889
3.3414
1.8406
0.1104
0.0850
0.0793
0.0793
0.0793
0.0850
0.0793
0.0708
0.0708
0.0708
0.0793
0.1019
0.1019
0.1841
16.5654
6.1731
1.5574
10.9586
2.3220
0.9061
0.5947
0.4531
0.1218
3.3697
15.7725
4.4174
0.8212
0.4248
0.5663
5.0404
1.9822
3.6812
1.8972
0.4531
0.2152
0.1727
0.2010
0.1614
0.1614
0.1019
0.0934
5.3802
1.9255
0.8212
0.7362
2.1804
5.4652
0.7929
7.0509
1.7556
4.0776
1.1044
0.7079
0.5097
0.2180
0.0934
0.0850
0.5947
1.3875
0.5947
6.9659
3.0582
6.9659
0.9911
1.5574
2.0105
1.3026
0.9061
0.2832
0.1104
0.0934
0.0850
0.0850
0.0850
0.0850
0.0850
0.0793
0.0793
0.0793
3.3697
4.7289
1.3875
0.4814
0.1614
0.1019
0.0934
0.0793
0.0708
0.0708
0.0708
0.0651
0.0538
0.0538
0.0623
0.9911
1.1610
0.3115
0.1472
4.2192
0.7929
0.3964
1.5008
2.0671
0.8495
0.2832
0.1727
0.1841
0.2152
0.2152
0.2010
0.1841
0.1841
0.1841
0.1841
0.1104
0.0850
0.1218
0.1019
0.0708
0.0793
0.0793
0.3398
0.1557
0.0850
0.0708
0.0651
0.0651
0.0651
0.0595
0.0595
0.0595
0.0651
0.0708
0.0651
0.0595
11.7515
17.0751
2.7184
2.0671
1.5291
0.9061
4.3325
2.8600
1.5008
0.7646
0.2464
0.0878
0.2407
0.0708
0.0538
1.1893
1.5008
0.2180
11.1285
49.8377
11.2701
24.0410
6.3147
2.8600
1.9822
1.3875
1.0760
0.5947
0.4248
0.7646
0.4814
0.2803
0.1727
0.9061
0.8212
0.3398
0.3681
0.2803
0.1501
0.2803
0.3964
0.0934
2.0105
3.7661
1.4442
0.5380
0.1472
0.1104
0.1303
0.1019
0.0934
0.0793
0.0708
0.0708
0.0651
0.0595
0.0708
0.0793
0.0708
0.0793
0.0934
0.1218
1.1044
0.1614
0.0595
0.0595
0.0538
0.0538
0.0481
0.0538
0.0538
0.0481
0.0538
0.0538
0.0538
0.0481
0.0481
0.0651
0.1019
0.1331
0.0793
0.0595
0.0595
0.0651
0.1274
0.3398
0.1218
3.9360
3.0582
0.1501
0.0396
0.0266
0.1133
21.3226
14.7531
1.0194
1.1044
0.8495
0.2549
0.1841
0.0793
0.1529
0.6230
0.2832
0.1926
0.1671
0.1671
0.0934
0.0538
0.0453
0.0595
0.7929
0.7362
0.1331
0.7362
0.2718
0.1982
0.3681
0.1048
0.1331
28.2036
2.4636
0.6513
0.3398
0.1841
9.6277
2.0105
0.9911
1.6990
0.8495
0.6230
0.4814
0.3681
4.5873
7.1075
1.5008
0.6513
0.4814
0.3681
1.4158
4.9554
1.7273
0.6230
5.9465
1.4158
0.4814
0.2549
0.2095
0.2407
0.1501
0.1048
0.1133
0.1048
0.0595
0.0538
0.0595
6.7111
4.8988
0.4531
16.2822
6.3430
2.5485
1.1893
1.3592
1.1044
0.3115
0.1444
0.1501
6.9659
1.6990
1.1044
0.6513
0.3398
0.2237
4.6440
2.6335
1.0194
0.5097
0.3115
0.2549
0.2407
0.2095
0.2095
2.5485
2.5485
1.2459
1.1044
0.4531
0.3115
0.2237
0.1218
30.0159
35.1129
4.3891
2.5485
3.5396
2.8600
41.6258
73.9070
18.1794
7.5040
7.7022
31.7149
15.6875
11.4683
11.4683
11.4683
6.3430
5.3519
2.5485
1.6990
1.5008
1.0194
0.6513
0.4531
0.3398
0.2832
0.3398
0.4531
0.3115
0.6796
0.2832
0.1926
0.1671
0.1331
0.1586
0.1331
0.1444
0.1048
0.0453
0.0481
0.0538
0.0595
0.0651
0.0481
0.0651
0.1104
1.5008
0.8778
4.8705
2.8034
0.7079
0.1331
0.0311
0.0232
0.0232
0.0232
0.0934
0.0266
0.0201
0.0170
0.0765
0.1501
0.0453
0.0232
0.0201
0.0170
0.0481
0.0595
4.5024
1.7556
0.1784
0.0538
0.0396
0.0266
0.0232
0.0232
0.0266
0.0266
0.0266
0.0311
0.0311
0.0311
0.0340
0.0340
0.0453
0.0595
0.0453
0.0453
0.0453
0.0481
0.0595
0.1926
0.0651
0.0453
0.0396
2.0671
158.0080
19.0856
15.8008
5.3519
16.5937
5.8333
19.7085
39.3604
65.6951
17.5281
32.8475
10.0808
7.4473
5.8333
12.1762
3.9360
4.3891
4.9554
23.0782
7.1075
3.1998
2.2370
1.6990
1.2459
8.6366
8.8065
2.5485
1.6990
1.5008
1.1327
1.1044
19.5953
5.3519
20.8978
5.8333
6.7960
3.3697
5.8333
1.9822
0.8495
0.5380
0.3398
0.2718
0.2237
2.7467
67.3941
6.6261
2.8600
1.6990
1.2459
0.6230
0.9061
0.7929
1.3592
81.8357
9.3446
4.3891
2.8600
2.2370
1.6990
4.9838
1.6990
1.2459
1.1044
0.8778
0.7079
0.7079
3.5113
4.9554
1.8406
39.9268
41.0594
8.9481
3.4547
1.9822
1.2459
9.7693
6.1731
2.2370
2.5485
1.6990
1.8406
6.1448
5.5218
3.1998
1.9822
3.8511
28.8832
5.8333
16.7353
10.7887
4.8705
2.8600
1.9822
1.6990
1.7556
7.5040
11.9214
3.9360
2.5485
11.2135
7.8721
2.8600
4.8705
13.5355
5.4652
2.5485
15.8008
5.9465
2.5485
2.2370
1.6990
1.2459
0.7929
2.8600
6.1731
7.2774
4.4741
2.2370
1.5008
0.9061
0.8495
0.6513
0.9345
0.1557
0.8495
1.9822
3.0582
1.3026
0.4814
0.3115
0.2407
0.3115
0.1331
0.0963
0.0821
0.0736
0.0736
0.0651
0.2662
5.2669
0.6230
0.1331
0.0878
0.0736
0.0736
0.0736
0.0821
0.0538
0.0595
0.0821
0.0963
0.1699
5.9465
1.0477
0.3398
0.2407
0.1926
0.1671
0.1841
0.2237
0.1218
38.7941
46.4396
13.0541
56.6337
162.5387
29.1664
10.3073
8.0703
6.0881
21.4075
15.2345
7.7588
7.1358
6.6545
9.4295
4.2475
3.5113
2.6618
2.2370
1.9255
1.7840
1.5857
1.4158
1.3026
2.1804
3.3414
2.0105
1.1893
0.7646
0.5097
0.3681
0.4248
0.5097
0.4814
0.3681
0.2662
0.3681
0.3964
0.3964
0.3398
0.3398
53.8020
53.5188
68.2436
33.1307
10.5622
7.0226
5.4368
4.3891
3.5962
3.2848
3.4263
7.1925
5.8333
3.5962
3.1149
2.9450
2.2370
2.0105
1.7556
1.5008
1.3309
1.2176
1.1610
9.9109
108.7367
50.6872
18.1228
28.6000
27.3824
10.1657
6.1448
4.4741
3.5962
3.1149
2.7184
3.1432
3.4547
8.6366
17.9246
17.2166
6.4279
5.1253
16.7353
8.8915
6.0315
4.7855
4.3891
3.8228
3.7378
11.2984
5.8333
4.6440
3.5396
4.0776
4.6440
18.3493
36.5287
22.2570
12.5160
121.7624
129.1248
62.5802
26.6462
14.2434
10.5056
7.0226
7.2774
29.4495
70.5089
131.1070
30.5822
20.5014
10.5056
13.1957
8.9764
6.9093
5.4368
3.8228
3.3414
3.4547
4.8705
5.8333
4.9554
3.7378
3.0299
2.0954
1.7556
1.5574
1.4725
4.4174
3.3697
1.7840
1.2176
1.5291
2.1521
1.3875
3.2848
2.0105
2.8883
2.4919
1.6707
1.1610
1.5574
2.6335
0.0850
0.0793
0.0850
1.7556
2.7184
1.2459
0.1501
0.1076
0.3681
0.4248
0.1444
0.1671
0.1246
4.4741
4.2475
3.1149
8.6366
3.2281
0.7646
0.4248
2.4069
7.7871
39.0772
25.4568
3.6812
2.1521
2.0954
1.4158
1.1044
2.0954
5.4652
1.4158
0.6230
0.6513
5.3519
6.0315
1.2459
0.5947
0.2832
0.1897
0.1671
0.1671
0.1557
0.1557
0.1897
2.6335
7.7871
4.1626
3.9360
2.8600
2.3220
3.1432
2.7184
1.8972
1.5574
1.3875
1.3875
1.6707
1.9255
1.9822
43.3248
45.0238
27.0709
15.9141
6.5412
3.9927
26.5895
17.2166
6.9659
6.1448
14.4699
8.8349
5.3802
4.0776
3.2848
3.4263
3.7661
3.5396
2.9733
2.3786
1.9822
1.6990
1.5857
1.4725
1.3875
1.3026
1.2459
1.1327
1.2459
1.2743
1.2459
1.1044
0.9628
0.6230
0.2832
0.2237
0.4248
0.4248
3.7378
5.9182
10.8737
1.6990
2.5485
2.4636
1.1044
1.1893
21.0677
4.3325
26.3630
89.7644
21.9456
13.4788
60.3149
37.3782
16.2822
27.1559
19.2838
8.6650
6.3430
5.2669
13.2806
60.3149
9.6277
6.6545
6.7394
29.1664
52.9525
38.5109
19.4820
14.4699
15.4327
7.6739
6.2297
11.7515
6.9659
8.4667
10.9586
5.1820
4.2475
3.8511
8.4951
3.7661
3.4263
3.4263
2.9733
3.7661
3.4263
3.1432
2.3786
1.7556
1.3592
1.2176
1.5574
1.4725
0.7079
0.5663
0.6796
0.4531
0.5097
1.0477
0.9911
0.5380
0.3964
0.6796
0.5947
1.8406
1.3875
1.8406
2.0671
0.8778
0.4248
0.2832
0.2718
0.6230
0.5947
0.2832
0.1897
0.1699
0.1501
0.1416
0.1331
0.1331
0.0170
0.0150
0.0170
0.0215
0.0266
0.0623
0.3398
0.3115
0.1246
0.0934
0.0736
0.0736
0.0878
0.0878
0.0878
0.0991
0.1076
0.5380
0.2095
0.0991
0.0368
0.0368
0.0396
0.0396
0.0566
0.0510
0.0566
0.0510
0.0453
0.0396
0.0396
0.0595
0.2832
0.1133
0.0368
0.0266
0.0311
0.0368
0.0396
0.0991
0.0510
0.0396
0.1897
0.1104
0.1048
0.0510
0.0566
0.0623
0.0453
0.0340
12.9691
12.6576
1.5574
0.6513
0.3964
0.1841
0.7079
1.7840
1.5291
6.8810
62.2971
254.5685
150.3625
31.1485
13.4788
6.3430
6.1448
12.1479
5.1253
7.4473
7.0226
9.9109
7.9854
7.5323
5.3802
9.5428
4.2192
3.1149
6.3430
3.8511
4.3042
2.3220
2.2653
1.3026
1.8972
1.6141
4.5590
2.8034
3.0582
5.7766
2.9450
2.9450
4.9838
1.6990
0.9061
0.6513
0.6230
0.5097
0.3681
0.2832
0.2464
0.2265
0.2265
0.2265
0.2095
0.1841
0.1756
0.1671
0.1756
0.1926
0.1841
0.1671
0.1841
0.6513
2.0105
0.7079
0.2832
0.2180
0.1926
3.5113
3.7378
21.9172
5.6917
1.7556
1.3026
0.8778
0.7362
0.7929
0.5947
0.4531
0.3964
0.3681
0.3681
0.3115
0.2803
0.2803
0.3115
1.3309
0.6796
2.1804
1.0194
0.4248
4.2192
2.9733
1.8406
3.5396
3.1432
1.9822
0.9911
0.7079
21.0677
10.5622
13.7054
5.3802
3.3414
2.5485
2.1804
1.4158
1.1044
2.1804
3.1149
3.5113
1.9822
3.3414
1.6990
1.0760
0.9628
0.8212
0.6796
0.6230
0.5380
0.4531
0.4531
0.4814
0.4248
0.3964
1.0194
0.7929
2.8883
0.8495
1.1044
0.7646
0.1218
0.1076
0.1076
0.1019
0.1218
0.1133
0.1133
0.1076
0.1076
0.1218
0.1274
0.3115
0.1756
0.1133
3.6812
3.5113
4.7006
3.4547
1.4725
0.7646
3.5396
1.5857
56.0674
21.6341
4.3042
2.1804
1.1044
5.1253
2.7467
1.2176
0.7929
0.5947
0.3964
0.2718
0.3398
0.2095
0.1274
0.0934
0.1331
0.2832
5.6917
6.5695
1.3875
0.5097
0.8212
0.8495
0.4814
0.2067
0.1218
0.6796
2.8600
3.8511
1.1327
7.7871
1.6707
0.3964
0.1671
0.1274
0.0934
0.0765
0.0736
0.0934
0.2067
0.0906
0.0736
0.8495
5.6917
1.0194
0.2010
0.0934
0.2067
2.4636
0.3681
0.1388
0.0765
0.0510
0.0453
0.0453
0.1897
0.9345
0.2180
0.0821
0.0510
0.0453
0.0510
0.0481
0.0425
0.0425
1.1610
49.8377
6.7960
13.7054
4.2192
2.3786
2.9450
3.1432
1.8406
1.3309
0.9628
0.8778
0.6796
0.5663
0.4531
0.5947
44.1743
10.4206
4.3042
2.7184
37.3782
30.5822
13.2806
5.7766
4.0776
3.1149
2.7184
1.8406
1.5008
1.1893
0.9628
0.7929
0.6796
0.5947
1.0194
1.1327
0.9061
0.5947
0.9345
1.5857
0.6796
0.5947
0.4248
0.2464
0.2010
6.2580
1.4158
12.9691
3.7378
3.2281
2.1521
1.4725
8.0137
4.2475
1.6990
11.4683
9.8259
3.4547
1.8972
1.2743
1.0477
1.1044
0.9345
0.6796
0.2832
0.1841
0.1586
0.1926
0.1076
0.1274
0.1756
0.1218
0.0736
0.0736
0.0623
0.4248
0.4531
0.1897
0.0934
0.0595
0.0538
0.0481
0.0623
0.0595
0.0595
0.0538
0.0595
0.0538
0.0595
0.0736
0.0850
0.0623
0.0595
0.0595
0.1274
0.1359
0.1218
0.1416
0.1218
0.1189
0.1189
0.1274
0.1189
0.1274
0.1388
0.1274
0.1331
0.1331
0.1246
0.1189
0.1218
0.1189
0.1048
0.0963
0.0934
0.0878
0.0821
0.1019
0.1019
0.0793
0.0906
0.1954
0.2152
0.1019
0.2747
18.5759
55.2179
3.7661
0.8495
0.2832
0.7362
0.4248
22.8800
12.2612
2.4069
1.0194
0.5380
0.3398
0.2775
0.2350
0.1472
0.0934
0.0708
0.0651
0.0425
0.0481
0.0425
0.0311
0.0340
0.0396
0.0651
0.3398
0.1161
0.0510
0.0238
0.0167
0.0218
0.0198
0.0255
0.0311
0.0425
0.1756
0.1642
0.1642
0.9061
0.2152
0.1303
0.2520
2.1804
5.9465
25.7117
30.8654
2.8034
3.2281
5.4652
8.0703
11.4400
2.0954
0.9911
1.1610
9.9392
3.6529
1.3309
0.7362
0.5380
0.5947
0.5947
0.3681
0.2775
0.1246
0.1529
0.3398
0.7362
0.9061
1.4442
10.6471
2.2087
3.0016
4.5873
4.1059
3.2848
2.4352
0.7646
0.3964
0.1982
0.1331
0.0934
0.0595
0.0623
0.0538
0.0368
0.0311
0.0368
0.0906
0.1841
0.1416
0.1274
0.0878
0.0736
0.0708
0.0793
0.0651
0.0623
0.0538
0.0425
0.0396
0.0425
0.0368
0.0651
0.5947
0.5663
0.2832
28.0903
5.5218
5.1820
47.2891
6.4279
2.4919
1.3026
1.7840
0.9345
0.4248
0.3398
0.2690
0.2435
47.0060
18.2360
16.6786
30.8654
12.3461
5.2953
4.3891
54.3683
10.9020
5.6917
4.2758
3.2848
2.8034
1.7840
1.5008
1.3592
1.1044
0.8778
0.8495
1.5291
1.5291
0.6230
0.3964
0.9061
0.7079
0.8495
1.8406
6.2580
1.9822
0.9911
0.3681
0.1784
2.0105
29.4495
3.9644
0.9628
0.4814
0.2832
0.2124
0.8495
0.7362
1.8972
0.7646
0.9061
0.5947
0.6230
0.3398
0.2067
0.0991
0.1246
0.2294
1.8123
1.0194
0.5097
0.2605
0.1246
0.0793
0.0566
0.6513
0.2010
0.0538
0.0368
0.0311
0.0396
0.0793
0.1048
0.0793
0.0311
0.0275
0.0255
0.0275
0.0255
0.0255
24.7206
25.6267
4.9838
0.9628
0.2832
0.1076
0.0963
0.1189
0.4814
0.1501
3.2848
0.8212
2.0105
1.2743
0.5097
0.2265
0.1472
0.1614
3.4547
0.5947
0.1586
0.1388
0.5380
63.1466
8.5517
3.0299
2.0105
1.5857
0.4531
0.3398
0.3115
0.3398
1.1610
0.3398
0.7362
0.4248
0.2690
1.5291
2.5485
0.6230
0.3964
0.2549
0.2775
0.2605
0.1954
0.1954
0.1416
0.1019
0.0963
0.1671
0.3964
0.9345
1.8123
0.6796
0.2605
0.1048
0.0736
0.0651
0.0566
0.0538
0.4248
0.4814
0.0906
0.0793
0.0566
0.0425
0.0425
2.0671
2.7467
0.3681
0.1954
0.0651
0.1048
0.0934
0.1416
45.5901
4.2758
1.3875
0.7929
0.5380
2.0105
3.7661
1.4442
0.7929
0.5380
0.3964
0.3115
0.1756
0.1189
0.1104
0.7079
4.7006
2.8883
0.8778
12.2329
9.6277
4.3608
0.9628
0.4531
1.3875
0.5097
0.2067
0.7079
2.0671
5.3519
3.4830
2.3786
1.0760
0.3681
0.1926
0.0934
0.0623
0.5380
1.4725
0.8212
0.1756
1.3592
2.2087
0.4531
0.1472
0.1529
0.1274
0.0510
0.0396
0.0340
0.0311
0.0311
0.0275
0.0255
0.0275
39.6436
15.2345
2.0388
0.5380
0.4248
0.5947
1.2743
0.2662
1.3026
0.3398
0.2180
0.0538
0.0481
0.0425
0.0368
0.0680
0.0566
0.0368
0.0736
0.2350
3.7378
0.6230
0.2747
0.0510
0.0227
7.5323
26.0232
2.6901
0.5097
0.1161
0.0595
0.1869
3.2281
0.2832
0.1586
0.0765
1.4442
4.0210
1.4725
7.1925
52.6693
12.0347
5.2103
2.8034
1.7556
1.0760
16.5937
4.1343
1.8972
1.6990
0.9061
0.6230
0.4248
0.3115
0.2152
13.5921
26.7594
9.4578
4.4741
3.3414
5.2103
12.1479
8.5800
6.7960
20.4164
5.2669
2.6051
2.4069
5.3519
4.1626
1.8406
1.5008
2.1804
2.1238
0.9345
0.5097
34.5466
68.2436
52.9525
20.9261
7.8721
5.2669
4.1059
4.0210
6.5412
4.1626
4.7006
3.3697
2.6901
2.3786
2.2370
2.1238
2.1238
0.8778
0.8212
0.6796
0.5663
0.5380
0.4814
0.4248
0.3681
0.3115
0.3115
0.2379
0.1246
0.1189
0.1189
0.3115
150.3625
31.1485
7.7588
4.8705
4.8139
3.2564
2.4636
2.1521
1.9539
3.5396
22.1721
6.8810
4.8705
3.7378
4.7855
34.5466
19.5386
7.5889
6.5412
5.6917
4.9554
21.6341
133.0892
21.5208
12.7992
13.7620
8.2402
7.2208
4.9838
4.2475
3.6246
3.0582
2.7467
3.0865
2.8883
2.1521
2.0671
2.8600
2.5768
2.9166
3.1998
6.8244
5.7483
3.6812
4.1626
5.9465
3.7378
2.5485
12.7143
4.8988
3.0582
2.3786
2.5485
2.6901
2.3786
2.0954
2.8600
1.8972
1.3309
2.3220
2.1238
5.7766
2.4069
1.6424
1.2459
1.1610
25.6267
37.3782
51.2535
32.5644
13.6204
11.4683
14.1018
11.9497
8.4951
6.0315
7.0509
4.7855
3.9360
5.0404
4.3042
5.5501
6.6261
3.1149
2.4919
0.0283
0.0227
0.0275
0.2180
0.0963
0.0368
0.0340
0.0258
0.0850
0.0765
0.0765
0.0275
0.0258
0.0227
0.0215
0.0190
0.0176
0.5380
25.2303
4.3042
1.4158
0.4814
0.3115
0.2718
0.1812
0.1303
0.0736
0.0651
0.0623
0.0538
0.0481
0.0538
5.4652
1.6141
0.5947
0.9061
0.5663
0.3115
0.1303
0.0680
0.0425
0.0340
0.0311
0.0311
0.0340
0.0311
0.0425
0.0311
0.0340
0.1642
0.0425
0.0368
0.1359
0.2832
0.3398
0.4531
0.3115
1.4442
7.7871
2.4919
0.7079
0.4814
0.7646
0.4531
0.2180
0.1246
0.0821
0.0651
0.0566
0.0510
0.6513
0.7646
0.1359
0.3681
0.7646
0.4248
0.3398
2.4636
1.2176
0.8778
0.6796
0.5380
1.6707
0.6513
0.3398
0.3115
0.2039
0.1359
0.0850
0.0736
0.0651
0.0595
0.0595
0.0340
0.0167
0.0159
0.0963
0.0368
39.9268
7.3624
2.2937
2.6901
3.5679
1.7840
1.2459
0.9628
1.6990
125.7268
23.0499
6.6261
3.9644
3.0016
2.4069
3.0016
3.2564
41.3426
7.1358
4.2475
3.3697
3.5679
5.3519
10.1091
49.5545
14.6398
6.7111
5.6067
4.2475
4.0210
7.0509
6.1448
4.9838
5.6917
4.1059
3.0016
2.4069
2.1238
1.9822
1.7273
1.3592
1.2743
1.0477
0.8212
0.7079
0.6513
0.7646
1.1044
1.4158
0.9911
0.7646
0.6513
0.8495
2.7467
1.6707
1.2743
0.9061
0.5947
3.8511
4.3042
1.6141
1.7273
4.3891
8.4951
2.9166
1.7840
3.2281
41.6258
92.8793
79.2872
20.2465
8.6650
6.5412
5.6067
6.6261
5.6917
3.6812
3.8228
25.0887
23.0499
7.2208
4.9838
68.2436
24.5224
0.1557
0.8495
3.2848
1.1044
8.2685
1.4725
0.2832
0.1218
0.1048
0.0934
0.0934
0.0934
0.0963
0.0850
0.0934
0.0878
0.0878
0.0821
0.0680
0.0680
0.0680
0.0736
0.0651
0.0878
1.1610
1.3592
0.1841
0.0651
0.0566
0.1557
0.0963
0.0793
0.0793
0.0793
0.0793
0.0765
0.0736
0.0906
0.7079
0.1416
4.6440
0.9061
0.2350
0.0736
0.0566
0.0651
0.0736
0.0793
0.0821
0.5947
1.1610
1.1044
1.1044
1.1044
1.1610
1.2743
1.1044
1.2176
1.4442
1.4158
1.3592
1.3592
1.1327
1.0194
1.0194
1.0477
1.1893
1.1893
1.1893
6.0881
22.5119
3.3414
2.2653
1.7840
1.6424
1.6141
1.5291
1.6707
1.7556
1.4725
0.2322
0.1557
0.6796
3.2281
0.5097
0.2633
0.2180
0.1784
0.1982
0.2549
0.1982
0.5097
7.6739
7.7588
20.8412
65.4119
53.8020
33.6970
6.9093
3.0582
12.4311
19.2838
4.8139
3.2281
2.3503
1.4442
1.8123
5.4652
1.9822
1.3026
1.2459
1.3026
5.7483
2.5485
0.7362
0.3398
0.5097
0.4248
0.2124
0.1246
0.1076
0.0963
0.0934
0.1076
0.1048
0.0765
0.0595
0.0340
0.0246
0.0198
0.0368
0.0396
0.0227
0.9911
4.5024
7.2774
6.3147
2.9166
3.7661
1.2176
0.1982
0.1359
1.6707
0.9628
0.1048
0.1982
0.8495
16.2539
9.0614
3.0582
1.8972
3.1715
6.5412
4.0776
1.2176
0.4531
0.8495
0.9061
3.8228
91.4634
95.1446
21.4642
11.1285
6.7960
4.1626
3.1715
2.4919
1.3309
1.0760
0.9061
5.5218
9.2313
3.1149
4.5590
6.4279
7.1925
5.5218
4.9838
5.7766
5.3519
2.8600
2.1804
2.5768
10.4772
1.1327
0.5947
0.3964
0.3964
3.5396
1.5574
0.6513
0.1926
0.2747
0.2690
0.1161
0.0736
0.0566
0.0396
0.0241
0.0651
0.3964
1.7840
0.5380
0.0595
0.0227
0.2549
1.2743
1.5008
2.0671
3.9927
2.4069
0.7079
7.9854
18.3493
8.2685
15.9707
23.6163
11.1568
13.2806
9.7410
21.7190
27.5240
12.3461
4.6156
2.4069
1.5574
1.9255
1.5291
1.0760
2.9733
1.9822
1.3592
2.0671
1.0760
2.8317
39.9268
5.7200
2.9733
49.2713
37.9446
9.3446
6.4279
4.0493
3.2281
2.5485
2.0954
1.7556
1.5291
1.3592
1.1610
1.0194
0.9345
0.9061
26.0798
24.7489
15.7725
11.7515
18.8024
5.4368
49.2713
13.1390
34.2634
54.9347
13.3089
12.1762
7.6455
31.4317
9.1747
5.8899
4.5307
3.6812
3.1998
2.6901
2.2937
2.3503
1.8123
1.5574
28.6000
1.7556
7.0226
43.3248
6.7394
4.0210
6.4846
60.0317
8.0420
7.4190
26.3064
7.4190
5.3236
4.6723
4.5307
4.3325
3.6246
3.0865
6.0598
3.6812
2.6618
2.3503
2.1521
1.9539
1.8406
2.1521
8.1269
3.1998
2.9450
3.0299
2.5485
5.2953
8.3535
18.1794
6.8244
10.4206
3.4547
3.4547
2.0105
1.9539
1.5857
1.2743
1.1327
1.0477
1.2743
1.0194
0.4814
0.3964
0.5380
0.6230
0.5097
0.5380
1.1327
2.5768
0.7362
0.6230
0.3681
0.2095
2.3786
1.7556
0.7079
0.2265
0.2407
0.2209
0.1642
0.1303
1.9255
1.7840
1.1327
1.2743
1.2743
1.1044
0.9345
0.9061
1.0477
0.8212
0.8212
0.5097
0.1388
0.1161
0.3115
0.2407
0.1246
0.1557
0.1303
0.1133
0.1189
0.8778
0.2095
0.4248
0.2095
0.0821
0.0736
0.0736
0.0736
0.0538
1.2743
1.5008
0.3681
7.6739
2.1804
26.9010
9.4295
3.0582
2.2370
1.9822
10.5622
5.4652
3.6812
2.3786
1.5857
1.1893
0.6513
0.7079
1.1893
7.3624
3.7661
10.6471
4.4741
15.8008
6.3147
2.2370
1.1893
0.8212
1.1893
0.8778
4.9838
2.5768
1.5291
1.3592
3.5962
8.2402
16.1972
11.2984
4.5873
2.6335
1.9255
5.5501
56.6337
9.5145
5.2669
3.9077
3.3697
3.4263
4.3042
4.7855
5.1820
2.8883
2.0954
28.8832
9.1180
4.1626
3.5396
6.2297
47.8555
12.0063
6.2297
8.8349
10.3923
6.8810
2.8883
2.8034
3.5113
3.9077
2.5485
7.0226
4.3891
2.7184
2.8034
5.6634
3.1998
2.1804
1.6707
1.3592
1.1893
1.1327
0.9628
0.8778
0.8778
0.8212
0.8212
0.7929
0.7362
0.8212
1.0194
3.2848
0.7929
0.5663
0.4248
0.2492
0.1926
0.1671
0.1303
0.1303
0.1926
0.3398
0.2492
0.1756
0.9628
3.9360
1.4158
1.1893
0.5663
0.1926
0.2180
0.2095
0.1501
0.1218
0.1501
0.1303
0.1189
0.1189
0.1133
0.1303
0.2832
0.4248
21.2376
22.2854
1.8972
3.1998
2.0105
1.5008
1.0477
1.3592
20.1050
21.7190
5.3519
5.6067
4.9554
2.3786
6.5412
2.8600
1.4442
1.8972
1.4158
1.7840
2.8883
20.4448
5.4368
2.5768
1.5291
0.9061
0.7362
0.7079
0.5663
1.0194
1.2176
0.5663
0.2718
0.1671
0.2832
0.3115
0.1501
0.0566
0.0425
0.0538
0.0793
0.0736
0.0708
0.0708
0.0708
0.0651
0.0651
0.0623
0.0623
0.0651
0.0651
0.0651
0.0623
0.0538
0.0538
0.0538
0.0538
0.0538
0.0538
0.2180
0.1189
0.0736
0.0566
0.0821
6.0881
1.3026
0.7362
0.5663
2.6335
10.9020
6.5129
1.8406
0.5097
0.1331
0.0651
0.0481
0.0425
0.0396
0.0453
0.0453
0.0453
0.0623
0.0680
0.0708
0.0708
1.1893
0.7079
0.6230
69.0931
26.0232
17.7547
9.5711
4.7289
2.6618
1.3026
0.8212
0.6513
0.5663
0.4814
0.4531
0.5380
0.9061
0.6230
0.5663
1.0477
0.8778
0.7929
38.5109
7.0792
4.6723
4.4741
3.8511
2.2653
1.2743
1.0194
0.8212
0.7079
0.6230
10.0525
3.5396
1.7556
1.1893
0.7362
0.6230
0.5380
0.4814
0.4531
0.3964
0.3964
0.3964
0.3964
0.3964
6.5129
2.6335
1.1044
2.6335
2.8034
1.5291
1.1893
1.3592
35.1129
6.0881
15.2911
61.4476
7.5040
4.3891
2.9733
2.5485
17.5564
9.6277
6.0881
6.5129
3.1149
7.5040
3.1149
1.5291
1.3026
26.3347
131.3902
30.5822
7.5040
5.2386
3.9644
2.2653
1.8123
1.5574
1.2459
1.0760
0.9911
23.6729
8.9481
4.2475
2.7184
2.0671
1.7556
2.7751
2.9450
2.1521
1.1893
0.8212
0.7362
0.6513
0.5947
0.5663
0.5097
0.3398
4.3325
11.6382
24.7772
6.3147
11.4117
9.9958
13.0541
5.6634
4.8705
4.6440
3.2848
1.8123
1.1044
0.7079
0.5663
0.5097
0.5097
7.5040
2.7751
0.9911
0.7079
0.5097
0.3964
0.3398
0.5097
1.6141
0.6513
0.5097
0.3398
0.2577
0.7079
4.5024
1.0760
0.3398
0.2265
3.9077
3.6529
1.3309
5.2669
14.8380
38.5109
60.0317
28.6000
15.8574
13.8186
8.8065
14.2151
6.2580
5.5784
3.6246
0.0510
2.4919
1.4158
0.1586
0.0934
0.1048
0.0595
0.0566
0.0651
0.0708
0.0680
0.0481
0.0425
0.0340
0.0340
0.1614
0.5947
0.0651
2.6051
2.7751
2.2937
0.5380
0.1812
0.3115
0.0340
0.0119
0.0085
0.0085
0.0071
0.2832
0.8495
0.0538
0.1671
6.7111
0.7362
0.1388
0.3964
0.6513
0.0566
0.5097
0.1218
0.6230
3.7378
0.4531
0.1019
0.0708
0.0481
0.0736
0.1133
0.1019
2.4069
0.3681
0.0481
6.8244
16.3105
34.2634
179.8120
83.2515
37.6614
16.3671
26.5612
12.9125
28.8832
11.3834
6.1731
4.5590
2.8317
2.1804
80.9862
92.3129
173.2991
82.1189
30.5822
24.4941
19.8218
12.4594
23.0782
80.7030
33.9802
19.5953
11.7798
9.4295
8.4667
118.6476
104.7723
42.4753
20.0483
12.9691
11.6665
17.4998
9.2879
18.3776
11.0436
8.1269
7.9004
6.2580
8.0703
9.2879
5.4368
4.6440
4.2475
3.9077
3.8228
3.6812
5.2103
3.3414
3.0582
37.3782
17.1600
7.9004
5.5784
4.0210
4.7289
17.3582
7.9004
5.0970
4.0210
3.4547
23.9844
16.5370
6.8810
4.8705
4.1059
3.8228
3.2281
2.8317
3.0016
2.6618
2.4352
2.1804
1.8689
1.8123
1.7273
1.6707
2.0671
2.5485
2.1521
31.9980
10.1941
7.9004
8.8065
5.4935
36.5287
102.7902
15.6875
8.5800
5.4368
5.7766
5.4368
3.7378
3.0582
3.2848
2.8883
2.6051
2.0671
1.5008
1.3026
1.3309
1.1327
0.9628
0.9061
1.8972
1.2743
3.1998
7.6455
7.6455
3.8794
81.2693
46.4396
7.7871
5.3519
4.2475
2.8883
2.2653
3.7661
14.5265
15.8858
7.1358
2.6618
2.2087
1.7556
16.0273
4.8705
4.1909
1.5291
1.2176
0.7646
0.6796
0.6230
0.6230
0.6513
0.9628
0.8212
17.3016
10.2224
2.0388
0.8778
0.6230
0.5663
0.5663
0.5663
0.5663
0.5663
0.6230
0.9061
0.7362
0.6230
0.5947
0.6796
1.0477
1.1327
0.9628
0.7362
0.6796
0.6796
0.6796
0.6513
0.6513
0.6796
0.7362
1.3026
6.0032
2.0105
0.9061
0.7362
7.9570
4.0776
1.6990
3.4263
2.4919
1.4442
0.9061
11.6949
11.0436
2.9733
1.6990
1.3026
1.5574
1.4725
0.9628
0.5097
0.4531
0.3964
0.3964
0.4248
0.3964
0.3964
0.3964
0.3964
0.3681
0.3681
0.6513
1.2176
1.8689
1.0194
0.7646
0.9628
0.5380
0.5380
0.4531
0.4248
0.3964
0.9345
0.9911
0.3681
0.3115
0.3115
11.2135
10.6755
2.6618
13.6487
28.0337
12.0913
3.5962
2.0388
4.5307
2.9733
32.2812
6.9093
2.8883
2.8883
2.5768
4.7006
3.7378
1.5008
62.8634
13.6204
61.7307
65.9783
9.3446
4.9838
10.1657
11.2701
4.9838
3.8228
3.1149
2.9733
2.4636
2.4919
5.8899
4.8705
2.7751
2.8317
3.1715
2.8883
2.7467
2.6051
2.5768
2.4636
2.1804
1.1044
0.9061
0.8495
0.8495
0.9061
2.9733
1.0194
0.8212
0.8778
5.0121
1.9539
1.1610
0.9345
1.1893
1.1610
0.9345
0.8778
0.8495
0.8212
0.7929
0.7929
0.7929
0.7929
0.7929
0.8212
0.8212
0.7929
0.7646
0.7362
0.7362
0.7362
0.7646
0.7929
0.7929
0.8495
0.8212
0.8212
0.7929
0.7929
0.8212
0.7929
0.8212
0.8495
0.9628
0.8495
0.8495
0.8212
0.7929
0.7646
0.7646
0.7646
0.7646
0.7646
0.7646
0.7646
0.5663
4.6440
10.2224
1.2743
0.3964
0.2605
0.2350
0.2294
0.2294
0.2294
0.2407
0.2407
0.2407
0.2492
0.2605
0.2690
0.2690
0.2832
0.2832
0.2832
0.3964
0.5380
0.6230
0.4531
0.3115
0.5097
0.3964
1.1044
2.4352
0.5947
0.7079
1.0477
0.5663
0.3115
0.2775
0.2775
0.4248
0.9911
0.4814
0.2832
0.2775
0.2832
1.2176
4.7289
2.0954
0.6796
3.7378
2.1521
2.4352
0.9345
27.1559
7.5040
6.0315
6.5695
2.0954
1.3592
3.2281
2.0388
1.2459
1.3592
2.7751
3.6529
15.2628
6.0032
10.9586
4.8705
2.2087
1.4158
1.1044
2.2087
3.8794
1.6990
1.0194
0.6796
0.5947
0.5947
0.5663
0.5663
0.5663
9.2596
10.6188
3.6812
4.5590
14.3000
6.7960
10.9020
15.8008
15.9424
4.8139
5.1820
5.7200
3.0299
2.4352
1.7840
1.3592
1.0194
58.3327
17.6131
8.0137
7.7588
21.0677
6.5129
15.8008
16.3388
10.9303
8.2685
23.1915
34.8297
8.8915
6.0032
4.5590
5.4368
15.0646
5.2669
3.3697
2.7751
2.5768
5.6917
78.7208
67.9604
14.3850
7.1075
33.9802
31.9980
7.6739
7.2774
5.6351
4.2192
3.3414
2.8034
2.4069
1.7840
1.6424
1.4442
1.2459
1.1610
1.1044
0.7929
0.7362
0.6796
0.6230
0.6230
2.6335
1.2459
0.7646
9.3162
12.2895
3.5679
1.5291
1.1327
0.9628
0.6230
0.7929
2.0388
1.6990
2.7467
1.0477
2.5202
2.4636
1.1893
2.0954
0.8495
1.3592
0.5663
0.4248
0.4531
0.3964
0.3681
2.1521
7.8154
35.1129
9.2879
10.0242
15.1212
14.1867
45.0238
14.8380
5.4652
3.7095
3.0299
6.6828
6.8244
0.1303
0.2180
0.1671
0.1303
0.1246
0.1472
0.1388
0.1388
0.1472
0.1529
0.1472
0.1388
0.1671
0.1614
0.1614
0.1614
0.1614
1.5291
2.1238
0.2067
0.1161
0.1019
0.0963
0.1671
0.2294
0.6513
0.9628
0.1614
0.2294
3.3414
2.2937
0.5380
0.1388
0.1161
0.1019
0.0934
0.1671
0.0793
0.4248
1.6141
3.8228
4.4174
0.6513
0.7929
0.1982
0.2832
0.2407
0.0878
0.0708
0.3964
0.1982
0.8212
0.4531
0.1019
0.0708
4.8422
1.7840
0.3115
0.0793
0.0651
0.0736
0.0878
0.0850
0.2832
0.0934
0.0708
0.0736
0.0793
0.1104
1.3309
1.5574
2.0388
1.5291
0.3681
20.5297
17.1034
9.1463
7.7022
31.9980
52.6693
11.8931
5.1253
1.8972
1.7273
2.1521
1.6990
1.3309
0.3964
2.6618
2.6618
2.2937
1.7273
0.9628
2.2087
0.9628
0.4531
0.4531
0.5097
0.4248
4.7572
1.3309
0.2718
0.1756
0.1756
0.2180
0.1982
0.1982
0.2294
0.2407
0.5947
0.1614
0.1388
0.1303
0.1472
43.6079
12.9125
3.7378
2.8034
10.9020
3.0016
1.9539
2.1521
2.8883
2.8034
2.3220
2.0388
40.7763
38.5109
9.7976
5.0121
3.3980
5.6917
25.9099
7.1358
5.5218
5.6351
5.0687
1.7556
1.3309
1.1610
9.6560
4.0210
3.5962
2.8600
23.3614
32.5644
13.1673
14.8663
8.9764
5.2386
3.7095
14.6681
14.8947
82.6852
44.1743
15.8008
17.1600
11.6665
23.9844
11.8931
8.6366
7.1925
6.3147
5.5784
5.1537
5.0687
4.9554
4.5024
4.2192
4.0493
3.9360
1.0477
1.4725
0.6796
1.8689
0.9911
0.6230
0.5663
0.5380
0.4531
0.3964
0.4531
0.3964
0.6796
0.7079
0.6513
13.9602
3.1998
1.1044
0.7929
0.6230
0.6230
0.6230
0.7079
0.9345
0.9911
0.7079
0.6513
0.6230
0.6230
0.6230
0.6513
0.6513
0.6230
0.5947
0.6230
0.5947
0.5947
0.5663
0.5947
0.1218
0.0991
0.1104
0.1104
0.1104
0.1104
0.4531
1.5574
0.1444
0.0850
0.0765
0.0850
0.0821
0.0850
0.0934
0.0991
0.0934
0.0906
0.0906
2.4352
0.5380
0.1501
0.1048
0.1104
0.0708
0.0878
0.5663
0.1897
0.1218
0.1104
0.0878
0.0765
0.0736
0.0736
0.0651
0.0736
1.8972
0.8778
1.2459
5.4085
2.1804
0.2718
1.4725
0.3681
0.0906
0.0623
0.0623
0.0680
0.0850
0.0765
0.0680
0.0765
0.0651
0.0793
30.0159
9.2030
43.3248
47.0060
4.8422
1.6990
0.9061
0.2350
0.1019
0.0793
0.0680
0.0765
0.0736
0.0850
0.3115
0.3681
0.0878
0.1331
0.0878
0.1954
22.0305
2.1238
0.6513
0.2633
0.1954
0.1586
0.1444
0.1331
0.1218
0.1218
0.1133
0.1104
0.1104
0.1104
0.1104
0.0821
0.0736
0.0793
0.0793
0.0765
0.0878
0.1133
0.1331
7.4190
20.1616
4.7572
2.1804
2.5485
1.5857
0.2265
0.1501
0.1274
0.1218
4.9554
0.4531
0.1331
0.1019
0.0991
0.3681
0.3115
0.1444
0.1104
0.1019
0.0906
0.1104
0.1076
0.1019
2.5768
8.6933
6.4562
1.1893
0.5947
0.2832
12.9125
105.3387
20.0200
12.1762
5.4368
3.0299
2.0388
1.3875
0.8212
0.5947
0.5380
3.7661
10.0525
3.7095
1.5291
1.0477
0.5947
2.7467
1.2459
0.3964
0.2803
0.2464
0.2265
0.2039
0.1897
17.3299
3.0865
0.6796
0.3398
0.2803
0.2265
0.2039
0.1812
14.2717
6.4562
1.4158
0.8778
0.6513
0.5663
0.3115
0.4531
0.7362
7.3624
4.6723
1.4442
1.0477
7.7022
1.9539
1.7556
0.5663
2.8034
9.9109
2.0388
0.9628
1.3875
41.6258
0.1104
0.1104
1.8689
0.2322
0.1274
0.1274
0.3115
0.1614
0.1246
0.1274
0.1189
0.1133
0.1274
5.0404
9.1463
1.1610
0.2180
0.1331
0.1019
0.0963
0.1019
0.0963
0.1076
0.1133
0.1019
0.1076
0.1133
0.1246
0.1557
0.1501
0.1246
0.1133
0.1189
0.1189
0.1331
0.1189
0.5663
0.6796
0.4814
0.4814
0.1472
0.1133
0.1133
0.1104
0.1274
0.1331
5.7483
1.0477
0.3398
0.1756
0.1359
0.1218
0.1189
0.1133
0.1586
7.5606
0.6796
0.1501
0.1189
0.1104
0.1104
0.1274
0.1133
0.1189
0.1274
0.1189
0.1189
1.3592
0.5097
0.3398
0.1444
0.1133
0.1076
0.1019
0.1076
0.1019
0.1104
0.1133
0.1104
0.1076
0.1388
0.1274
0.1274
0.1557
0.1614
0.1501
0.1671
0.3115
1.2459
0.2322
0.2803
0.2124
0.1727
0.1727
1.2176
0.2549
0.1727
0.1727
0.1727
0.1671
0.1727
0.2124
0.3398
2.2937
1.7273
0.5097
0.2832
0.2549
0.2832
0.2803
0.2407
0.3398
0.3115
0.2180
0.1841
0.2265
0.2180
0.2407
0.3964
1.5008
0.4814
0.2803
0.2549
2.5768
0.7646
0.3115
0.2407
0.2124
0.1982
0.1841
0.1784
0.1727
0.1841
0.1671
0.1727
0.1926
0.1926
8.7782
2.9450
0.5380
0.1614
0.1189
0.1133
0.1104
0.1104
14.8380
3.4830
0.9061
0.5097
2.0105
13.0541
4.2758
5.0404
8.0420
4.8988
5.9749
2.9166
3.5679
1.7840
2.9166
1.1893
5.1537
9.5711
14.6681
9.1747
10.1941
3.1432
2.4069
3.5396
7.7305
10.0525
5.6634
4.8139
3.1149
1.6707
0.7362
0.4531
9.4861
24.7206
10.6755
27.4390
16.1972
0.0566
0.0510
0.0736
0.0850
0.0765
0.0680
0.0821
0.0934
0.1189
0.1303
0.1133
0.0934
0.0934
0.0934
0.0991
0.0906
0.1331
0.6796
0.9911
0.9628
0.7646
0.1133
0.0821
0.0623
7.6455
3.9644
3.8511
3.2564
0.8495
0.1189
0.0481
0.0396
0.3964
3.7095
4.5307
2.5485
9.2879
6.4562
0.9911
0.3398
0.1812
0.0906
2.0388
2.0954
0.8212
0.2322
0.1671
0.1246
0.0991
0.0765
0.0821
0.0906
0.0850
0.0736
0.0680
0.0651
0.0623
0.0651
0.0651
0.0538
0.0765
0.1048
0.1727
21.3226
2.3786
0.2803
18.9157
5.3519
1.2743
0.2265
0.1416
0.1133
0.1048
0.0991
0.0934
0.0821
2.9450
7.2208
6.9093
4.2758
0.7362
0.2407
0.2322
0.1812
0.1472
0.1416
0.1416
4.4741
9.2879
2.4919
0.6796
0.3681
2.1238
0.7362
0.6230
0.4531
0.4531
0.5380
0.8212
2.3786
0.5097
0.2407
0.1869
0.1529
0.1416
0.1359
0.1869
7.9004
4.1626
0.7929
0.2549
0.1727
0.1472
0.1416
0.1246
0.1104
0.0991
0.1104
0.1048
0.0991
0.0991
0.0934
0.0765
0.0850
0.1104
0.1133
0.1048
0.0934
0.1048
0.0793
0.0708
0.0821
0.0850
0.0850
0.0906
0.2095
0.0991
0.0821
0.0765
0.0680
0.0651
0.0623
0.0566
0.0566
0.0396
0.0623
0.0680
0.0680
0.0680
0.0736
0.0991
0.1869
0.2803
0.1416
0.0991
0.1727
0.3398
0.2633
0.1472
0.1104
0.0934
0.0991
0.0934
0.0736
0.0850
2.5485
12.5727
0.7929
2.5485
2.2370
0.3398
0.2010
0.1048
0.0765
0.0906
0.0821
0.0821
0.0821
0.0934
0.0906
0.1671
0.1303
0.0623
0.0651
0.0425
0.0538
0.0510
0.0623
0.0623
0.0623
0.0623
0.0538
0.0595
0.0736
0.0510
0.0623
0.0595
0.0538
0.0538
0.0481
0.0510
0.1614
0.0821
0.0595
0.0765
0.0991
0.0425
0.0229
0.0275
0.0340
0.0453
0.1812
45.8733
10.5905
14.1584
21.4075
7.1642
1.9255
1.1044
1.3592
1.4725
1.1044
0.1812
0.1104
0.0991
0.0991
0.0850
5.2103
0.7929
0.2095
0.1048
0.0821
0.6513
0.6513
0.1869
0.1303
0.2095
0.1812
0.1671
0.1614
0.1614
0.1416
0.1557
0.1671
0.1614
0.1727
18.0378
2.9450
0.5097
4.3042
7.6172
0.7079
0.2010
2.6051
1.2176
16.3388
11.7515
10.1374
2.5768
0.9628
0.5380
0.9061
2.8317
1.6424
1.3026
2.0671
1.5857
0.7646
0.3115
0.1954
0.1557
0.1303
1.8972
0.3681
0.1557
0.1246
0.1133
0.1104
0.0991
0.1048
0.0991
0.1048
10.0242
6.2863
11.3834
14.8663
9.4578
70.2258
36.5287
10.4772
6.1731
2.3503
1.2459
0.8495
9.7127
20.0483
5.8899
3.4547
1.2176
0.6513
0.3681
0.2492
0.2832
0.5947
0.7079
0.8212
2.2087
16.9901
18.5759
3.7945
1.3875
0.7929
0.7362
42.7584
21.0111
46.1565
12.4877
6.7111
7.7305
7.9287
4.8988
3.6812
7.0792
6.2014
6.1448
4.5024
3.9360
20.0483
19.8501
8.5800
16.1689
5.4368
3.3414
3.4547
2.7467
1.1327
0.9061
0.7362
0.5947
0.3398
0.3115
0.4814
0.2832
0.2407
0.2237
0.2152
0.2095
0.1869
0.1727
0.1614
0.1557
0.1671
0.1812
0.3681
0.2095
0.2095
0.2095
0.1614
0.3964
1.3875
0.3398
0.2237
0.1614
0.1416
0.1104
0.1104
0.1189
0.1189
0.1529
0.1246
0.1416
3.4830
4.0776
0.6230
1.4158
0.5663
0.1416
0.1303
0.0906
0.0821
4.7289
1.1327
0.1416
0.1869
0.7362
0.1812
0.1048
0.0821
0.0765
0.0850
0.0821
0.0991
0.1189
0.1048
3.8794
16.4238
1.7556
1.2743
0.1812
0.2464
0.3115
0.1133
1.6707
0.4531
0.3115
0.6796
0.1246
0.0736
3.6812
5.8333
7.9287
2.1238
2.2937
1.4725
0.3115
0.1104
0.0821
0.0566
0.0680
0.0680
0.0566
0.2124
0.2803
0.4531
8.2119
0.9911
7.5040
3.9644
3.3414
5.5218
0.9345
0.1586
0.0821
0.1472
0.1869
0.1416
0.0821
0.0736
3.3697
2.2370
1.6141
1.0760
0.3964
0.2180
0.1416
0.0991
0.0765
0.0651
0.1133
1.9822
0.8495
0.5663
0.2832
0.2039
0.1586
0.1416
0.1274
0.1218
0.1189
0.1133
0.1076
0.1048
0.1189
58.8990
12.9125
22.5119
13.0824
3.6529
1.7273
1.2176
1.0194
0.6796
0.4248
4.5590
1.8972
0.5097
1.6141
1.4158
0.3681
0.3398
0.2549
0.2180
0.2265
0.8212
1.3592
3.9077
1.4158
0.5380
0.3681
0.3115
0.2549
0.2407
0.2718
0.2407
0.2095
0.2180
0.3398
0.4248
0.1869
0.1954
0.1812
0.2492
3.4830
0.8212
0.2605
0.2124
0.1954
0.1812
0.1812
0.1671
0.1472
0.1472
0.1472
0.1472
0.1557
0.1557
0.1557
0.1557
0.1416
0.1472
0.1472
0.4248
1.8406
0.6513
0.1416
3.9644
2.7184
4.1059
0.9345
3.1432
1.2176
19.0856
15.7158
17.7263
12.8275
2.4636
2.5485
3.1149
27.2408
19.3687
20.4164
9.4861
4.0210
3.8794
2.9166
2.7467
2.1804
0.0906
0.0821
0.1133
0.1133
0.0963
0.3681
0.2549
0.0906
0.0821
0.2379
0.1416
5.5784
1.3592
0.7079
0.4531
0.1048
0.0651
1.1327
0.7646
0.1529
0.0963
0.0793
0.0708
12.9974
18.1228
3.1432
0.5663
0.1841
0.1246
0.6230
0.2832
0.1642
0.1104
0.0963
0.0934
0.0850
0.0821
0.0793
0.0906
0.1019
0.2237
5.2669
0.7079
0.3964
0.1133
12.2612
25.5418
1.5574
0.2832
0.1019
0.0793
0.0651
0.0680
0.0680
0.0680
0.0736
0.0793
0.0821
0.0793
0.0736
0.0736
0.0793
0.0906
0.0906
0.1019
11.6665
14.5832
1.9255
0.9911
0.2322
0.1897
0.1982
0.1642
7.0792
30.2990
4.4457
1.3875
0.5380
0.2322
0.1303
0.1133
0.1189
0.1133
0.1104
6.7111
5.2669
0.9061
0.3398
0.2180
0.1727
0.1586
0.1472
0.1359
0.1246
1.2743
1.5857
0.2803
0.1472
0.1303
0.1189
0.1104
0.1104
0.1104
0.1189
0.1104
0.1019
0.1048
0.1246
0.1841
0.2180
0.1359
0.1189
0.1048
0.1189
0.0934
0.1133
0.1048
0.0906
3.6246
5.6917
1.4442
0.2180
0.5097
0.2237
0.1529
0.1246
0.1019
6.7960
1.3875
0.2322
7.8721
9.0331
1.1893
55.2179
17.3865
3.7945
1.4442
0.7929
0.5380
0.4531
8.3818
5.1820
0.8212
1.9255
5.8333
8.3818
9.3729
8.8065
7.2774
1.4725
0.6513
0.3681
0.2633
1.5291
1.2459
0.4814
0.3398
0.7079
0.4531
0.4531
0.2180
0.2095
0.1642
0.1529
0.1416
0.1472
0.1416
0.1246
0.1472
0.1642
0.1246
0.1133
0.1189
0.1359
0.1133
0.1104
0.0934
0.1019
0.1019
0.1359
0.8495
4.8705
0.0680
0.0651
1.3875
0.9061
0.9061
0.1189
0.0821
0.2322
0.0765
0.0736
0.0680
0.0680
0.0736
0.4814
0.1218
0.0793
0.0765
0.0850
0.1019
0.0793
0.0623
0.0566
0.0651
0.0680
0.1019
0.3964
9.2030
44.1743
2.5202
0.4531
0.1642
86.0832
132.5228
97.6931
7.9287
2.8034
1.4442
0.9911
0.5663
0.4531
0.3681
0.3398
0.5097
0.3115
0.3115
0.2832
0.4814
0.3398
0.3398
0.4814
0.3398
0.2803
0.2605
26.9010
12.6293
2.1804
4.0210
1.3875
1.2743
1.8406
1.5291
1.8972
1.4158
1.1327
0.9061
0.4531
0.3398
0.3681
0.3398
0.3115
0.2832
0.3398
0.3115
0.2832
0.2832
0.2832
0.2775
0.2718
0.2718
0.3115
1.4158
14.1584
84.9505
28.3168
113.2674
28.3168
14.1584
8.4951
4.5307
3.1149
2.5485
2.0954
1.8123
1.5857
1.4158
1.1610
2.4919
114.4001
55.5010
6.7960
3.7945
4.7006
5.8899
8.0137
4.5307
3.1149
2.6335
2.2653
3.7945
5.3519
19.8218
56.6337
84.9505
45.3070
14.1584
28.3168
28.3168
14.1584
28.3168
14.1584
8.4951
8.4951
5.6634
4.3608
8.8065
4.5307
3.4263
3.5113
5.4368
9.2879
33.9802
70.7921
48.1386
65.1287
19.3121
15.4610
9.1180
6.8244
5.4368
4.7006
4.3042
3.7945
3.9644
10.9586
6.0032
3.6246
3.6246
62.2971
45.5901
23.7862
7.9287
4.7006
3.6246
3.2281
3.0865
2.5485
2.2087
1.6424
1.7556
2.2087
3.9644
2.8317
6.8244
3.2848
12.7426
6.4279
3.4263
2.7751
17.7263
17.7263
12.1196
15.1212
56.0674
153.4773
26.9010
8.0137
5.0404
48.4218
32.2812
30.0159
15.4610
133.0892
0.2633
0.7362
0.4248
0.3681
0.8495
2.2653
0.8212
0.3681
0.2350
0.2039
0.2124
0.4248
0.5663
0.4248
0.2549
0.2039
0.1812
0.3398
0.5380
0.3115
0.1869
0.1501
0.1586
0.1812
0.1727
0.2718
5.0404
9.5711
91.1802
146.6813
45.3070
51.5367
21.5208
45.5901
44.1743
14.7248
12.3178
8.1553
5.3802
4.1626
3.3131
2.6618
2.3503
2.1804
2.0671
1.8406
1.6990
1.6707
1.5008
1.4158
1.4158
1.7556
2.7751
113.5506
80.1367
15.2345
9.2313
7.3624
5.5218
4.4741
4.1626
9.1463
10.2507
7.6455
6.2863
5.3236
9.1463
12.9125
7.5606
5.3802
4.3325
3.7661
3.4830
4.8139
13.0257
5.6634
4.2758
3.8794
10.3640
6.5978
3.2564
2.3220
3.2564
30.8654
9.2313
5.2386
4.0493
4.5307
4.8139
3.9360
3.3697
3.0299
2.8317
2.6618
2.5485
2.4069
2.3220
1.8123
1.2176
1.2176
1.3592
3.5396
5.6067
7.4756
2.0388
1.4442
1.2459
1.0760
0.9061
0.7929
0.7362
0.7362
0.7362
0.7362
0.7362
0.7646
1.3592
0.9911
0.7362
0.6796
0.7362
0.7362
1.1044
1.4725
0.7929
0.6796
0.6796
0.5947
0.4248
0.3964
0.3964
0.3964
0.4531
0.3681
0.3681
0.3681
0.3681
0.3398
0.3681
0.3964
0.3398
0.3115
0.3115
0.3115
0.3398
0.3398
0.3115
0.3115
0.3115
0.3115
0.3115
0.2832
0.2832
0.2832
0.3115
0.7079
1.9539
2.1521
1.1610
0.5947
0.4248
0.5947
4.2192
1.5008
3.5396
2.7751
1.0760
0.6513
0.4814
0.4248
0.3681
0.3398
0.3398
0.3398
0.3115
0.3115
0.3115
0.3115
0.3115
0.3115
0.3115
0.2832
1.9822
1.3592
0.4248
0.3681
0.3398
0.2662
0.2435
1.0760
1.1893
1.3875
1.0760
0.3681
0.2832
0.2662
0.2520
0.2577
0.2520
0.2209
0.2152
17.0184
2.5202
0.9345
0.3398
0.5663
0.5663
3.4830
4.2192
1.1327
0.7362
0.7362
0.7362
0.6513
0.5663
0.5097
0.3398
0.2832
0.2520
0.2294
0.2294
0.2294
0.2152
0.2209
0.2209
0.2379
0.2435
0.2379
0.2209
0.2010
0.2067
0.2747
4.6156
0.7929
0.3115
0.2435
0.2010
0.1926
0.1869
0.1812
0.1869
0.1954
0.1982
0.1897
0.1982
0.2010
0.2067
0.2010
0.2067
0.2039
0.2010
0.2039
0.2124
0.2152
0.2265
0.2832
0.3681
0.2605
0.2322
0.2180
0.6230
0.8495
0.2803
0.2209
0.1926
0.2039
0.2237
9.9958
2.4636
0.5947
0.3398
0.3115
0.2775
0.2549
0.2464
0.2464
0.2492
0.2577
3.1715
1.0477
0.3681
0.2690
0.2549
0.2520
0.2549
0.2633
0.3964
0.3681
0.3398
0.3115
7.7871
8.2119
7.4756
1.8123
0.8495
0.8778
1.4442
4.0493
2.5485
1.6141
1.7840
0.9345
0.8495
0.3964
0.4248
2.2937
9.3729
1.0760
0.3398
0.2180
0.1926
0.1897
0.1812
0.1727
0.1812
0.1982
0.1756
0.1699
0.1784
0.1897
0.3964
0.3115
0.2832
0.2237
0.1897
0.2067
0.2464
0.2039
0.1926
0.1982
0.2010
0.1926
0.1784
0.1727
0.1869
6.0598
0.8212
4.1626
0.8495
0.2294
0.1614
0.1501
0.1501
0.1586
0.1586
0.1614
0.1982
0.1699
0.1586
0.1671
0.1586
0.1557
0.1529
0.1671
0.1841
0.1671
0.1614
0.1557
0.1501
0.1529
0.1557
0.1756
5.8899
3.0299
0.3681
0.1869
0.1756
0.1812
0.1812
0.1756
0.1699
0.1699
0.1756
0.1812
0.1557
0.1444
0.1388
0.1812
0.1812
0.1642
0.1557
0.1444
0.1388
0.1331
0.1331
0.1331
0.1274
0.2322
0.8778
0.2832
0.1756
0.1529
0.2010
1.2176
1.9255
1.0194
0.2350
0.1614
0.1529
2.4352
1.9255
13.8753
11.1002
1.2743
0.2803
0.1897
0.1926
0.1869
5.4652
11.8081
4.5024
1.8972
0.3681
0.2180
0.3964
0.2747
4.5873
1.0477
1.1610
1.2743
0.3964
28.3168
29.4495
5.6634
3.1715
1.1893
0.6230
0.5380
1.1327
1.4158
0.7362
0.3115
1.1893
5.5218
15.2911
3.5113
2.1804
1.0477
0.6513
0.3681
0.5097
0.4531
0.3964
0.3681
3.4263
3.3414
1.1044
1.7273
3.7945
32.8475
16.1123
6.9943
3.4547
2.4636
1.6424
1.1610
0.8778
0.5947
3.2564
1.8123
0.6513
0.3681
0.3115
0.2803
0.2633
0.2407
1.6990
2.9733
0.9628
0.4531
62.2971
11.6949
3.3980
1.9822
1.5574
1.5008
0.8778
0.5947
0.4531
0.5097
0.7929
0.5097
0.3681
0.3681
0.3398
10.6755
28.8832
29.7327
8.2402
4.5307
3.4830
56.6337
19.5953
7.1925
4.9838
3.7661
2.8600
2.6335
2.8600
4.3608
6.0881
3.3980
2.8034
1.5008
1.2743
1.1327
0.7362
0.5947
0.5947
0.6230
1.8406
2.1804
1.3309
4.9838
18.3776
43.8911
58.3327
30.5822
6.7677
23.4463
35.1129
40.7763
22.2004
12.7426
8.0420
11.1002
7.4473
6.8810
18.2644
16.5087
5.8333
5.3236
3.3980
2.6335
1.8123
1.4442
1.6424
1.7273
3.0865
1.7556
3.0582
2.5485
1.0760
1.6707
1.3875
0.6796
0.7929
0.2237
0.3398
0.2549
0.3681
0.2718
0.2067
0.1926
0.3115
0.2379
0.1869
0.1812
1.5574
0.3681
0.2265
0.2039
0.2124
0.2832
0.3115
0.2067
0.3115
2.0954
0.5663
0.2633
0.2095
0.2124
0.2662
0.2832
0.2407
0.2095
0.2180
0.2152
0.2124
0.2152
0.2237
0.2180
0.2209
0.2294
0.3964
23.4180
14.6681
2.0105
0.4814
0.2690
0.2039
0.2067
53.2357
7.8154
3.0016
1.7273
1.8972
1.1610
0.7362
0.5380
0.3964
0.3398
2.3220
1.4158
12.3178
15.5743
4.2192
8.5517
6.9659
3.6246
1.1610
0.5380
0.3398
0.2718
0.2407
0.2180
0.2039
0.1982
0.1897
0.1841
0.1841
0.1727
0.1812
0.1982
0.2180
0.2294
0.2095
0.1756
0.1756
0.1756
2.9166
22.9366
4.3325
1.3592
0.5380
0.3398
0.2407
0.2095
0.1982
0.1784
0.1727
0.1784
0.1812
0.1812
0.1756
0.1841
0.1897
0.1897
0.1812
0.1982
0.2010
0.1926
0.1642
0.1756
0.1812
9.6844
4.1909
1.2459
0.4531
0.3398
0.2747
0.2435
0.2209
0.2237
0.2379
0.2180
0.1982
0.2662
0.2747
0.2662
0.2633
0.2294
0.2095
4.4741
1.8972
0.6513
0.2832
0.2435
0.2832
0.2718
0.3115
0.2832
0.2492
0.2379
2.4069
1.6990
0.6513
0.3115
0.2407
0.2180
1.3309
23.0782
3.8794
1.7840
2.7751
2.4352
1.9539
1.3309
0.4248
0.3115
0.2803
0.3115
0.2747
0.2407
0.2124
0.1926
0.1812
0.1671
0.1671
0.1756
3.1149
5.7200
2.4636
9.6560
3.5396
6.4562
2.1804
0.4531
8.8915
9.9675
3.5113
1.3309
0.7362
0.5097
2.6618
0.6513
0.2832
0.2265
1.0477
0.2577
0.2379
0.2294
0.2350
0.2633
2.7751
0.5947
0.2832
0.2577
0.2435
0.2322
0.2435
0.2605
0.2718
0.6230
1.2176
0.3681
0.2832
6.1164
6.9093
0.5663
0.2464
0.2124
0.1926
2.1521
0.8778
0.5663
1.2743
0.5663
0.7362
1.4442
0.3964
0.2605
0.2549
1.4725
0.5380
0.3398
0.2605
0.2464
0.2379
1.0477
14.3000
2.1238
6.8810
8.8065
1.6141
11.1002
6.2580
1.1327
4.1909
2.0388
0.7929
0.5663
0.3115
4.0776
1.5574
0.6230
1.7556
28.3168
3.2564
8.9764
4.2475
1.3875
1.0760
0.5663
3.0016
15.3194
3.6529
1.1610
0.5380
0.3115
0.2549
0.2322
0.2464
0.2549
0.2067
0.1812
3.0299
2.7751
0.6513
0.2379
2.3503
2.4352
0.7362
0.2464
0.1982
0.1812
0.1699
0.1756
0.2067
0.1812
0.1557
0.2265
0.2832
0.1926
0.3964
0.3115
0.1812
0.1614
0.1756
0.1756
0.1756
0.1812
0.1926
0.2265
0.2464
0.2067
0.1926
0.1982
3.4830
2.8034
0.2322
0.1331
0.1557
0.2464
0.1926
20.2749
2.3786
0.3398
0.1614
0.1699
0.1756
2.4352
1.0760
0.2549
0.1869
0.1699
0.1699
0.1614
0.1699
0.1756
0.1926
0.2265
0.2322
0.2464
0.9628
11.5250
10.1941
17.1317
2.3220
0.8495
0.3398
3.1149
6.9659
2.2087
0.6796
0.3115
1.7273
1.0477
0.3964
0.2775
0.2379
0.2464
0.4814
0.2832
0.2124
0.2067
0.1982
0.1982
0.1926
0.1926
0.1926
0.1926
0.1812
0.1812
0.1812
0.1812
0.1756
0.2124
0.2832
1.3592
0.6513
0.2067
0.1642
0.1642
0.1926
1.3309
0.7079
0.3115
0.1756
0.1501
10.9303
0.8212
2.4919
1.4442
0.5947
1.8972
0.7079
0.3964
0.2379
0.2237
0.2407
0.3115
3.7661
4.0493
0.3115
4.9838
4.4457
1.7273
0.8212
0.6230
0.5947
0.2095
1.2176
0.5947
0.4248
0.1982
0.1671
0.2039
0.3115
0.2124
0.8495
1.1610
0.9061
9.7693
2.4352
33.6970
65.4119
8.0137
3.0299
0.9628
0.3964
0.2379
0.1756
0.1472
0.1529
0.1472
6.3147
1.2176
1.6424
1.5291
4.3891
2.3220
37.9446
3.4263
1.5008
1.9822
1.7556
3.6812
1.7556
1.5574
4.0493
0.7646
0.3398
0.2152
0.1926
0.1812
0.1926
0.2095
0.2265
0.1982
0.1869
0.1812
0.1756
9.9109
31.1485
84.9505
54.6515
33.6970
171.3169
53.8020
17.4998
10.9586
8.0420
6.0315
4.8139
3.9360
3.4547
3.8511
4.4174
3.1715
2.8317
14.8947
16.0557
58.0495
28.3168
21.0961
7.9287
4.8139
3.4830
2.8883
2.6901
2.4069
2.2087
3.0299
2.1521
1.9539
1.6990
1.3309
0.3398
1.3309
0.9345
0.5380
0.2775
0.2464
0.2350
12.3461
72.2080
32.2812
5.7200
2.8600
1.3026
1.0760
0.4814
0.2747
0.2124
0.1897
0.2180
0.2124
0.2549
0.1869
0.1699
0.1642
0.1557
0.1642
1.0194
1.1610
1.1327
1.0760
1.0477
1.2743
1.6424
1.1044
0.3398
0.1699
0.1614
0.9345
0.5097
0.1756
10.1941
0.9628
0.2124
0.5663
1.1610
0.1699
0.1472
0.1444
0.1472
0.1472
0.1529
0.1472
0.1472
0.1586
0.1642
0.1614
0.1557
0.1529
0.1529
0.1756
0.2350
0.1812
0.1586
0.1529
4.8705
5.9749
1.0760
1.4158
2.1521
0.7646
0.2832
0.1784
0.3115
0.9345
0.2435
6.2014
0.1416
0.1416
0.1388
0.1274
0.1331
0.1529
0.2180
0.2520
0.2803
0.5947
0.3115
0.2095
0.1642
0.1982
0.7362
0.7929
0.6513
0.3398
0.1926
0.1756
0.1699
0.1982
0.2662
0.1841
0.1699
0.1472
0.1642
0.1671
0.1727
0.2209
0.4814
0.2803
0.1784
0.1642
52.3862
12.6859
163.1050
16.7636
6.2297
3.6812
3.5679
3.2281
2.3786
2.2087
2.2087
1.8123
1.5574
0.3681
0.8778
3.2848
2.3503
4.3042
3.0016
2.2937
1.2743
2.3220
1.1327
2.0388
0.5947
0.3681
0.3398
0.3115
0.2832
0.2747
0.2605
0.3115
11.9497
2.2937
0.7646
0.4531
0.3115
0.4814
2.8317
2.2653
1.8123
2.8317
16.9901
26.7594
39.0772
18.4909
8.8065
6.2863
15.8291
12.6010
8.7499
5.8333
4.3608
5.1537
3.3131
9.8543
10.9586
16.6503
9.9109
6.5412
2.7751
2.2370
2.6051
3.2281
10.1374
16.3105
6.7394
20.2182
113.8337
33.6970
112.7010
68.2436
16.7636
11.3267
13.5921
8.2685
5.7200
4.5307
3.7945
3.3980
3.0016
2.6051
1.4442
0.5663
0.4531
2.1521
10.3073
1.8123
0.9345
0.7362
36.5287
11.2418
4.0493
2.7184
3.0865
1.9255
1.3309
1.0760
19.2838
11.1285
4.5590
2.4352
1.4725
1.1044
0.8778
0.7079
0.6230
2.7751
41.6258
59.1822
69.3763
240.1269
68.5268
28.3168
19.2838
16.3955
15.6875
43.6079
131.3902
130.8238
50.6872
25.5984
17.7263
15.5176
13.2523
10.8170
8.8632
7.6172
6.7394
6.0598
5.2669
4.4174
3.9644
1.5574
2.0388
3.1432
2.4636
2.2370
1.5291
1.1610
0.9911
0.9911
2.0671
1.2459
0.9061
0.8495
0.8212
0.7929
0.3964
0.4248
0.3964
0.6230
0.6513
0.5380
0.4248
0.3964
0.4248
4.2475
1.2743
0.5097
0.4531
0.4248
0.4248
1.1327
1.8406
0.4814
0.4248
0.3964
0.5097
2.2653
7.1642
1.8972
0.6230
0.5380
0.4248
0.3964
0.3964
0.3964
0.3681
0.3681
0.3681
0.3681
0.7079
1.2743
0.8495
0.7929
0.9911
0.7079
0.6230
0.5947
0.6230
0.9911
0.7079
9.8259
1.6990
0.8212
0.5947
0.6513
0.9911
0.6230
0.5097
0.4814
0.4531
0.4531
0.4248
0.4248
0.4248
0.4248
0.4248
0.3964
0.3964
0.3964
0.3964
0.3964
0.3964
0.4248
0.4248
9.2879
2.4069
0.8212
0.5380
5.9182
1.2176
0.5947
0.4248
0.3964
0.3964
0.3964
1.3592
0.5663
0.4531
0.4248
0.3964
0.3964
0.3964
0.3964
0.3964
0.3964
0.4814
0.4531
0.3964
0.3964
0.4531
0.4814
0.4248
0.4248
0.4248
0.3964
0.3964
0.3964
0.3964
0.3964
0.3964
1.8689
11.6382
36.5287
14.9513
9.9392
6.8810
18.3776
190.5724
80.7030
54.9347
33.4139
10.8737
7.1642
6.3713
5.0970
4.4457
6.0032
4.5307
4.7572
13.1107
13.7620
7.8721
6.7960
6.2863
6.8527
4.7289
3.5396
3.1432
3.0016
2.9733
2.6618
2.3503
2.0671
0.4248
2.2937
1.6707
1.0760
2.6051
2.0388
0.8495
0.4531
0.3681
0.3964
0.7646
0.9061
3.6246
17.7263
3.2281
1.5008
0.9061
0.5947
87.4991
113.8337
45.3070
25.8250
10.1941
6.0598
4.7572
3.5962
2.3786
3.9360
2.1804
1.5574
1.2743
1.0477
0.8778
0.7079
0.5947
0.5097
0.4531
0.3964
0.3681
0.3681
0.3681
2.2653
1.2743
0.6796
0.2577
0.2605
0.4248
0.3398
0.2775
0.2718
0.2577
0.2520
0.7646
0.3115
0.6796
1.6141
0.4531
0.3115
0.2520
0.2294
0.2237
0.2350
0.2435
0.3115
0.3398
0.3398
0.6796
0.3115
0.3398
0.3964
0.3115
0.2832
0.2803
1.1327
1.8406
0.3964
0.2662
0.2464
0.2407
0.2520
0.2832
0.4248
0.2832
0.2464
0.2407
0.2464
0.2832
2.0105
12.8558
3.7661
1.6990
13.9319
23.5879
41.3426
57.2000
9.6277
30.5822
31.7149
8.7782
5.1253
2.8034
1.8972
1.5008
1.1893
0.8212
0.7079
0.6796
0.5380
0.3398
0.3115
0.3115
0.2832
1.8972
6.5978
2.5202
0.8495
1.4158
10.8170
9.1180
3.7945
2.0388
0.7929
3.9644
8.3818
21.3226
19.7652
45.8733
55.2179
24.8056
20.8129
9.6560
6.0598
7.4190
5.4368
3.5962
3.4830
2.5768
2.1238
1.6707
1.1327
0.6513
0.5663
0.4814
0.4814
0.4531
0.3964
0.3681
0.3398
0.3398
0.3398
0.3115
0.3115
0.3115
0.3115
0.3115
0.2832
0.2803
0.2718
0.2832
0.4248
0.3964
0.3398
3.8511
5.2669
1.7273
0.5663
0.3398
0.2832
0.3115
4.5307
2.6051
2.5768
1.5574
0.7929
0.5097
0.4248
0.3681
0.3398
0.9628
1.7273
1.5291
4.4174
2.0954
0.9911
0.8495
1.0760
9.6844
12.3461
3.4547
1.8689
3.3131
3.5962
2.0388
1.5008
1.4725
1.6707
1.5857
1.3026
1.3026
1.0477
0.8778
5.3519
18.8873
7.4756
18.2360
18.5192
47.8555
15.4893
6.6828
4.3042
5.8050
6.6545
25.5418
28.8832
23.2764
11.0719
13.8186
31.9980
12.8558
9.2596
50.1208
32.5644
13.2806
6.2014
4.4174
3.5113
0.3964
0.3681
0.3681
0.3681
0.3681
0.3681
0.3681
0.3681
0.3964
0.3681
0.6230
0.4248
0.3964
0.5947
21.0111
22.5402
62.5802
11.0719
5.8899
3.7661
2.8317
2.3503
2.0671
2.6051
2.6618
2.0671
3.7095
3.7095
2.1521
1.8406
1.6990
1.6141
1.5574
1.5008
1.4442
1.3592
1.0194
1.3592
1.9255
1.4725
1.1327
1.0477
1.1610
1.2459
2.2370
3.8511
2.0105
1.5857
1.3592
1.4158
2.3786
1.4158
1.1327
1.1893
1.1893
0.5947
0.3681
1.3309
0.9345
9.9958
11.4400
2.2370
2.1804
1.0760
0.6513
0.6796
3.5113
3.6812
1.5008
0.8212
1.1327
2.1804
1.5574
6.2863
61.4476
9.4578
4.0210
2.5485
2.5202
12.5160
3.5113
2.1804
1.8123
2.4636
1.6707
5.1537
6.6261
2.1521
1.4725
4.3891
3.9927
2.4069
2.1521
10.0525
3.4830
1.8123
1.3592
1.0477
0.5097
0.6513
1.1610
0.9061
0.6796
0.6796
0.8778
0.6513
1.6141
1.1893
0.5663
0.4814
1.1044
0.4814
0.3398
0.2832
0.4248
0.4248
0.2690
0.2464
0.2379
0.2265
0.2633
0.2605
0.2464
0.2633
0.2435
0.2294
0.2775
4.2475
15.0079
4.6440
1.3309
0.6796
0.4248
0.2747
0.3398
12.7992
21.0111
6.4846
4.3325
3.6812
12.9125
7.9854
4.5873
4.3891
7.9854
3.8228
2.8600
3.2564
2.0671
1.5291
1.1893
1.0194
0.9061
0.8212
0.7646
2.1804
1.3026
0.8212
0.6513
0.5663
0.4531
0.3964
2.7751
12.0063
7.2491
4.1343
3.7661
1.5291
1.0194
2.7184
1.0477
0.6796
1.9822
1.7556
0.7646
0.5380
0.4814
0.5663
0.4814
0.3398
0.2832
0.2435
0.2265
0.4248
0.4248
0.4248
0.3964
0.3964
0.3681
3.0016
1.4158
0.5097
0.4531
0.4248
47.0060
26.9010
6.7960
10.1941
15.1778
5.8333
4.2475
2.8317
2.1521
1.8689
1.6990
1.5857
1.5008
1.4442
2.8317
3.2281
2.8317
2.7467
2.4352
2.2087
2.2937
2.7184
3.3131
3.8228
2.4352
1.8972
1.6424
1.6424
4.3325
4.7289
4.0493
3.0582
3.8794
5.0687
3.1432
2.3503
1.4442
1.1044
25.2869
3.3131
2.0105
1.5857
1.0477
0.8778
1.5008
3.0582
1.3309
1.8406
1.0477
0.8495
0.8495
0.8495
0.9345
47.8555
18.1228
8.4951
3.3980
2.1238
1.5291
1.6424
8.3535
6.9659
2.6901
1.5291
0.9628
0.7646
1.4158
8.4951
5.6634
3.8228
2.6335
3.3980
7.3624
7.5040
13.5921
69.9426
26.9010
14.7248
42.4753
103.9228
37.3782
17.5281
12.5727
9.9109
14.8380
37.0951
47.2891
36.5287
21.5208
27.4957
19.7085
15.1212
11.0436
8.7782
8.2119
6.6828
6.1164
5.5501
4.6723
4.0776
3.8228
3.6529
3.4830
3.1432
2.9733
2.8883
2.8317
2.7467
2.6618
8.1553
4.8705
3.6529
5.9465
3.7378
2.8883
2.4352
1.8406
2.0105
1.4442
1.2176
1.5857
1.5857
1.4442
1.2743
1.1327
1.0194
0.9345
0.8495
0.7929
0.7362
0.6796
0.6513
0.5947
0.5663
0.5097
0.5097
0.5663
0.8212
0.8212
0.6230
0.5380
0.6796
0.6513
0.5380
0.4814
0.8778
1.6424
1.5574
2.8317
2.8883
0.8495
0.5097
0.3398
0.4248
0.7646
0.5663
0.4248
0.3964
0.3681
0.3681
0.3681
0.3681
0.3681
0.3398
0.3398
0.3115
0.2775
0.2690
0.2690
0.2464
0.2379
0.8495
13.1673
8.8915
3.0865
2.5768
1.4725
1.0760
1.4442
0.9345
0.6796
5.9182
1.5008
0.7929
0.4814
0.5380
0.4814
0.4248
0.5097
0.4531
0.8495
0.5097
0.4531
0.4248
0.3964
0.5663
0.8212
0.5097
0.4531
1.6707
2.2653
1.0477
0.5380
0.6796
0.7646
1.5574
1.1044
0.5663
0.7646
13.0257
7.6455
2.9166
3.5679
1.7556
0.8212
0.5947
0.5947
0.5380
2.1521
1.7273
1.1327
0.7362
0.4814
0.4531
4.3608
8.9764
9.2879
4.0493
4.7006
8.0703
8.0703
9.6560
7.7588
6.2297
4.7572
11.3267
19.5386
18.4060
6.2297
4.7289
3.3697
2.8600
1.8972
1.4158
5.2669
2.4919
2.6335
1.5574
1.1327
1.1893
3.2564
1.4442
0.6513
0.4531
0.3964
0.3681
0.3398
0.3398
0.3115
0.3681
0.5380
0.4814
0.3681
0.3115
0.3115
0.2803
0.2832
0.2832
0.7362
0.3964
0.3115
0.3115
0.2832
0.2775
0.2549
0.2605
0.3681
3.4263
3.4263
0.8495
3.5396
6.9376
8.4951
9.7693
11.3834
7.9570
16.7919
9.7976
3.3131
1.6424
1.0477
0.6796
0.4814
0.3964
0.3681
0.3398
0.3115
2.7184
2.5485
0.7362
0.4248
0.3681
0.3681
0.3964
1.2743
37.9446
9.9675
15.6026
4.2475
19.9634
7.6739
4.9271
4.1626
3.5113
3.0865
3.2848
4.6723
3.1715
2.6901
2.4069
2.2087
2.0671
1.9539
1.8689
1.7840
1.1893
0.5097
0.4531
0.2803
0.2633
0.2407
0.2322
0.2152
0.2237
0.2237
2.9450
7.3341
3.4547
1.4725
1.6424
0.6513
0.3681
2.0388
0.8495
5.0970
14.4133
11.1285
13.7054
5.4652
2.6051
1.2743
0.7929
0.5097
0.3681
14.5832
148.6634
20.3315
6.5129
4.3325
4.0493
3.1715
1.7556
1.7840
3.3980
7.9570
5.1253
2.1521
1.1610
0.9061
1.3026
50.4040
32.2812
5.9465
4.8705
3.3131
2.0388
1.3875
1.1893
0.9911
0.7929
0.6796
1.0760
1.2176
0.9061
0.7646
0.5380
0.7646
0.7079
1.0760
1.1893
1.6141
2.5485
0.7079
0.4531
0.8495
0.4531
0.8495
0.7079
4.9271
16.7919
70.2258
24.4374
8.4384
5.0121
3.2281
2.8034
2.9733
1.8972
1.6990
3.3414
2.8883
1.3592
2.3503
1.5291
5.2669
2.6901
1.3309
0.8495
0.7929
1.6424
2.6901
7.1358
2.0388
6.9376
7.1925
2.0388
2.6051
1.2459
1.8972
1.3026
1.0194
1.3309
0.7362
0.6796
0.5663
0.4531
9.1747
6.3430
1.5857
0.8778
0.6796
0.5097
0.4248
0.4814
0.3964
0.3398
0.3115
0.3115
0.2832
0.7929
0.8212
0.3398
0.2832
0.2662
0.5097
0.3115
0.5663
0.3964
0.3115
1.8406
1.2459
0.4814
0.3398
0.2747
0.2577
0.2435
0.2350
0.2350
0.2464
0.2407
0.2832
3.1715
6.3147
2.4352
1.6424
0.8212
0.4531
0.3964
0.3398
0.3681
3.3414
11.9497
1.8406
0.8778
0.5097
0.9345
0.9628
0.5663
10.1941
17.3582
4.5590
2.7184
88.6317
18.5759
6.6828
4.3891
3.3414
2.7184
2.1521
1.6141
1.5008
1.2743
1.6424
5.5218
4.0493
4.2192
6.1731
2.6901
2.0954
1.9822
2.1804
1.3026
1.1327
1.0477
0.9911
0.9061
0.7362
0.5947
0.5663
0.4531
0.4248
0.3964
0.3681
0.3398
0.3115
0.3398
0.3398
0.3115
0.3115
0.3115
1.2459
8.4384
1.3875
0.6513
0.4248
12.8275
1.3592
0.8778
0.6796
0.6230
0.9911
2.4919
19.0289
6.2580
1.6707
1.0477
0.8495
0.8495
0.6513
0.5097
0.4531
0.4248
0.4248
0.4248
0.4248
0.9345
1.1044
0.5947
0.6513
0.4814
1.4725
1.5008
0.7362
4.2475
2.7751
7.4756
2.3786
0.9911
111.5684
17.4432
4.1909
4.3891
2.3220
1.5857
77.3050
21.9456
5.7483
3.9644
3.8794
2.8034
2.1804
1.9255
1.6990
1.4158
1.3592
1.5291
1.5574
1.5574
1.5574
1.4725
15.0929
57.7664
44.7406
11.5250
6.1731
4.4457
3.9927
3.5962
3.0016
6.3147
4.4741
3.4830
2.8600
2.7751
2.6901
2.2370
2.0388
1.6990
1.6141
3.1149
2.0671
1.3026
1.1610
1.1044
1.0477
1.0194
0.9628
0.9061
0.9061
0.8778
7.2774
5.7766
1.6141
1.0477
0.9345
37.3782
21.4642
5.7766
3.7095
2.7751
2.5202
2.8317
2.2653
1.7556
1.4442
9.6560
19.9067
4.2475
2.9166
2.0671
1.7840
1.6141
1.4725
1.3875
22.7667
4.3891
6.6545
4.1343
2.4069
1.5291
3.1998
15.2628
13.4222
7.9004
11.0719
4.7572
8.7782
9.7976
4.0493
3.3980
2.9450
2.6335
2.6335
2.4352
2.8317
2.9166
2.5768
4.0776
2.8600
2.3220
2.1521
2.9166
5.0404
6.1448
2.3220
1.5574
1.3875
1.2743
1.1327
1.9822
2.5202
2.6618
11.0153
16.4521
28.8832
12.9125
4.3042
3.1149
6.0598
46.1565
51.5367
18.1228
9.0614
6.3147
4.7572
4.1059
3.6529
2.8317
2.1238
2.5202
3.6246
2.0671
1.6707
1.4725
1.2459
1.1610
1.1327
1.4725
1.6990
3.1432
2.7751
2.3503
1.8123
1.0194
0.7646
0.6230
1.2459
0.7929
0.3115
0.2803
0.2633
0.2209
0.2010
0.1982
0.1869
0.6796
0.3115
0.2010
0.2010
2.0671
1.7840
0.4248
0.7929
5.0687
1.3875
1.7273
0.5097
0.5380
2.0671
0.7929
0.3681
0.5097
0.8495
0.3964
5.0970
14.3000
2.4636
1.0477
0.7079
0.4531
0.4248
0.5097
0.5947
3.1715
11.4966
25.2586
27.2691
6.9943
3.3980
2.3786
117.5149
49.2713
11.6665
6.4846
25.0321
18.0945
8.0137
12.9974
6.7394
3.9927
3.2281
2.7751
2.5485
2.4636
2.1238
2.2653
2.1804
3.1715
2.8600
3.9927
2.6051
2.5768
2.8034
2.4919
2.6618
18.2077
10.7887
5.7766
3.1715
2.2653
2.0388
2.1238
3.7661
2.2937
1.5574
1.1044
0.9061
0.9061
1.2176
69.9426
11.7515
5.5784
4.1343
3.1432
10.2224
58.0495
12.4594
6.3713
4.7006
7.6455
5.6067
3.8228
50.6872
88.3486
50.9703
13.7337
8.2402
5.8333
4.7289
4.4457
3.8511
3.3697
2.9166
2.6335
2.4919
3.0016
2.9450
2.2087
51.5367
25.5418
9.2879
10.4772
4.9838
4.0493
3.5679
3.4547
3.1432
8.7782
26.1648
7.8721
4.5590
3.6246
3.1149
2.8034
2.5768
2.4352
2.1804
1.7273
1.5857
1.5008
1.3026
1.1044
1.0760
0.9911
0.9628
1.1610
1.0194
0.9628
0.8778
0.6796
0.5380
0.4814
6.1164
3.2281
1.0477
6.1448
13.5921
9.5145
8.2685
8.6083
5.3236
3.2281
5.2103
16.7919
9.0614
5.9182
3.0299
1.8972
1.4725
1.3026
1.2743
9.5994
3.4830
2.6901
2.2370
9.7693
5.1253
3.6246
3.0016
2.4352
1.5008
67.1109
