1.2176
0.8778
0.4248
0.4248
0.3964
0.4248
0.6513
0.5663
1.1044
0.6796
0.5380
0.3964
0.3681
0.3398
0.3398
1.0194
2.9733
1.8972
0.7362
0.4248
0.3681
0.8495
4.3891
0.9061
0.5380
0.3964
0.3964
0.4248
0.3964
0.6513
1.1044
0.5663
0.4248
0.3681
0.3681
0.3964
0.3964
0.3681
0.3681
0.5663
0.3681
0.5380
1.1327
0.5663
0.3964
0.3681
0.3681
0.3964
0.3964
2.2653
1.0477
0.5663
0.4814
0.4248
0.4531
0.4814
0.4531
0.4248
0.4248
0.4248
1.5291
0.6513
0.4248
0.3964
1.1327
0.9911
4.3042
1.4725
3.9077
2.3220
1.6990
1.3592
0.7646
0.5380
0.4814
0.4248
0.4248
0.3964
0.3964
0.3681
0.5663
0.7646
0.5663
0.5097
0.4814
0.4248
3.2281
7.8438
2.8883
0.7646
0.5947
0.7646
0.7929
2.8034
1.4725
0.7929
0.5380
2.8034
0.7079
0.5380
0.4814
0.4248
0.4248
0.3964
0.3964
0.3964
0.4531
0.7079
0.4814
0.3964
0.3681
0.3398
0.3398
0.3115
0.3115
0.3115
0.3115
0.3964
0.6796
0.5380
0.3964
0.3398
0.3398
0.3115
0.2832
0.2832
0.9345
0.7079
0.2832
0.2832
0.2832
0.3681
0.5947
0.5947
1.3592
0.6796
0.5663
0.5097
0.5947
1.5008
0.8495
0.5380
0.4531
0.3964
0.3681
2.0954
0.7929
0.5380
9.5428
4.7855
1.3592
26.0232
6.6545
3.6812
31.1485
10.9586
6.2580
7.2208
10.5056
16.1972
25.0038
8.7499
4.5590
3.4263
3.9360
2.5485
1.9822
1.7273
2.8034
2.0954
1.8406
3.5962
2.2653
1.7556
1.5857
1.3026
1.1610
1.0760
1.0194
0.9911
0.9345
0.9061
0.8495
0.2010
0.2095
0.2180
0.1926
0.1926
0.1841
0.1841
0.1897
0.1982
0.1926
0.1841
0.1841
0.1897
0.1897
0.1982
0.2095
2.3786
0.9061
0.3115
0.2180
0.1756
0.1586
0.1586
0.1586
0.1586
0.1586
0.1586
1.4158
1.3026
0.3681
1.6990
0.3964
0.2662
0.2464
0.5380
1.9255
0.6796
2.1804
1.7273
0.7929
0.4248
0.2832
0.2662
0.6513
0.3398
0.3115
0.2775
0.2775
0.2775
1.5008
0.5380
2.7184
3.6812
3.3697
0.8778
0.5380
0.3964
0.3115
0.3115
0.6230
1.0194
2.2653
0.6513
0.6230
0.7362
3.7378
2.3786
0.8212
0.5663
0.3964
0.3681
0.3115
0.2549
0.2322
0.2180
0.6230
0.4814
0.2775
0.2549
0.2549
0.2662
0.2662
0.2549
0.2832
0.5380
2.2370
3.2848
17.1600
4.4741
1.9255
1.0194
0.6796
0.5663
0.5380
0.4248
0.3681
0.3115
0.2832
0.2718
0.2803
0.2549
0.2379
0.2180
0.2095
0.2067
0.2067
0.2180
0.2095
0.3964
0.4248
0.2803
0.2180
0.2067
0.1926
0.1841
0.2180
0.1982
0.2067
0.1982
0.2067
0.2067
0.1982
0.1897
0.2010
0.2010
0.1841
0.1841
0.1982
0.6513
0.3398
0.3115
0.2803
0.2633
0.2633
0.2803
0.2464
0.2095
1.2176
0.2832
0.2180
0.1982
0.1982
0.3115
0.2832
2.3786
0.8212
0.2775
0.5663
2.4636
5.7483
1.1327
0.5380
8.4667
5.3519
4.0776
3.8228
9.8543
3.8228
1.4725
1.9822
0.7079
0.5663
0.5380
0.5380
0.5947
0.5097
0.3964
3.6246
1.6990
0.8212
0.6796
0.6230
0.4248
0.3115
0.2662
0.2775
2.0671
4.5024
6.6261
3.2848
4.0210
1.6141
0.2775
0.3115
0.6513
0.3398
0.2832
0.3398
0.3115
0.2775
0.2775
0.2775
0.2549
0.2549
0.2464
0.2464
0.2322
0.2180
0.2464
0.5380
0.5663
0.2662
0.1982
0.4248
0.5097
0.7079
20.8412
4.7006
1.4725
1.1044
0.9061
3.5396
9.8543
2.2370
0.9345
1.6141
1.6990
1.5008
1.0760
0.6796
1.3026
3.9927
2.0105
1.4725
0.7646
0.6230
0.9628
2.0105
1.0194
0.8212
0.7079
0.7362
0.6796
0.5947
0.5380
1.3026
1.4158
0.5097
0.9345
0.9628
0.9911
0.9345
0.7362
0.4248
0.5947
0.5380
0.5097
10.5622
43.8911
15.3194
4.3891
9.6277
4.8139
3.0582
1.6707
1.1044
0.8212
0.7079
0.6230
0.5663
0.5380
0.4814
0.4814
0.4248
0.4248
0.4248
0.4814
0.4248
0.4248
0.4248
0.4248
0.4814
0.4248
0.4248
0.4248
0.3964
0.4248
0.4248
1.4442
0.5663
1.5291
0.6230
0.4248
0.5097
0.6796
0.5663
0.4531
0.4248
0.4814
0.5380
0.4814
0.4248
0.4248
0.4248
0.4248
0.4248
0.8778
1.5291
1.1044
0.4248
0.3681
0.3398
3.5113
6.3147
7.8721
8.3252
4.8139
2.6335
4.3891
2.6335
6.5695
2.8600
3.0582
1.5291
2.3786
1.0194
0.8212
0.7362
0.8778
0.7362
0.6513
1.5291
0.6513
0.6230
0.6230
0.5663
0.5663
0.5663
0.5663
3.5113
1.3592
1.1044
0.9345
0.7929
0.7362
0.6796
2.5768
1.0194
0.9061
2.0954
1.1044
0.7362
0.7646
0.7646
0.9061
3.7378
2.5485
7.1075
1.6990
4.8705
5.6634
5.3519
2.3786
1.6707
1.1893
1.2743
1.1610
1.2176
1.2176
1.5291
2.6335
1.6424
7.2208
6.5412
0.3115
0.2775
0.2775
0.3115
0.3398
0.3681
0.3398
0.3115
0.3398
1.0194
0.4814
0.3681
0.3681
0.3964
0.6230
0.3964
0.3681
0.3964
0.3398
0.3398
0.3681
1.2176
0.6796
2.1521
0.5097
2.3786
0.7929
0.9345
1.4158
1.9255
1.4158
0.6796
0.3964
0.3398
3.2848
1.7840
0.6230
0.3964
0.5380
0.5380
1.0194
1.1893
1.0194
3.5113
6.5695
3.0582
1.2176
1.1893
1.3026
0.7929
0.5380
0.4814
0.4248
0.3964
0.3964
0.3964
0.3964
0.3681
0.3681
0.3964
1.7840
0.6230
0.3964
1.0194
0.9911
0.3964
9.3729
21.1244
9.7693
18.9157
6.2580
2.9733
4.4741
4.3891
2.3786
1.7556
4.5590
5.2103
7.5323
2.2653
8.0986
18.4060
40.2099
8.1553
5.8333
3.7661
2.7467
2.0954
1.8406
1.6424
1.5857
1.6990
1.5008
1.6424
2.1804
2.4919
1.7556
1.1327
0.9061
0.9345
0.8495
0.7646
0.7646
0.7079
0.6796
0.6796
0.6796
1.7840
0.9061
0.7646
0.6796
0.6513
0.6513
0.6230
0.6230
0.5663
0.5663
0.5663
0.5380
2.0954
2.1804
0.9628
0.5663
0.5380
0.7929
1.3592
0.7646
0.6230
0.6796
1.3026
0.7362
0.9061
0.9345
0.6796
0.5947
0.5663
0.5097
0.4814
0.4814
0.4814
0.4531
0.4531
0.4248
0.4248
0.4248
0.4248
0.4248
0.6513
0.6230
0.4814
0.4531
0.4531
1.0477
0.4814
4.1626
1.4442
0.7079
0.6796
1.4158
1.0194
0.5947
0.5380
0.4531
0.4531
0.4531
0.3964
0.3964
0.4248
0.3964
0.3964
0.3681
0.4814
0.3964
0.3681
0.4814
0.6796
0.3964
0.6230
2.1804
0.8778
0.7646
0.7079
1.0194
0.4814
0.3964
0.3398
0.3398
1.6990
0.6230
0.3681
0.3681
0.3398
0.3681
0.3398
0.3115
0.3398
0.3964
0.5097
0.3681
0.2775
0.4531
0.5380
0.4531
0.3398
0.2775
0.2662
8.0986
2.8600
5.2103
1.6424
0.7362
0.5380
0.4814
0.8778
0.5663
0.5380
0.4248
0.3964
0.4248
0.3115
0.2832
1.2176
2.7184
20.1616
25.4002
36.2456
25.3153
7.1925
3.9360
2.5768
1.5008
1.1327
0.9061
0.7646
0.6513
0.5947
0.7079
1.0194
1.0477
0.6230
0.4248
0.4248
0.4248
0.4814
0.5380
4.3042
2.8034
0.9345
2.1521
0.7079
1.0760
0.3964
0.4531
1.6990
3.3414
1.0194
1.9822
1.4725
15.2911
9.8543
4.7855
6.1731
9.6277
2.6618
1.6424
1.0194
0.9061
0.7929
0.7362
1.5857
0.8212
0.7929
0.9061
0.6796
0.5663
0.4814
3.3414
0.9061
0.5663
0.4814
0.5663
1.3309
0.8212
0.4814
0.4531
0.4248
0.3964
0.3964
0.3964
0.7362
2.7184
1.0194
0.6230
0.6230
0.5663
14.4982
6.4846
12.8275
5.1253
7.8721
9.1180
15.2345
6.8244
4.2475
2.1804
1.5008
1.4158
1.1327
1.0194
0.8212
0.8212
1.3026
1.4158
1.0194
0.7646
0.6796
0.6230
0.5380
0.4814
0.4814
0.4531
0.4248
0.4248
0.3964
0.3964
0.3964
0.5947
0.4814
0.9061
1.3026
0.5663
0.4248
1.6707
1.0477
0.7929
0.6230
0.6230
0.7079
0.4814
0.4248
1.5008
1.2743
0.6796
0.7646
13.2806
7.5323
11.4683
4.5590
15.3760
10.0242
9.3446
3.1149
1.6424
15.6309
23.9277
16.4804
17.7830
9.6277
4.2192
3.8511
2.3220
2.3220
2.7467
2.0954
1.8972
0.3115
0.3398
0.3681
0.3964
2.4636
1.0194
0.3964
0.3398
0.3115
0.2775
0.2633
0.2549
0.3115
0.2832
0.3115
0.3115
0.9911
0.4248
0.2832
0.5947
0.7646
0.6796
3.0582
0.9628
0.7079
0.6513
0.8778
3.0299
1.9255
5.9182
2.8034
0.9061
0.5380
1.9822
0.8212
0.5663
0.4248
1.8406
1.2743
0.5663
0.4531
1.5857
7.1075
3.3414
0.9628
0.9345
0.6796
3.6812
0.9345
0.5663
0.4814
0.4531
1.6707
3.7378
3.6246
2.5768
8.9764
5.7766
3.1149
3.4547
3.2848
28.8832
6.2297
3.5113
4.7855
6.0315
4.5590
2.8600
3.0582
9.0331
15.9990
6.3147
4.7289
7.1075
6.1448
7.8438
3.1149
5.8333
4.1626
3.4263
6.4846
7.2774
5.5501
3.8228
8.1836
5.2669
3.2281
4.0210
5.0687
4.9838
5.9182
3.2281
2.8600
3.6246
2.9733
1.2459
2.2653
6.2580
2.8600
15.9990
22.5119
5.9465
3.9360
3.0299
5.4368
5.2103
16.5937
41.3426
32.8475
33.9802
34.2634
54.6515
12.5160
8.2402
5.6067
4.4741
3.9360
4.4741
4.9838
3.5113
2.4919
1.8406
1.5008
1.3592
1.3026
1.2743
1.2176
1.2459
3.2848
110.7189
47.2891
35.9624
12.4028
7.0226
5.2953
6.5695
4.3891
5.6917
4.8139
3.9360
3.0582
2.6335
2.1804
1.9822
1.8406
1.5857
1.3026
1.1893
1.0760
1.1610
1.5291
5.6067
3.5113
3.5113
3.5113
1.5291
1.5291
1.5291
1.5291
1.5291
1.5291
1.5291
1.5291
1.5291
1.5291
1.5291
1.5291
1.5291
1.5291
1.5291
1.5291
1.5291
6.1448
6.1448
6.1448
6.1448
6.1448
6.1448
6.1448
6.1448
6.1448
6.1448
0.2549
0.2549
0.2549
0.2633
0.3681
0.4814
0.3398
0.5097
3.9360
1.4725
0.5663
0.5380
0.3964
0.3398
0.3398
0.3681
0.5380
0.3964
0.4814
0.4814
0.4531
0.3964
0.3398
0.3398
0.3398
0.3398
0.3115
0.3115
0.3115
0.3115
0.3398
0.3398
0.3398
0.3964
3.7378
2.2370
2.2653
2.6335
1.4442
0.5663
0.3964
0.3398
2.4069
1.5008
1.3592
3.5113
1.0194
0.6513
0.6796
0.5380
0.4531
0.4248
0.3681
0.3398
0.3398
0.3398
0.3398
0.8778
0.4814
0.3398
0.3398
1.0194
0.5380
0.4814
0.5663
0.4531
0.4248
0.3964
0.9345
2.4069
0.7646
0.4814
0.4248
4.0210
4.4174
2.5768
5.5218
33.6970
11.3834
2.1804
1.4442
1.0194
0.8778
3.9360
2.7184
0.8778
0.8212
0.8778
2.1804
2.8600
3.9360
1.3026
0.9628
5.6917
2.1804
1.5291
1.1044
9.6277
7.4473
14.0168
10.0808
7.8721
9.6277
5.2669
3.0582
2.1804
1.7556
1.5857
1.4158
1.2176
1.1044
1.0194
1.5291
7.8721
2.6335
3.0582
2.8600
10.5056
2.7184
2.0954
1.5291
1.3026
1.1327
1.0477
0.9628
0.9061
0.8778
13.1390
12.7143
6.5695
3.5113
2.4069
1.7556
1.6141
1.4442
1.3309
1.8406
1.2743
1.1610
1.0477
1.0760
0.9628
7.8721
2.6335
3.5113
2.2653
1.3026
1.0194
0.8778
0.7929
1.0194
0.8212
0.7929
0.7362
0.7079
0.7362
0.7079
0.6230
0.6230
11.8364
4.3325
2.1521
1.6424
1.2176
1.0477
0.9061
0.7362
0.7079
0.6796
0.6230
0.6230
1.5008
0.6796
1.9255
4.3042
1.4158
1.7556
3.5962
1.0194
3.3697
1.0194
1.6707
0.3964
0.3681
0.3681
0.4248
0.6230
0.4814
0.3964
0.3964
0.3964
1.1044
0.7362
0.4814
0.4248
0.4248
0.3964
0.3681
0.3398
0.3115
0.2832
0.2775
0.2775
1.5857
0.8778
1.4158
0.8212
0.4531
0.4531
0.4248
0.4531
0.3681
0.2832
0.2832
0.3681
0.3115
0.2775
0.2775
0.2775
0.2577
0.2577
0.2577
0.2379
0.2379
0.2379
0.2180
0.3681
0.3964
0.3681
0.3681
0.3398
0.5663
2.0954
1.2176
0.4248
0.3681
0.3115
0.3964
0.4531
0.8495
0.3398
0.2832
0.2832
0.3115
0.3398
1.9255
1.2743
0.5947
0.5097
0.4531
0.3964
0.3681
0.3398
0.3398
1.1893
0.5947
0.4248
0.3681
0.3398
0.3681
0.3681
0.3115
0.3115
0.2832
0.2832
0.2832
0.2832
0.3115
0.3115
0.3115
0.7929
1.3026
0.6796
1.4158
2.4919
0.9345
0.6230
0.5947
0.5380
0.5097
0.5097
0.4248
0.4248
0.3964
0.4531
5.2103
4.8988
19.7085
31.1485
13.1957
3.3414
3.1432
1.3875
0.9345
0.8212
1.4442
1.3026
0.8778
0.7079
0.6230
0.5947
0.5380
0.5380
0.7362
0.7079
0.5947
0.5380
0.5097
0.5097
0.5097
0.4814
0.4248
0.4248
0.3964
0.3681
0.3681
0.3681
0.3681
0.3681
0.8778
0.7929
0.9628
1.5857
20.0200
43.0416
7.3057
3.5962
2.8883
2.3786
1.3026
1.2176
5.1253
17.3582
21.4075
34.5466
33.9802
91.4634
23.0782
8.1553
5.9182
3.8228
3.1149
2.8883
35.6792
26.0232
8.5800
5.0687
3.8228
2.8883
2.5768
2.2653
6.0881
7.6172
40.4931
8.7499
4.3042
4.3042
5.0687
15.0362
7.0226
10.8737
4.7289
2.7184
1.8406
0.6230
0.5947
0.4814
0.4531
0.3681
0.3115
0.2832
0.9061
10.4772
2.3220
0.7929
0.5380
0.6230
0.5097
0.3964
0.3964
0.3964
0.3681
0.4248
2.9450
8.1836
1.5857
2.4069
5.1820
1.9822
2.8883
7.1358
4.5590
15.6026
14.2717
4.3042
4.3042
2.4636
1.8406
1.5857
1.2176
1.0194
1.9255
3.8228
7.5889
14.1584
7.4473
2.9450
3.3697
4.2475
1.4442
1.1610
0.9345
1.5008
5.7766
1.7840
4.1059
7.2208
1.5291
1.0760
1.0477
0.8495
1.0194
0.8212
0.7079
0.8495
0.7079
0.6796
0.6796
1.5008
1.4158
0.9628
1.9255
1.0194
1.2176
6.3147
1.7840
4.0776
6.9093
3.1149
10.7887
58.3327
35.1129
11.8364
6.0032
4.5590
3.8228
3.3697
2.3786
3.0582
2.6335
1.9255
2.0105
1.6424
2.4919
20.0766
24.4374
4.0776
3.8228
10.3356
13.7620
6.2580
3.5113
3.7661
2.3220
10.4772
9.9109
8.8349
7.9854
5.0687
6.6261
4.3042
2.8600
3.5396
1.9822
50.6872
8.0137
4.8139
3.8228
3.3414
2.3786
1.7273
1.4725
1.3592
1.2743
1.2176
1.1610
1.1044
1.0477
1.0194
1.0194
0.8495
0.7362
0.7079
0.6796
0.6796
0.6513
0.7079
0.7362
0.6230
0.6230
0.5947
0.5947
0.5663
0.6796
1.8972
2.6335
0.9061
0.6796
0.6796
2.6618
0.7079
0.8495
1.5291
0.8495
2.1804
0.7929
0.6230
0.8495
0.6230
2.9733
16.1123
3.5396
1.9255
3.8228
3.2848
3.0582
4.8988
8.7216
18.7458
15.3194
6.4279
3.3414
5.3519
3.5113
3.0582
3.6812
3.4547
1.8972
1.6141
1.3875
1.5574
1.7556
29.1664
42.7584
7.3907
3.1149
2.0954
0.3681
0.3681
0.3398
0.3115
0.3115
0.3681
0.3115
0.2832
0.2832
0.2775
1.9255
0.3964
0.3398
0.3681
9.9958
3.4263
1.0477
1.3309
0.9061
0.6796
0.6796
0.5663
1.2176
1.1044
5.4652
1.5574
0.7929
0.6796
1.7840
2.8600
1.4442
1.9822
0.9061
0.7079
0.6513
0.6230
1.2459
0.6796
0.5947
0.5663
0.7646
10.5056
3.5962
2.3786
1.8972
3.3414
2.8883
1.6990
18.8307
5.1820
3.9077
1.2459
0.9061
0.7929
0.8495
0.6796
0.5663
2.6618
1.1044
1.3875
7.5323
6.2580
5.7766
1.4725
3.2848
2.3786
1.6424
0.7929
0.6796
0.5663
0.5380
0.5097
0.4814
0.4814
0.4531
0.4531
0.4248
0.4248
0.4248
2.7467
5.6917
3.1432
2.0671
1.3026
0.9345
0.7646
0.6230
0.5380
0.5380
0.4814
0.4531
0.4248
0.4531
2.0954
1.2176
1.1044
0.7362
0.7929
3.7661
1.1044
0.9061
1.3026
1.7273
1.0477
0.8778
0.7079
0.6230
0.5663
0.5097
0.4814
0.4814
0.4531
0.4248
0.4248
0.4248
0.4531
0.9061
0.5380
0.4531
0.3964
0.3964
0.7646
0.4531
0.3964
0.3681
0.3115
0.3115
0.2832
0.2832
0.2832
0.2832
0.2832
0.2832
0.2775
0.2633
1.5574
5.5501
0.9911
2.8883
1.6424
0.7362
0.9345
0.7929
0.7646
0.4814
0.4814
1.2459
1.1044
0.4248
0.9345
0.9061
0.4814
0.3964
1.6990
10.2507
2.3220
2.6618
1.0477
0.6796
0.8495
0.9061
0.8212
0.8495
1.2176
1.0477
0.5097
0.5380
2.8034
1.1327
0.7079
0.4814
0.6513
0.4531
0.4531
2.3220
0.5947
0.7079
3.4263
4.2192
2.4069
1.5857
0.9628
0.4531
0.3681
0.3964
0.3398
0.3115
0.3115
0.2832
0.2832
0.2832
0.2832
0.2832
0.2775
0.2662
0.3681
0.8778
0.6796
0.3398
0.3681
0.7929
0.3681
0.3115
0.2775
0.2832
0.2775
0.2633
0.2633
0.2549
0.2549
0.2662
0.4248
0.3681
0.4531
0.3398
0.3115
0.3115
0.2832
0.2775
0.9345
0.3115
0.2775
2.3220
1.0477
0.3681
0.2832
0.2633
0.7362
14.2717
9.2030
2.6335
1.5008
0.6513
0.4814
0.3964
0.3964
0.3681
0.3964
0.3681
0.3115
0.2832
0.4248
0.3398
0.3115
0.5663
0.3964
2.9450
1.4158
0.5947
2.6618
1.1327
1.9255
0.6230
1.1610
0.5097
4.6440
0.7929
0.4814
0.3964
0.3964
9.2879
1.3592
1.8972
1.7556
1.0194
0.9061
0.6230
0.5380
4.4174
2.8883
0.9911
0.7079
0.5663
0.5380
3.4547
4.9554
1.5857
0.9345
2.0671
0.7646
0.5947
0.5097
0.4814
0.4531
0.4248
0.4248
0.3964
0.3681
0.3681
0.3398
0.3398
1.5291
1.2459
0.4814
3.3697
1.5857
0.8495
0.5947
1.4158
0.9061
0.6230
0.5097
0.4814
4.8988
1.2176
1.0194
0.9061
0.6513
0.5947
3.5396
1.1610
0.7929
0.6513
0.5663
0.5097
0.4814
0.4531
1.1044
3.3414
1.3026
1.3875
1.0477
0.6513
0.5663
0.4814
0.4814
6.5695
8.7499
0.8778
0.6513
3.5113
1.5291
26.2780
31.7149
8.4951
4.3325
4.0776
7.7588
4.2192
3.5113
3.1149
2.5485
2.0954
1.9822
1.2176
0.9911
0.9061
0.8212
0.7079
0.6796
0.6796
0.6230
0.6230
0.5663
0.5947
0.5947
0.5663
0.5380
0.5380
0.5380
0.5380
0.4814
0.4814
0.4814
0.3115
0.3115
0.3115
0.3115
0.4531
0.4248
0.5097
1.7273
0.7929
1.2459
3.7378
3.2281
0.8495
0.5097
0.3681
0.3398
0.3115
0.4531
0.3398
0.2832
0.3964
0.4814
1.2743
0.4248
0.3398
0.2832
0.2775
0.2832
0.3681
0.5380
1.5857
0.6513
0.3681
0.3398
0.3115
0.3115
0.3115
0.3115
0.3115
0.2775
0.2633
0.2492
0.2322
0.2067
0.2180
0.9061
0.3681
0.2322
0.1926
0.1926
0.1926
0.2180
0.2464
0.3964
0.2832
0.5380
0.3115
7.5889
61.4476
13.1390
14.9513
5.6917
19.0572
8.0703
10.5905
11.1568
19.4537
9.7127
17.2166
5.3519
3.7378
2.0954
3.3697
1.0194
5.7483
4.5590
6.9093
1.5291
0.8212
0.7079
1.4442
1.7556
14.4982
6.5695
2.1804
0.9628
0.7079
0.7079
0.9345
5.2953
4.7006
22.1721
6.6261
5.4652
6.4279
9.2313
2.3786
1.0477
0.9628
0.8212
0.6230
0.5380
0.5380
5.3802
1.3026
1.4725
1.8972
1.0194
1.5574
3.0299
1.1327
3.9360
32.2812
4.8705
2.4069
1.9255
1.4158
1.3026
1.5857
0.9628
0.8212
0.8212
0.8212
0.8212
1.3026
6.9093
6.7394
1.4442
3.0582
7.0226
1.9822
1.1044
0.9628
0.8778
3.1432
0.8212
0.6513
0.7079
0.3681
0.7079
1.4725
1.5008
1.1044
0.5380
4.8139
13.2240
5.4368
9.2030
3.9360
1.6141
1.1044
0.9628
0.7079
1.0194
4.5024
4.8988
1.6141
1.2743
6.4279
4.6440
2.0671
3.1998
8.1836
3.5396
1.6141
1.9255
1.4158
0.9628
1.1044
0.8212
0.7079
0.7079
2.8034
2.1521
1.1044
0.8212
0.5663
0.3681
0.3681
0.4248
0.6230
0.8778
0.3964
2.8034
1.2743
2.9733
0.7079
0.7079
0.7646
0.7079
0.5380
0.3964
0.3681
0.3398
0.2832
0.8495
0.3681
2.5768
4.2192
0.8212
0.5947
0.5097
0.4248
0.4248
0.3964
0.3681
0.6796
0.6230
0.4248
0.5097
1.4158
6.7960
1.2743
0.8212
0.5947
0.5380
0.4814
0.4531
0.5380
0.4531
18.0095
22.8234
8.9481
28.1753
78.4377
13.0541
11.8364
10.9586
9.6277
30.5822
24.0976
13.1390
10.0808
19.7085
12.7143
12.2612
4.9838
2.6335
2.2370
1.9822
1.7840
1.6707
1.5291
1.4158
5.6917
5.2669
1.7556
1.3026
1.1044
0.9061
0.8212
0.7929
0.7362
0.6513
0.6513
0.6230
0.5663
0.5380
0.4814
0.4248
0.4248
38.7941
33.1307
43.3248
17.4715
6.9093
4.8139
3.7378
2.4069
1.7556
1.5291
1.2743
7.5040
3.4547
1.9255
1.5857
1.5291
1.4158
1.2743
1.1327
1.0477
1.0194
0.9628
0.9061
20.5863
45.5901
18.2360
6.3147
8.5800
7.6172
3.7378
2.7184
2.3220
1.9255
1.5857
1.3026
1.3026
1.3026
25.4002
26.1081
17.6980
4.8139
4.2475
15.4327
5.4368
3.7378
2.7184
1.9255
1.9255
1.9255
2.3220
1.9255
1.5857
1.3026
1.8406
2.0954
7.2208
10.4206
16.1972
11.2984
102.5070
102.5070
62.2971
14.2717
6.9093
4.8139
3.7378
12.7426
47.2891
60.3149
80.9862
36.8119
21.5491
10.0808
22.9933
8.8065
5.8616
4.2475
2.7184
2.3220
2.3220
4.6440
3.7378
2.3220
2.3220
1.7556
1.3026
1.1044
1.5291
1.6141
3.5396
1.5857
1.2743
1.5291
1.6707
2.5485
1.1044
3.8511
4.0776
11.2701
5.9182
2.8883
1.6990
2.1804
1.9822
0.4248
0.4248
0.4814
4.4741
1.1044
0.5380
0.4248
0.4248
0.3964
0.3681
0.3398
0.3398
0.3964
2.9733
1.4442
2.4919
8.5517
1.9822
0.7929
0.6513
2.0105
5.7766
37.0951
14.2717
2.5485
1.0477
1.3026
2.0105
1.3026
4.5590
4.2475
1.1044
0.6513
0.6230
1.0760
1.3026
0.6513
0.6230
0.5663
0.5663
0.5380
0.4814
1.1044
0.8212
0.8778
4.2192
2.6618
1.5857
0.9628
1.2743
0.6513
3.4547
1.9255
1.5857
1.3026
1.3026
1.5857
1.5857
2.0954
0.6513
12.3461
9.4295
5.7483
3.1998
1.9255
1.3026
11.6949
5.8333
4.2192
4.2475
9.3729
4.8139
4.2475
3.1998
2.7184
3.7378
3.7378
3.6246
2.7184
2.3220
1.9255
1.9255
1.9255
1.9255
1.9255
1.5857
1.5857
1.5857
1.9255
1.9255
1.5857
1.5857
1.5857
1.5857
1.5857
1.5857
1.6990
1.5574
4.4174
10.9020
6.1731
1.9255
4.9838
2.6335
2.0671
4.9838
16.9052
4.8139
35.3961
48.1386
11.4400
9.9109
28.8832
15.9990
10.4206
12.8842
8.2402
4.8139
3.7378
3.7378
10.7321
37.9446
6.1448
7.3057
10.6471
43.0416
56.6337
30.0159
11.7515
9.7127
9.1180
5.4368
5.4368
9.7127
6.9093
6.4846
4.8139
3.7378
3.1998
1.5857
1.5857
1.3026
1.2176
1.1327
1.0477
0.9628
1.0477
0.9628
0.9628
0.8778
0.8778
0.8212
0.8212
0.7929
0.7929
0.7079
0.6513
0.6513
0.6513
0.6230
0.6230
0.6513
0.9911
0.6796
1.3592
0.7929
0.6230
2.0671
1.2176
0.7929
0.7079
0.6230
0.5663
0.5663
0.5380
0.4814
0.4814
0.5380
0.4814
0.4814
0.4248
0.4248
0.4248
0.3964
0.3398
0.3964
0.4248
0.4814
0.5097
0.4248
0.3398
0.3681
0.3115
0.2832
0.2832
0.2832
0.2832
0.2832
0.4248
0.3964
0.2832
0.2832
0.2832
0.2832
0.2832
0.2832
0.2832
0.2832
0.2832
0.2832
0.3115
0.3115
0.5947
1.4442
0.3115
0.3115
0.2832
0.2832
0.2832
1.0760
0.9061
0.4814
0.6230
1.6990
0.8495
0.5947
0.3115
0.4248
0.4248
0.3964
0.3115
0.3681
8.8915
5.1820
0.6513
0.4814
0.3964
0.3398
0.3964
0.3398
0.3398
0.6230
18.1794
146.3981
76.7387
17.5281
12.2329
5.2103
5.2953
5.2669
3.4263
3.9360
3.4263
4.7289
3.5113
3.5113
3.9360
5.2669
3.5113
4.1626
7.8721
15.7725
5.6917
0.8778
0.6230
5.2669
4.3891
12.2612
16.6503
4.1626
5.2669
1.3026
0.7362
0.6230
0.6230
0.5663
0.5663
0.5663
0.5663
0.5663
0.5380
0.5380
0.5380
0.5380
0.4814
0.5380
0.5380
0.4814
0.4814
0.4248
0.3964
0.3964
0.3964
0.3964
0.3964
1.4725
0.6230
0.3964
0.3681
0.3398
0.3398
0.3964
3.0582
9.3729
2.5768
0.7929
0.6230
0.5380
0.5380
0.5380
0.4814
0.6230
0.3398
0.3398
0.3398
0.3398
0.4248
0.4248
0.7929
0.6513
0.5380
0.5380
0.4248
0.4814
2.6335
0.6513
1.1044
0.8212
0.6230
0.4248
0.4248
0.6513
6.7960
1.5008
1.7556
0.8212
0.6513
0.7079
0.6230
0.5663
0.5663
2.0105
1.9255
1.4725
0.8212
0.7079
0.6230
0.5663
0.5380
0.5380
0.4814
0.4248
0.4248
0.4248
0.4248
0.4248
0.4248
0.4248
0.8778
4.0776
3.4263
0.9628
0.5380
0.4814
0.2832
0.3115
0.2832
0.2832
0.2407
0.2407
0.2407
0.2407
0.2407
1.1610
3.2848
0.2633
0.2407
0.2180
2.6335
1.2176
1.7556
1.6707
0.3681
0.3398
0.7079
1.3026
44.7406
15.4610
3.5113
0.6513
0.6230
0.5663
0.5663
0.5663
0.5380
0.5380
0.4814
0.6230
0.4814
0.3964
0.3681
0.3398
1.5857
0.3398
8.7499
8.8915
2.6618
1.6990
1.5857
1.6424
1.3026
0.8212
0.7079
4.5590
1.3309
0.7929
0.6230
0.5663
0.4814
0.3964
0.3681
0.3681
0.3398
0.3398
0.3398
0.3398
0.3115
0.3115
0.3115
0.3115
0.3115
0.3115
0.3115
0.3115
0.3115
0.3115
0.3115
0.3115
0.3115
0.3115
0.3115
0.3115
3.2848
0.7929
0.3398
0.3115
1.8406
0.7929
0.3398
0.3115
0.3115
0.3115
1.5291
24.3242
3.4263
4.5590
2.0671
0.5380
5.2669
2.7184
1.7556
1.5008
0.5380
0.5380
0.3681
0.3681
0.3398
2.7467
20.3315
2.8883
1.0477
0.7929
17.5281
15.7725
1.1327
0.6230
0.5663
0.5663
0.5663
0.5380
0.4814
0.4248
0.4814
0.4248
0.3964
0.3398
0.3115
0.3115
0.3115
0.2832
0.2832
0.2832
0.2832
0.2832
0.2832
0.2832
2.8600
1.1327
2.6335
6.1448
0.8778
0.6513
0.6230
0.5663
1.5574
0.6513
0.5663
7.3907
3.3414
1.4725
0.6230
0.4248
1.1327
0.6230
0.3398
0.3115
0.2633
0.3115
0.2633
0.2407
0.2180
0.2010
0.2010
0.2010
0.2010
0.2180
1.0477
1.3592
0.3398
0.2832
0.2407
0.2180
0.2067
0.2067
0.2067
0.2067
0.2067
0.2067
0.2067
0.2180
0.2633
0.2180
0.2180
0.2180
0.2407
0.3398
0.3681
0.3115
0.2464
0.2549
0.2464
0.2180
0.2180
0.2180
0.2095
0.2095
0.2095
0.2067
0.2067
0.1982
0.2095
0.2067
0.1982
0.1982
0.1982
0.1982
0.1982
0.1982
0.1982
0.2407
0.2407
1.0477
1.6707
0.8495
0.2832
0.2549
0.5947
1.6141
7.4473
0.7362
0.4814
0.9628
0.7362
0.4814
10.9586
2.2653
1.7556
1.7556
0.7929
0.6230
0.5663
0.5380
0.4814
0.4248
0.3964
0.3681
0.3681
0.3681
0.3681
0.3681
0.3681
0.3681
0.3681
0.3398
0.3398
0.3681
0.3964
0.3398
0.3681
0.3681
0.3681
0.4248
0.4814
0.3964
0.3964
1.7556
0.8778
0.4248
0.4248
0.6513
7.0226
7.4473
5.6917
4.8139
0.7929
1.1044
0.8212
0.9628
1.4442
0.6230
0.5663
0.7362
4.3891
1.7556
0.7362
0.6230
0.5380
0.4814
0.4248
0.4248
0.4248
0.6513
1.4158
1.3592
1.9822
0.7362
7.0509
7.3907
5.9465
12.7992
18.6608
14.0735
2.6335
1.7840
1.9255
1.6141
1.4725
1.5574
1.3026
0.9911
0.6796
1.1610
1.3026
1.6141
1.7273
2.4919
1.6141
0.5947
0.4814
0.4248
0.4248
0.4248
0.4814
0.4531
0.3964
0.3681
0.3398
0.3115
0.3115
0.2718
0.2832
0.3964
0.3681
0.3115
7.1075
2.6051
5.6917
5.2669
1.5857
0.9345
0.7362
0.8495
0.6513
0.5663
0.5380
0.4814
0.5097
28.2036
6.9659
3.4830
7.1358
3.1715
2.0954
6.1448
37.3782
5.8333
2.6335
1.6990
1.3026
0.9061
0.7362
0.6796
0.6513
0.5947
0.5663
0.7362
0.5947
0.5663
0.5097
0.4248
0.3964
0.3681
0.3964
1.8689
1.6990
4.2192
0.8212
0.5947
0.4248
2.7467
33.1307
3.6246
1.5008
0.7646
0.5663
0.5947
3.0865
0.7079
0.6513
3.3697
0.7929
1.6990
0.5947
0.5380
0.4531
0.3964
0.3681
1.5291
0.8212
0.4531
0.3681
0.3398
0.3115
0.2832
1.8123
1.5857
0.4248
0.3115
0.3115
0.3681
0.4531
0.5380
1.9822
0.3681
0.3115
0.2832
0.2803
0.2803
0.2662
0.2662
30.8654
37.0951
10.0242
2.2653
1.0194
1.1893
0.9911
1.0760
1.1610
1.1893
2.0105
0.6513
1.6990
0.6513
0.5663
0.4531
0.3964
1.2743
1.8689
0.4531
0.6513
1.0194
0.6513
38.5109
5.6067
2.3503
1.7840
1.4442
1.3592
1.2459
0.9628
0.7929
1.8123
3.4263
1.4725
0.7362
0.6513
6.3996
2.6335
1.3592
1.0477
0.9345
1.2459
0.8212
0.6513
0.5947
0.4814
0.4248
0.3964
0.6230
0.4814
2.3786
2.5202
1.1327
0.7362
0.5663
0.5097
0.4814
0.4531
0.4248
0.3964
0.4248
0.4248
0.4248
0.3964
0.3964
0.3964
2.6335
1.3309
0.5947
0.4814
0.4248
0.4248
0.3964
1.0760
14.2717
1.4158
0.7079
0.5663
0.5097
3.5962
2.3786
1.1893
0.7079
0.5663
0.4248
0.3115
0.3115
0.3115
0.3115
0.3398
0.5947
0.3964
0.2832
17.3865
8.3535
3.7095
2.0105
0.9628
0.7646
0.6230
0.4814
1.6990
1.8972
0.9628
1.1610
3.3980
0.8212
1.1044
0.5947
0.5663
1.6707
2.6618
2.6051
0.9061
0.6513
0.7362
1.3592
0.7646
0.6230
0.5663
0.5380
0.5097
0.4814
0.5097
0.6230
0.3681
0.3964
0.3398
0.6796
6.5695
7.1358
1.0760
0.6513
0.4531
1.1610
1.6424
0.5663
0.7362
0.4814
0.3964
0.4531
0.3398
0.8495
0.4531
0.3115
0.2803
0.5097
0.4814
1.4725
1.2176
0.8495
0.6796
0.3115
0.2803
2.3503
2.2937
0.7079
0.3681
0.2832
0.3681
5.0687
2.3786
2.6051
0.6513
0.8778
2.1804
7.9854
3.0865
4.8705
39.0772
11.7798
3.5113
1.8123
1.4158
1.1893
1.0194
0.8778
0.7362
0.6513
0.6230
0.6513
0.5663
0.5380
0.4814
0.6513
3.5113
2.2087
1.0477
1.2459
3.3697
5.3802
15.6026
5.1820
8.6650
2.5202
1.7556
1.0760
4.9554
1.1610
1.1327
1.3309
2.0388
1.3026
1.1044
3.0582
78.7208
56.9169
46.4396
13.7620
5.8333
4.4174
3.9644
4.2475
6.1448
3.9360
5.2103
2.4919
2.1804
2.0671
1.9822
2.1804
1.7556
1.9822
0.7929
0.5663
0.7079
0.5663
0.4814
0.4248
0.4248
0.3964
0.3681
0.3681
0.3681
0.3398
0.3398
1.1044
97.1268
13.7054
4.5590
5.4652
3.7945
2.6335
2.2370
2.0388
1.8689
4.4741
19.3970
6.6545
5.0404
3.6812
3.0016
22.0305
10.7887
5.0404
3.5113
2.6901
2.4636
16.1972
66.2614
8.5800
5.5501
9.1180
4.8139
4.5590
2.6335
2.4636
2.1804
1.9822
1.7556
1.5291
1.3026
1.2176
1.1893
1.1327
1.1044
1.0477
3.4830
3.2281
1.6990
1.3026
1.1044
1.0194
0.9061
0.8778
7.2774
2.0105
0.9628
0.8778
1.3026
0.9628
0.7929
0.7362
0.7079
0.7079
2.4919
5.5218
3.7661
3.4830
1.7556
0.9628
0.7929
4.3891
24.4374
21.1244
29.7327
10.9020
7.0226
9.8543
19.7085
15.3194
12.0913
9.6844
8.6650
2.4636
1.9539
1.7556
1.4158
1.2743
1.1610
1.0477
0.9345
0.2152
0.2152
0.7646
0.7362
0.2379
0.2605
0.2322
0.3964
0.4814
0.3398
0.2832
0.2605
0.2379
0.2464
0.2379
0.2379
0.2379
1.5008
10.8170
2.1521
0.7929
0.6230
0.5097
0.4531
0.4248
0.3964
0.3681
0.3681
0.3115
0.3115
0.3398
0.3398
0.8778
0.5097
0.3964
0.7362
0.5097
0.3681
0.3398
0.3398
0.3398
0.3398
0.3115
0.2832
0.3115
0.3398
0.5380
0.3681
1.2459
0.5097
0.3681
0.3398
0.3398
0.3398
0.3398
0.3115
0.2832
1.1610
3.1432
2.8034
0.8778
0.6796
1.5291
0.6230
0.4248
0.3681
0.3681
0.3398
0.3398
0.3964
0.8495
0.6230
0.4531
0.6796
0.7079
1.0194
0.5947
0.5663
0.5380
0.5097
0.4531
0.4814
0.5663
0.4814
0.4531
0.4814
0.4531
0.4248
0.4248
0.4248
0.4248
0.4248
0.3681
0.3964
0.3681
0.3681
0.4248
0.5097
20.9828
8.3252
2.5485
3.6529
4.2758
2.5485
2.2087
2.0388
3.4263
56.0674
7.7022
3.0016
2.0388
1.6990
1.5008
2.7467
1.9255
15.4610
2.7467
1.7556
1.5574
1.5291
2.8600
3.1715
15.6026
4.7289
2.9166
2.3786
1.8972
2.0388
3.4830
2.6051
2.5485
3.7945
2.2937
1.6707
1.3309
1.2176
1.1893
1.1044
1.0477
0.9911
0.8778
0.8495
0.8495
0.8495
0.9911
0.9628
1.1893
1.0477
0.9345
0.8778
1.0477
1.1327
0.8495
0.7362
0.7079
0.7646
5.1253
2.6335
1.4725
1.0194
2.8034
2.8034
1.4158
1.0477
9.1180
42.7584
125.7268
52.9525
16.1123
5.2669
3.3697
11.6949
13.1390
4.1343
2.3220
2.3220
10.8737
9.9958
2.6618
2.0671
15.8574
5.4368
1.8689
0.7929
9.1463
3.5113
25.6267
3.4547
2.0388
1.3026
0.8495
0.7362
0.6796
0.6513
0.5947
0.5663
0.5663
0.5663
0.5663
0.6796
0.6513
0.5663
1.3592
0.5380
1.3026
1.4442
3.8228
1.0760
0.6230
0.5663
3.6246
0.8495
0.6796
0.6230
0.6230
0.6230
0.5947
0.5947
0.6230
3.5962
1.0194
0.6230
2.4919
0.7646
0.6230
0.5947
0.5663
0.5380
1.3026
0.5663
0.6230
0.5663
0.5097
0.5380
0.5097
0.5380
0.5380
0.5380
0.5380
0.6230
0.5663
0.5380
0.5380
0.5380
0.5380
0.5663
0.5947
0.5380
0.6230
0.6513
0.5947
4.5590
10.3923
1.1893
0.8212
0.7079
0.6513
0.6513
0.6230
0.6230
0.6230
0.5947
0.5663
0.5663
0.5663
0.5663
0.5380
0.5380
0.5663
0.5380
0.5663
0.5947
0.5663
0.5380
1.4725
1.9539
1.7273
14.9796
11.3834
25.0887
3.9927
2.6335
3.0865
3.0582
1.8972
2.3220
1.9255
2.2087
3.0582
3.1149
2.2370
1.1610
1.3309
3.0582
9.8259
2.1238
1.5008
0.9345
1.1893
0.9911
0.7362
0.7079
0.6513
0.9061
0.6796
0.6513
0.6513
0.6513
0.6513
0.6230
0.5947
0.5947
0.8495
0.6796
1.2743
2.0388
7.3907
12.3461
4.4174
3.8511
3.8794
1.4442
1.1044
1.5574
0.8495
0.8212
1.1610
5.0404
1.6424
5.1820
3.8511
1.3026
1.6424
4.5024
9.7127
3.7378
1.6141
1.1610
7.3057
2.5202
8.2685
82.4020
73.9070
18.4343
9.8259
8.0986
3.2281
1.9822
1.5291
1.9822
1.1327
0.9628
1.1044
1.0194
0.8778
6.2580
4.2192
3.8794
4.5024
4.2475
3.2848
1.6424
1.2176
2.1521
6.7111
3.5113
1.3026
1.1044
0.8778
3.7378
3.0582
6.5695
1.5291
1.3026
0.8778
0.7079
0.6513
0.6230
0.5663
1.9822
0.8778
0.6230
0.5380
0.4814
0.4248
0.4814
0.5380
1.4725
3.0299
0.9061
0.8495
0.8778
2.2653
0.7929
2.5768
34.2634
18.3210
20.8412
16.9618
22.9933
19.9634
11.9214
16.6786
23.5313
12.4311
5.4368
2.3786
5.2103
6.5695
1.9255
1.3592
1.7840
1.2459
1.1044
1.6990
1.0194
4.2192
48.7050
6.2297
2.9450
42.7584
33.4139
9.1463
6.3147
4.2192
4.2192
5.7483
4.6440
4.3891
3.2848
1.6141
1.3592
1.2176
1.1893
1.1893
4.7006
9.4578
7.0509
13.0541
23.2198
8.4101
36.2456
8.9764
18.1794
28.2885
10.1091
9.7693
6.9659
25.0604
11.8364
5.2953
3.9360
3.5113
3.1432
3.5113
2.8600
4.8139
3.0582
2.6335
7.7022
3.0582
17.4432
33.6970
7.4473
5.1253
23.7295
54.3683
7.3057
9.1463
20.5014
6.7960
5.1820
4.5590
5.1820
3.6246
3.3697
3.4830
5.2669
3.3414
3.6246
4.7855
3.0582
2.6335
2.1804
1.9822
1.7556
1.5291
1.7556
1.3026
1.1893
1.1044
2.6335
7.5040
1.5291
1.1044
1.0194
0.9061
0.8778
0.8212
0.8212
0.8212
0.7929
0.7929
0.7929
0.7362
0.7362
0.8495
1.0477
1.2176
1.1610
1.1893
1.1327
1.3592
1.1610
1.0477
0.9911
0.9345
1.5574
2.0388
0.9911
0.8778
0.7929
0.7362
0.7079
0.6513
0.7079
0.7362
0.6513
0.6230
0.5663
0.5380
0.5380
0.5380
0.5663
0.5663
0.6513
0.6230
0.5663
0.5380
0.5380
0.5380
0.5097
0.5097
0.5097
0.5380
5.8616
6.9659
0.5663
0.6230
0.5380
0.5380
0.4814
0.4814
0.4814
0.4814
0.6230
0.5380
0.5380
2.2653
0.9628
14.4982
4.0210
1.5291
2.0105
1.3026
2.0671
1.9255
1.6141
1.1893
0.9628
0.8778
0.7929
0.7362
1.8406
2.0105
1.0477
2.4636
1.3026
3.6246
1.5008
0.7929
4.7006
1.2176
0.8778
1.7840
3.9927
1.4158
0.9628
1.1044
2.0671
12.9125
21.3226
18.8307
6.0032
2.2370
1.9822
9.1463
72.7743
6.9093
3.4263
2.4069
2.6335
3.0299
3.4263
4.2192
3.3697
1.5008
1.2176
1.6141
1.7556
1.2176
1.1327
1.4442
8.5800
3.0582
1.5291
3.1432
5.8333
3.3414
1.4158
1.2176
3.1432
3.4263
2.7184
3.5962
1.6707
1.1327
2.3786
7.5889
4.2192
1.4158
1.1044
1.0477
1.4158
0.9628
0.8778
0.8212
3.1998
0.9628
3.3414
0.9628
1.5008
0.8212
0.7362
0.7079
0.6513
0.6230
0.6230
0.5663
0.5380
0.5380
0.5380
0.4814
1.2743
0.7079
0.5663
0.5380
1.6707
1.5008
1.1893
1.2743
0.6513
0.5663
0.5380
0.5380
0.5380
0.4814
0.4814
0.4814
0.4814
0.4814
0.4248
0.4814
0.8778
0.5663
9.9109
7.4473
2.8034
2.0954
1.0477
0.8778
0.7929
0.7362
4.0210
5.5501
1.6990
2.0671
1.6141
0.8778
0.8212
0.7929
0.6513
0.7362
0.7362
0.7079
0.7929
7.2208
1.6990
1.0194
0.7929
0.7362
0.7079
0.6513
0.6513
0.9628
0.7929
0.6513
0.6230
0.5663
0.5663
0.5663
0.5380
0.5380
0.5380
0.5380
0.5380
0.9061
0.9061
0.7929
0.9628
0.5663
0.5663
0.5380
0.5380
0.5380
0.5380
0.5380
0.4814
0.4814
0.3681
0.3398
0.3681
0.3681
0.3398
1.2459
0.5663
0.4531
0.4248
0.3964
3.2848
0.5947
0.5097
1.0194
26.9576
52.9525
13.9885
2.4069
1.3026
0.9628
0.7646
0.6513
0.5947
0.5663
0.5380
0.5097
0.4814
0.4531
0.4248
0.4248
0.4248
0.8212
0.8778
1.1327
10.1941
14.1584
9.4861
4.9271
2.6901
1.6141
1.1893
1.3026
9.8826
2.4919
1.0477
2.5768
2.7184
0.9345
0.7362
0.7646
0.6513
0.8778
0.7646
16.1123
7.3341
4.3325
4.8139
3.1432
1.4442
1.0194
0.8212
0.7362
0.6513
0.6513
13.1957
9.3729
2.6335
1.5574
1.1044
0.9061
0.7929
0.7079
0.6513
0.5947
0.5947
0.5663
0.5380
0.5380
1.1610
0.5947
0.5097
1.0760
1.4158
4.1909
1.3875
1.6424
8.2685
3.0582
5.6351
37.9446
27.4673
28.6000
17.6414
7.0792
7.0509
6.0315
2.9166
2.2370
1.3875
1.1893
1.0477
0.8778
0.8495
1.1893
5.4935
7.6172
2.0954
1.2743
1.0477
1.0477
0.8778
0.7929
0.7362
0.7079
0.7079
9.5994
3.7661
1.7556
1.2743
1.0477
0.9911
1.5574
1.0194
0.8778
0.7929
0.7362
0.7362
0.7079
0.6513
0.6513
0.6230
0.6230
12.1762
18.3493
27.3824
12.6010
16.6786
18.6325
19.1422
4.0210
5.1820
2.5768
1.9539
1.4442
1.1893
1.1610
1.1044
1.0477
1.0477
1.3026
0.9628
1.1893
1.0477
0.8212
0.7929
0.7079
0.8495
0.8212
0.9345
0.8495
0.7079
0.6513
3.3131
2.6335
0.9628
0.7646
0.7362
3.6529
2.5202
1.2459
4.2758
7.0226
20.1050
22.5968
9.3446
5.1253
11.9497
9.6277
8.4384
3.2281
2.4636
2.5202
1.3875
6.3996
0.9061
0.7646
0.6230
0.4814
0.4531
0.5380
0.5097
0.5947
0.4814
0.4248
0.4248
0.4248
0.3964
0.3964
0.4248
0.3964
3.5962
6.0881
2.5202
0.6513
0.9061
0.6513
0.3964
0.3398
0.3398
0.5663
0.3398
0.3398
0.3398
0.2832
0.6796
1.3309
0.3681
0.2832
0.6513
0.3681
1.3592
0.5947
0.8495
0.7079
1.5291
0.4248
0.3398
0.3115
0.3115
0.4248
0.4248
0.4248
5.0121
0.7362
2.0105
12.6293
28.0903
11.9497
134.5050
57.4832
31.7149
14.3566
17.1883
8.3535
14.3000
8.7216
5.1537
3.8794
4.0493
2.3220
49.2713
22.5968
22.6535
7.8721
4.1343
3.9360
4.1343
2.4919
6.5412
29.1664
8.8065
5.0404
3.1715
3.2281
3.0865
47.8555
28.6000
10.9020
5.6917
4.4457
4.4457
5.4652
3.4547
10.9303
4.7289
4.8422
3.8228
6.5695
6.8244
3.7378
2.8883
2.6901
2.6051
2.3503
1.5008
1.4158
1.4158
1.3309
2.8317
15.1212
5.0970
3.5396
2.9166
2.6618
3.0865
4.2758
3.4547
2.6051
2.4352
2.0105
7.7588
4.5873
2.0671
1.6424
1.6424
1.5008
1.3592
1.3026
1.1893
1.2176
1.1610
1.1044
0.9911
0.9628
0.9628
0.9628
1.3875
1.2459
1.1893
14.0735
3.3980
2.2370
1.8689
1.6141
15.1778
45.3070
6.7960
4.1909
2.6051
3.1432
2.2653
1.6990
1.4442
2.0954
1.6141
1.3875
1.2743
1.1610
1.0477
1.0477
1.0477
0.9911
0.9628
0.9345
0.9345
5.6351
3.0299
2.8317
3.3980
118.9308
25.4852
5.0970
3.1149
1.9822
1.6990
1.4158
1.5291
1.6990
4.8139
3.6812
2.8317
2.8317
2.4069
1.9822
1.4158
57.7664
6.7960
2.1521
2.1521
1.7556
1.3309
1.2176
1.2459
1.2176
1.1327
1.1044
1.0760
1.0760
1.0477
1.1327
2.2937
6.4279
5.0404
3.6529
2.3786
1.5008
1.2459
1.1327
1.1044
1.0760
1.0477
1.0477
1.0477
0.9911
0.9911
0.9911
0.9911
0.9911
0.9911
0.9628
0.9628
0.9628
0.9628
0.9911
0.9628
0.9628
0.9911
1.7556
19.3687
14.0735
2.6051
1.7556
1.5574
1.3592
1.3026
1.2459
1.1893
1.1044
1.6707
1.3026
1.1044
1.0477
1.0477
6.7111
26.4479
26.8444
48.4218
15.5176
7.0226
4.6440
2.5768
2.0954
1.7840
16.0840
5.2669
2.8883
2.4069
2.4069
3.8228
5.6634
3.7378
5.8899
4.2758
36.2456
6.4279
3.9644
3.6812
3.2281
3.1715
24.8339
33.4139
4.9838
3.3980
3.1432
2.9733
2.6901
2.4636
7.6455
10.0808
3.5396
2.8034
3.7945
3.3414
3.3697
2.5768
2.4919
2.2937
2.2087
2.1238
2.6051
2.3220
2.0954
2.0105
1.9255
1.8689
1.8123
1.8123
2.0105
1.8123
1.7840
1.6707
1.5857
1.5574
1.5291
1.5008
4.5024
5.0404
84.6674
94.2951
45.5901
7.5323
3.3131
2.4352
2.5485
1.7556
1.6141
1.5291
1.5008
1.7840
1.3875
1.3592
1.3309
1.7556
2.4069
2.3786
11.2984
42.7584
16.7919
16.7636
6.5978
3.3980
5.1537
2.8317
2.4919
1.7556
1.5574
1.8689
3.3980
18.4909
5.9749
2.9166
2.6618
2.1521
2.2937
2.7467
2.0105
1.5574
1.5008
1.5008
1.5008
1.5008
1.5008
1.7273
1.6424
1.5008
1.5008
1.4725
1.4725
1.4725
1.9255
1.5008
1.4725
1.4442
1.4442
1.4442
1.4442
16.2256
1.7273
1.3026
1.0760
0.9911
0.9345
0.9345
0.9345
1.1044
0.9911
0.9345
2.5202
2.9166
1.0760
0.9628
0.9345
0.9911
0.9061
0.9061
0.9345
0.9911
1.7273
1.2743
0.9911
0.9061
0.8495
0.8495
1.1610
1.4725
1.0477
0.9345
0.9061
0.8778
0.8778
0.8778
1.1044
0.9345
1.6424
1.2459
7.5040
1.4442
1.1327
1.0760
6.6545
2.2370
1.5008
2.5768
1.8972
1.3875
1.2176
3.0299
5.3802
2.4919
3.3131
1.8689
1.6990
1.2176
1.1044
1.0477
1.0477
1.0194
1.0194
0.9911
0.9345
0.9345
0.9345
0.9345
0.9061
0.9061
2.4069
1.1044
1.3309
0.9911
1.0477
0.9345
0.9061
0.8778
0.8778
0.8778
0.8778
0.8778
0.8778
0.8495
0.8495
0.8778
7.2208
4.1909
7.9287
4.9838
2.8034
2.4636
1.4442
1.1893
3.0582
1.3592
4.6440
2.0105
1.2743
1.3875
1.2743
1.1044
1.0760
1.0477
14.6398
3.8511
10.4772
18.3210
2.5768
1.8123
4.4457
5.4935
2.3220
1.8123
1.8123
1.6424
1.5008
1.6424
3.5679
2.3220
1.7556
1.6707
3.1715
1.5008
1.3875
1.3026
1.2743
1.1610
1.1610
1.1327
1.1044
1.0477
1.0194
1.0477
1.2459
1.0477
1.0194
2.5768
3.0299
1.4442
1.1610
1.1327
1.5008
1.1893
1.1044
1.0760
1.0477
1.0194
0.9911
0.9911
1.0194
0.9911
0.9628
0.9628
0.9628
0.9345
0.9061
0.9061
0.8778
0.8778
0.8778
0.8778
0.8495
0.8778
0.8778
0.8495
0.8212
0.8212
1.0477
0.8778
1.1893
1.1044
0.8778
0.8212
0.8212
0.8495
0.8212
0.8212
0.8212
0.8495
0.8495
0.8778
0.8778
0.8212
0.9061
4.4741
6.1164
1.1044
0.6513
0.5947
0.5097
0.4531
0.4531
0.4531
0.4531
0.3964
0.3964
0.3964
0.3964
0.3964
0.3964
0.3964
0.5663
0.7929
1.6707
0.8778
0.8495
0.5663
0.5947
1.0194
0.4814
0.5663
0.7362
0.5380
0.4531
0.4248
0.4248
0.3964
0.3964
0.3681
0.9345
1.2459
0.4531
0.3964
0.4248
0.3964
0.5947
0.7929
0.5380
1.2176
3.5679
0.5947
0.5097
0.5097
23.0782
3.3131
1.6424
1.6424
1.0760
3.1715
7.6172
1.4725
1.0760
1.1610
9.9675
3.3697
16.3105
7.6739
9.0331
3.5113
1.9822
1.3592
2.5202
1.6424
4.4457
1.4442
1.1893
0.9911
0.9628
0.8495
0.7929
0.9061
2.3220
17.1883
16.1123
5.2386
7.6739
17.0184
7.2208
9.9392
7.5606
6.1731
3.2564
2.9733
2.8600
2.2087
1.8406
1.5574
1.3875
1.2459
19.7652
4.9838
3.5962
4.7572
11.1568
3.8794
10.1657
12.4311
9.2030
7.9004
10.5056
14.6398
4.2475
3.0299
2.6051
2.9166
4.3325
2.4919
2.1238
1.9255
1.8123
2.1238
33.9802
19.8218
5.6634
4.2475
19.8218
11.3267
5.9465
5.4368
5.2103
4.0776
3.3131
2.7467
2.4352
1.9255
1.2459
1.1044
0.9345
0.8495
0.7929
0.8212
0.7646
0.7079
0.6796
0.6796
1.2176
0.5947
0.5663
4.8988
10.3640
3.2564
1.6707
1.2459
1.0760
1.3875
3.5396
7.3624
5.4085
4.1059
1.5574
2.8034
1.9822
3.1715
2.8034
1.6990
1.2459
0.9911
1.0194
0.9911
0.9345
0.8778
0.8778
6.1731
17.1883
5.8333
7.8721
7.2491
9.3162
19.2555
8.0986
4.2192
2.7467
2.4919
11.4400
8.2119
0.9345
0.6230
0.5097
0.4531
0.3964
0.3398
0.3398
0.3398
0.3398
0.3398
0.3398
0.3964
0.3398
0.3115
0.2832
0.2832
0.2832
1.6424
0.7929
0.8212
0.7362
0.5947
0.7079
0.8495
0.8495
3.3697
1.0477
0.5380
1.3309
3.5679
1.9539
0.8495
0.7079
0.5947
0.4531
0.3964
0.3964
0.5663
2.0671
1.4442
2.8034
2.5768
1.5291
1.0477
0.7929
2.2937
0.7929
0.9911
1.3026
0.9061
0.7929
2.9450
0.8212
0.6796
0.7079
13.8186
1.9822
1.0760
0.7646
0.6796
1.0477
0.9061
2.3220
0.7929
0.7646
0.5380
0.8212
1.3875
1.5291
3.6246
2.4069
3.6812
2.7467
1.7556
15.0646
10.7038
4.5590
3.5113
33.4139
57.7664
11.0436
4.9271
4.3325
4.4741
2.5485
2.1521
1.8406
5.3236
4.6156
5.0404
4.0210
2.6618
3.4547
3.6812
2.0954
3.9077
2.2087
2.8034
7.7305
13.3372
4.2475
3.4263
2.8600
2.6618
2.4919
2.3786
2.4919
2.4919
2.5485
2.5485
2.3786
2.0388
0.9911
0.9061
32.2812
6.7677
2.9166
2.0671
2.4352
1.6707
1.3592
1.3026
1.1327
1.1044
0.9911
0.9345
27.8638
19.8501
3.9644
2.3786
2.8034
6.9093
21.0111
4.1343
3.6812
4.7572
3.1715
2.0671
1.8406
1.3026
2.9166
2.9733
8.5517
2.4352
23.8711
14.9230
7.1925
5.7200
3.7378
3.0299
2.6901
11.8364
11.9214
28.8832
16.3388
6.7394
6.5695
4.4174
6.1164
3.9077
3.2281
2.8034
2.6618
2.4919
2.2937
2.6335
2.4069
1.3875
1.2176
1.1327
1.0477
1.0194
0.9345
0.9345
2.7467
1.1044
0.9628
0.9061
0.9345
0.9061
0.8778
0.8495
0.8495
0.5663
0.7362
0.4531
13.8753
2.8034
0.9911
0.7079
0.6230
0.5663
0.5380
0.6230
2.0388
0.8778
0.6796
0.5947
0.5947
0.5380
0.5097
0.4814
0.4531
0.4248
0.3964
0.3964
0.3964
0.3964
0.5097
2.3503
1.3026
14.6681
4.2192
1.6424
1.1327
1.1610
0.9628
3.4263
2.4352
11.4400
6.2014
2.0954
2.0388
7.4190
2.5768
1.5291
2.2653
2.5202
1.3875
1.0477
0.9345
1.9255
0.9061
0.7929
0.7362
0.6796
0.6796
0.7646
1.3592
1.5291
0.9911
0.6796
0.6796
0.6513
0.5947
0.5947
0.7362
0.6230
0.5380
0.5097
0.5097
0.5097
0.5380
0.5097
0.4814
0.4814
0.4531
0.4531
0.4531
7.6455
9.5994
6.3147
2.2370
1.6424
1.2743
1.1044
1.0477
0.9061
0.8495
5.0970
1.3875
0.9628
0.8212
0.7929
1.0194
0.9061
0.7929
0.7646
0.6230
0.5947
5.9465
1.4725
0.9911
0.8212
0.7362
0.6796
0.6230
0.5947
0.5663
0.5663
0.5380
0.5380
0.5097
0.5097
0.4814
0.5380
0.5097
0.5380
0.6513
0.5380
0.5097
1.3875
0.9628
1.8972
2.1521
0.8212
0.9061
6.0598
1.2743
0.6796
0.5663
0.5380
0.4814
0.7929
0.8212
0.5380
0.4531
0.4531
0.4531
0.4531
0.4531
0.4531
0.5097
0.5097
0.4531
0.5380
0.8495
0.5663
0.5380
0.8495
0.9911
0.5947
0.5380
0.5097
0.4814
0.4531
0.4814
0.4531
5.0121
1.7273
0.5947
2.9166
2.3220
3.5396
29.4495
14.8097
4.1059
2.3786
1.2176
4.3325
10.4772
1.9255
1.5857
1.6707
1.5574
1.5574
1.9255
3.2848
2.4919
5.6917
5.1820
1.3592
1.6424
7.5323
2.9733
0.7646
0.3964
0.3964
0.3681
0.3681
0.3681
0.5097
4.7855
0.5947
0.3964
0.9345
0.5097
0.6796
0.7646
0.4531
0.5380
0.3964
1.6424
0.6230
0.4531
0.3681
0.3398
0.5097
0.3964
0.6230
0.3681
0.3398
0.4531
0.9061
3.5962
0.5947
0.4531
1.7840
0.5663
0.3964
0.3398
0.3398
0.3115
0.2832
0.2832
0.3115
6.7394
8.8065
1.2743
0.5097
0.3964
0.3398
0.3964
0.3115
23.7578
40.7763
16.5654
8.5800
6.3430
21.0961
11.3834
6.5412
4.1909
7.2491
5.7200
3.5396
79.8535
25.4852
10.1941
5.5218
4.5307
3.9077
3.9644
2.4352
1.4442
9.7976
5.4085
2.2087
1.4725
1.1893
1.0760
0.9628
0.8778
0.7646
0.7362
0.6513
0.6230
0.6513
4.1909
1.3309
0.9061
0.7929
0.7362
0.6796
0.6230
4.3891
1.5574
13.3939
4.7855
3.0016
2.0671
2.7184
12.5444
11.6382
12.1762
9.5994
3.8228
9.0614
30.8654
24.1543
56.9169
34.2634
16.1689
11.1002
8.6366
5.5784
4.5873
4.2758
4.2475
2.9166
12.6010
5.5501
3.6246
3.6529
5.4368
3.8228
5.2386
12.6293
6.4846
6.4279
29.7327
6.4562
3.7661
2.7751
2.2937
2.6335
2.8034
4.0493
6.7677
2.4636
1.8972
1.4158
1.2459
3.4830
1.5008
1.0760
0.9911
1.0194
1.0760
0.8495
0.7646
0.8212
0.9061
0.8778
2.6901
0.8495
0.5663
1.3309
1.5574
1.7840
19.5103
32.8475
10.7321
6.5412
7.6172
2.5485
2.0671
32.2812
5.5218
3.4263
2.5485
2.2087
2.6618
3.1149
6.1731
2.7467
8.5517
23.4463
12.0063
4.2475
2.6618
2.0105
1.7556
1.5291
1.4158
1.3026
1.2743
0.4248
0.3964
0.3964
0.3681
0.3681
0.3681
0.9628
1.3592
0.5947
0.5663
0.4531
0.3964
0.3964
0.5380
0.5947
1.1327
0.5380
0.4248
0.3964
0.3681
0.3681
0.3398
0.3398
0.3398
0.3398
0.3398
0.3681
3.7378
0.7646
0.5097
0.6796
0.5097
0.3964
0.3681
0.3964
0.3681
0.5947
0.7362
1.3592
1.3592
10.1941
6.5129
2.0671
0.7646
0.6513
1.9822
11.6099
9.5145
14.3566
2.3503
20.5014
83.8179
30.5822
7.6455
4.8422
3.2848
2.8034
2.9733
2.0105
1.5574
1.3592
1.3875
1.2459
0.9628
0.9061
0.8495
0.7929
0.7929
0.7929
2.2653
0.8495
0.7646
0.9911
0.7646
0.7362
1.0760
0.9628
1.0194
0.7079
0.7362
3.6246
7.2774
16.6220
4.8705
3.9644
3.1149
11.3267
5.5218
3.9077
1.9255
1.6990
1.9822
5.0121
2.5202
4.4174
7.1925
5.8333
5.3802
11.9497
14.3283
24.1260
28.6000
7.1925
4.1343
4.0493
4.9838
2.1521
1.6990
1.4158
1.2743
1.1893
2.2653
4.5307
3.1149
1.6990
3.4263
2.4069
1.6424
1.7273
1.7556
2.2937
28.6000
86.0832
21.0961
5.6634
3.3980
3.1432
3.0299
2.5485
4.3608
4.4457
2.1804
2.1238
2.0671
1.9255
1.4158
3.7661
2.6335
1.7273
4.4741
4.7289
1.8123
0.8212
0.8778
0.6796
1.1044
0.5663
0.4248
0.3681
0.3681
0.3398
0.3398
0.2775
0.2633
0.2492
0.2633
0.3964
0.2633
0.8212
0.6230
1.4725
2.0671
4.8139
2.3220
5.5218
0.8778
3.3980
1.0194
0.6230
0.3115
0.2775
0.3115
0.3398
1.5857
1.3309
0.3681
0.2633
0.3681
6.3713
4.4741
0.7079
0.3681
0.3115
0.3115
0.3115
0.3115
0.3115
0.7079
5.0404
1.3592
0.4531
0.3398
0.3115
0.3115
0.3115
1.5291
0.6230
0.3681
0.3398
0.3115
0.7362
10.7604
0.8778
0.4814
0.3681
0.3398
0.3115
2.1238
1.0760
0.4814
0.3681
0.3398
0.3398
0.3398
0.3115
0.3115
0.3115
0.6796
7.1642
1.3026
4.6440
7.1642
1.9822
2.6335
1.2176
0.6513
0.5380
0.6230
0.5947
0.4531
0.4248
0.3964
0.3681
0.3681
0.3681
3.4547
12.4877
23.6446
29.1664
6.9376
2.3786
1.4725
1.1044
0.6513
0.5663
0.4531
0.3964
0.3681
0.3398
0.3398
0.3115
0.3115
0.3115
0.2832
3.0865
9.7693
1.7273
0.8778
0.6796
0.5663
0.4814
0.4814
0.4248
0.3681
0.3398
0.3115
0.3115
0.2832
0.2832
0.2832
0.2775
0.2775
0.2775
0.2775
0.3115
0.3964
0.5663
0.5663
0.3398
18.2644
25.0604
17.3299
4.7006
7.1925
2.6618
1.7840
2.2370
1.9822
1.7840
2.0671
0.6513
0.4248
0.3398
0.3398
0.4531
0.5947
0.3115
0.2832
0.2832
0.2775
0.2633
0.2492
0.2265
6.4846
3.4547
1.1327
0.5663
0.4531
0.3681
13.2806
45.0238
7.5323
4.0210
2.2937
1.7840
1.4725
1.2459
1.3592
1.2459
2.1521
7.7871
11.9780
4.4457
2.5768
1.5857
1.4725
3.2281
1.3026
0.8778
0.7362
0.7079
0.7079
0.6796
0.5947
11.0436
2.6051
1.3592
1.0477
0.9061
0.8495
0.7362
0.7362
3.2281
1.3026
0.7646
0.6796
0.6230
0.5663
0.5663
0.6230
5.2953
12.6859
5.3236
1.1893
1.4442
2.3220
2.2937
1.5574
1.1327
6.7677
13.9602
3.5962
2.2370
1.5857
8.1553
0.3398
0.3115
0.4531
0.4814
1.0194
0.3681
0.3398
0.3398
0.3398
0.3398
0.3398
0.3398
0.3681
2.1804
2.9733
0.6513
0.4531
0.3964
0.3681
0.3398
0.3398
0.4531
0.5380
0.3398
0.3964
0.3964
0.3681
0.4531
0.3964
0.3681
0.3398
0.3398
0.3398
0.3398
0.3398
0.3398
0.4248
0.3964
1.2176
0.4814
0.3681
0.3398
0.3398
0.3398
0.3398
0.3398
0.3681
0.4248
0.3964
0.3681
0.3398
0.3398
0.3398
0.3398
1.4442
3.5113
0.6230
0.4248
0.3681
0.3398
0.3964
0.3681
0.3398
0.3398
0.3115
0.3115
1.6424
1.3875
1.6141
0.5380
0.3964
0.3964
0.3681
0.3398
0.3398
0.3398
0.3398
0.3398
0.3398
0.3398
0.3964
0.3681
0.3398
0.3398
0.3398
0.3398
0.3681
0.8212
0.5380
0.6513
0.5097
0.3964
0.3681
1.8406
1.3875
0.5663
0.4248
0.4531
0.4531
0.4248
0.4248
0.5097
0.9911
2.7467
1.6141
0.7929
0.5947
0.5380
0.9628
0.6513
0.6230
0.6513
0.5380
0.4814
0.4531
0.6513
0.8212
0.7646
1.9539
1.5574
0.7929
0.6230
0.6513
1.9539
0.8495
0.9061
0.6513
0.5380
0.4814
0.4248
0.3964
0.3964
0.3681
0.3398
0.3681
0.4248
0.3964
1.1044
0.7646
0.4814
0.3964
0.3398
0.3398
0.3398
0.3115
2.0954
0.8212
0.6230
1.3875
5.5218
12.0347
3.1432
6.5695
15.8008
4.1909
1.6707
1.1327
1.3592
2.1804
2.3786
0.9345
7.8721
12.0347
16.1123
14.5549
14.8380
3.0299
3.9644
3.3131
6.5695
8.5800
3.4547
2.4919
1.6990
1.4158
1.1044
0.9911
6.2863
11.7798
4.8422
9.3729
7.2774
0.3681
0.3681
0.3398
0.3681
0.3398
0.3681
0.3681
0.4248
0.4248
0.7079
0.5947
0.3398
0.3115
0.3115
0.3115
0.3115
0.3964
0.6796
0.3115
0.3115
0.3115
0.3115
0.3115
0.3115
2.9733
2.8034
2.9166
2.1238
0.8778
0.4531
0.3681
0.4531
2.5485
6.0881
2.2937
2.7467
13.9319
5.5784
1.2459
0.7079
0.5663
0.5380
1.3026
2.4352
0.6513
0.5097
0.4531
0.4248
0.3964
0.3681
0.3681
0.3964
0.3681
0.3681
0.4248
0.3681
0.3115
0.3115
0.3115
0.2832
0.3398
0.5380
0.8778
13.4788
1.4725
0.8778
14.1018
2.7467
1.2743
0.9061
0.7362
0.6796
0.6230
0.5947
0.5380
0.5097
0.6796
0.8495
1.5574
0.7646
0.5380
0.4814
0.4531
0.4248
0.3681
0.3681
0.4248
6.2863
17.4432
2.6901
1.4442
1.1893
1.1327
0.9061
0.7929
0.6513
0.5380
0.5097
0.5663
1.1610
0.7362
0.6230
0.5380
0.4814
0.4814
0.4531
0.5380
3.4830
1.4725
0.9061
0.7362
0.6513
0.5947
0.5380
0.4814
0.4814
0.4531
0.4531
0.4531
0.4248
0.3964
0.3681
0.3681
0.3964
0.4248
0.3681
0.3681
0.3681
0.3398
0.3398
0.3398
0.3115
0.3115
0.3115
0.3398
0.3681
0.4531
0.3681
0.3115
0.3115
0.3115
0.3115
0.3115
0.3115
0.3115
0.3115
0.3115
0.3115
0.3115
0.3115
0.3681
0.5947
0.5380
0.3681
0.3398
0.6513
0.9061
0.5097
0.4248
0.8778
0.4531
0.3681
0.3681
0.3398
0.3115
0.4248
1.6990
0.4814
0.6230
0.6796
0.4531
0.3681
0.3398
0.3398
0.3398
0.3115
0.3115
0.3115
0.3115
0.4531
0.7646
0.4531
0.3398
0.3398
0.3398
0.3398
0.9061
0.3398
0.3115
0.2832
0.2832
0.2832
0.2832
0.3115
0.2832
0.3398
0.3398
0.2832
0.2832
0.2690
1.1044
0.5097
0.3398
0.2832
0.2832
0.2832
0.2832
0.2832
0.2832
0.2832
0.2832
0.6230
22.5119
6.6261
7.9287
4.2475
2.1804
1.3026
1.1044
1.2176
0.9628
0.8495
0.6796
0.5380
0.5380
0.5097
0.4814
2.6618
0.6230
0.4814
0.4248
0.4248
1.5857
1.3592
1.2459
1.1327
0.5380
0.4814
0.4531
0.4531
0.4248
0.4248
0.4248
0.4248
0.4248
0.4248
12.4877
1.8406
1.0760
15.7725
1.9822
0.7929
0.7646
1.9255
1.1327
10.8737
7.3907
7.5040
1.8972
1.2743
1.0477
1.4725
1.1610
0.8778
1.0477
0.9911
0.8778
0.7362
0.6230
0.5663
0.5380
0.5097
0.4814
0.4814
0.4531
0.4531
0.4248
0.4248
0.4248
0.4248
0.3964
0.4248
4.6723
1.6141
1.6424
1.8406
2.3503
10.7321
7.7022
2.0954
1.3875
1.0477
0.8495
0.7646
1.9822
4.2475
1.3026
1.0477
0.7929
0.7079
0.6230
0.8778
1.1893
1.3026
1.2743
0.9628
1.6990
7.6172
6.0598
1.6707
1.1893
0.9628
1.2459
35.9624
12.4877
6.2580
3.1998
3.5396
5.9749
13.2240
14.7248
14.2717
6.7960
6.7111
5.0404
3.8511
4.3325
4.9838
8.4667
4.8139
32.8475
5.7200
3.9360
2.0671
1.6707
1.4725
1.3309
1.1610
0.9345
0.8212
0.7929
0.7079
0.6513
0.5947
0.5947
0.5947
0.5947
0.5663
0.5380
0.5097
0.5380
0.6230
1.8406
0.7362
0.7646
0.4531
0.4531
0.4814
1.7840
1.5008
0.7362
0.5947
0.5380
0.4814
0.2832
0.2775
1.1610
0.5097
0.3964
0.3398
0.3115
3.3697
3.5113
0.8495
1.0194
0.8778
0.7079
0.5947
0.8778
0.5097
9.9392
1.1893
1.0760
1.5574
1.1893
0.7362
0.5380
0.4531
0.3964
0.3964
0.3681
0.4531
0.4531
0.3681
0.7079
5.0121
2.0105
0.9061
0.9345
0.9061
0.9345
0.6796
0.7362
0.5663
0.5380
0.5097
0.4531
0.4248
1.3309
1.0760
0.7646
0.6796
3.0865
1.0194
0.5947
0.5380
0.5097
1.1327
0.7079
0.4531
0.4248
0.4531
0.4248
4.0210
4.1059
0.9628
1.7556
1.0194
0.7929
1.1327
0.6796
0.5663
0.5380
0.8778
0.9345
0.6230
0.5380
0.5097
4.5307
1.6990
1.5574
1.2743
0.9345
0.7929
0.7646
0.6230
0.5663
0.5380
0.5663
3.3414
0.6796
0.5663
0.5380
0.4814
0.4531
0.5380
0.5380
0.4814
0.4531
0.4248
0.3964
0.4248
0.4531
15.4893
2.7751
6.1731
3.7945
1.5008
1.1327
1.0760
1.1327
1.0194
0.8495
1.6141
1.0194
0.8495
0.9061
0.7929
0.6796
0.6230
0.6230
0.5663
0.5663
1.0760
1.0194
1.8689
1.0194
0.7929
0.6796
0.6230
0.5663
0.5663
0.5380
0.5380
0.5380
0.5097
0.7362
0.5663
0.5380
0.5380
0.5380
0.5380
0.6230
0.5663
0.8495
1.3026
1.3592
1.4442
1.0477
0.6513
0.6796
1.1327
0.5663
0.6796
1.1610
0.6230
0.5380
0.5097
0.4814
0.6513
1.6990
0.7646
5.0404
0.8778
0.7646
1.7273
2.6618
3.1715
1.0194
1.0194
0.8212
13.7337
21.2660
17.2733
21.8323
2.2937
1.3026
1.1327
13.9885
5.8616
12.4028
5.2386
3.0582
2.7751
1.3592
1.2459
1.0194
0.3398
0.4248
0.5380
0.3964
0.5663
0.8495
0.6796
1.4158
0.8495
0.4531
1.1327
2.5768
0.8212
5.0404
0.7929
0.4814
1.3026
2.2087
0.7362
0.4814
0.3964
0.3398
0.3964
8.3818
8.1836
1.8406
0.7929
0.5947
0.4814
0.4814
0.4248
0.3964
0.3681
0.3398
0.3398
0.3398
0.3398
0.3398
0.3115
0.7646
0.4814
9.2313
1.4725
0.7362
0.5380
3.0016
6.7960
1.1610
0.6513
0.5380
0.5097
0.4531
0.4248
0.3964
0.3964
0.3964
0.3681
0.3398
0.3115
0.3115
0.3115
0.3398
0.3964
0.3398
0.3681
7.1925
7.9004
1.6707
1.1610
0.8495
0.7646
0.6796
0.8212
2.0671
9.1747
1.5857
1.1044
0.8495
0.7646
0.6796
0.6230
0.6230
0.6230
0.5380
7.8438
3.1998
1.5008
1.2176
1.0760
0.9345
0.8212
0.7362
0.6513
0.6230
1.5574
1.1044
0.7362
0.6230
0.6230
0.5947
0.5663
0.5380
0.5380
0.7079
1.5857
1.4158
1.4725
1.4158
0.6230
0.5380
0.4814
0.4248
0.4248
0.4531
0.4814
0.4814
0.4531
0.4531
7.7871
10.7038
1.6707
0.9061
1.0194
0.7646
0.7646
0.7362
0.5947
2.0954
0.9911
0.7079
0.7079
0.9911
0.6796
22.7667
4.8705
1.7273
1.2459
1.0194
0.8778
0.7646
1.4725
1.3592
0.7362
0.6513
2.1238
4.1626
7.4756
3.3980
2.3220
1.2176
0.9628
0.7929
0.9061
2.4352
1.3026
0.7929
1.3026
1.8406
0.8778
0.8495
0.7929
0.8212
0.5947
0.5380
0.5380
0.5380
0.4814
0.4531
0.4248
0.4248
0.4248
0.4248
0.4814
0.4248
0.8778
0.6230
0.4248
0.9345
0.7646
0.5380
0.5947
3.2281
0.7929
2.5768
4.6723
8.6650
1.7556
0.7929
1.1327
0.6230
0.6796
0.4531
0.3398
0.3398
0.4814
0.4814
0.3398
0.2832
0.2832
0.2832
0.2832
0.2690
0.2549
0.2549
0.2549
1.7273
0.6230
0.4531
3.8511
29.1664
3.2848
1.1893
0.9345
41.6258
47.8555
34.5466
5.6067
2.8317
1.4158
0.8495
0.7079
0.6230
0.5663
0.5380
0.5097
0.4814
0.4814
0.4814
0.4814
0.5380
1.9255
0.6513
0.4531
0.3964
0.3964
36.2456
14.2717
5.7200
6.2863
12.9408
5.7200
3.7661
4.6440
4.5873
4.3608
2.9733
1.4725
1.0194
0.9345
2.3503
1.4158
0.7929
0.6513
0.7079
0.7646
0.6513
0.6513
0.6513
0.6796
0.6796
0.6796
0.7079
9.8543
11.5816
31.1485
7.8154
58.8990
38.2277
8.4951
3.4830
2.0954
1.5291
1.3592
1.2743
1.2459
1.2176
1.1610
1.1610
1.9255
24.5224
13.2806
2.6901
1.6424
4.3042
2.8883
2.4919
1.4725
1.2743
1.2459
1.2459
4.4741
7.0509
19.8784
31.4317
88.9149
14.7531
5.6634
4.1059
6.9943
3.6812
3.7095
3.5679
2.6051
2.3786
2.3220
2.2937
5.3519
2.4069
2.1804
2.1521
2.1521
2.2370
6.5129
16.8202
14.1301
19.3404
12.9691
8.7216
5.5218
3.9360
3.3980
3.0016
2.0954
2.0388
5.4652
20.7279
4.7855
2.7467
2.3786
8.1553
6.9093
3.4263
2.2087
1.8689
2.7184
1.6424
1.2459
0.8778
0.7929
0.7929
0.8212
0.8778
1.1327
11.2701
21.3509
9.7410
34.5466
8.8065
3.3697
2.4069
4.4741
4.3325
3.8511
17.3299
56.6337
110.7189
16.7919
6.6545
6.1731
47.0060
26.2497
25.8816
24.0976
80.1367
1.4158
0.9911
1.1610
0.9061
2.0388
2.7467
1.6990
1.2459
1.3592
1.8123
1.6990
1.7840
1.8689
1.1327
0.9911
1.3875
1.8972
2.1238
1.1893
1.1327
1.1044
1.0760
1.0760
1.0477
1.9822
5.6634
2.8317
6.6545
35.9624
111.8515
32.8475
32.5644
13.6204
24.4941
40.2099
19.5386
23.1349
11.6382
7.5889
5.6634
5.0970
4.9554
5.6634
5.2386
4.8705
4.6723
4.7572
4.5307
3.9927
3.6529
3.8794
6.0032
4.8139
91.7466
26.3913
7.9287
6.5129
6.2297
5.9465
5.8050
5.6634
15.6309
8.4384
7.0792
6.6545
6.5129
6.7960
4.2475
3.9644
3.3980
2.9733
2.5485
3.5396
3.2848
4.3608
2.2087
2.0388
2.0388
2.4919
1.8123
1.2743
1.2459
1.9822
17.6980
4.8988
2.3220
1.8972
2.9166
2.2087
1.8123
1.7556
1.7273
1.6424
1.6141
1.5574
1.5574
1.2459
0.9628
0.9345
1.6990
1.5574
2.0671
2.0388
2.3503
1.4158
1.0194
0.9061
0.8495
0.7929
0.7646
0.7362
0.7362
0.7079
0.7079
0.6796
0.6796
0.6513
0.6513
0.6513
0.6513
0.6796
0.7079
0.6513
0.5947
0.6230
0.6230
0.5947
0.6513
0.5947
0.5947
0.5947
0.5947
0.5947
0.5947
0.5947
0.5947
0.5947
0.6230
0.5947
0.5947
0.6230
0.6513
0.6230
0.6230
0.6230
0.5947
0.6230
0.5947
0.6230
0.5663
0.5663
0.5663
0.5663
0.5663
0.5947
0.7929
0.9628
0.6230
0.5097
0.4531
0.5097
0.5947
0.7079
0.5380
0.6513
0.5663
0.5097
0.5097
0.4814
0.4531
0.4531
0.4531
0.4531
0.4531
0.5380
0.4814
0.4531
0.4248
0.4248
0.4248
0.4531
0.4531
5.8899
1.3592
1.2743
1.1610
0.9061
0.8495
0.9061
2.0671
1.0194
3.1715
1.1044
1.2459
1.4725
1.0760
1.0194
0.9345
1.0194
0.9061
0.9628
6.9659
2.5485
1.3875
1.6141
1.2176
1.1044
2.9733
1.6141
1.0760
1.0760
1.1044
1.0194
0.8778
0.7362
0.6513
0.5947
0.5097
0.5097
0.5097
0.5097
0.5097
0.5097
0.5097
0.5097
1.1327
0.5097
0.5097
0.5097
0.5097
0.5097
2.8883
6.0032
1.0760
0.7079
0.6230
0.5663
0.5380
0.5097
0.5097
0.5097
0.5097
0.4814
0.4814
0.4814
0.4814
0.4814
0.4814
0.8495
0.5380
0.4814
0.4814
0.4814
0.4814
0.6230
0.6230
0.5947
0.5663
0.5380
0.5097
0.7929
0.6230
0.5097
0.4814
0.4531
0.4531
0.4531
1.8689
1.0760
0.6796
0.8212
0.7079
0.5947
0.5663
0.5097
0.5097
0.4531
0.5097
0.5663
0.5380
0.4814
0.4531
0.4531
0.4531
0.4248
0.3964
0.4531
0.4531
0.4531
0.4531
3.8228
3.1998
2.2937
1.2459
0.9345
0.8212
1.6990
7.7588
1.7273
1.6141
1.2176
0.9628
0.7362
1.1044
1.2176
8.1553
4.2192
1.1893
0.7646
0.6230
0.5663
0.5380
0.5380
0.5097
0.5097
0.4531
0.4531
0.4531
0.6513
1.0194
1.0760
0.7362
0.5663
0.4531
0.6230
1.0477
1.8689
2.0388
3.0016
0.6230
0.5947
0.9628
1.6707
1.6141
1.6990
10.8454
0.9061
1.6424
0.8212
0.6796
0.6230
0.6230
0.4814
0.4531
0.4531
0.4531
0.4531
0.4248
0.4248
0.3964
0.3964
0.3964
0.5097
0.5097
0.3964
0.3681
0.3398
0.3398
0.3398
0.3398
0.3398
0.3964
0.8212
0.7646
0.6796
0.3115
0.2832
0.2832
0.2747
0.2747
0.2718
0.2718
0.2718
0.2690
0.2718
0.6230
0.4531
0.3398
0.3115
0.3115
0.2832
0.2747
0.2718
0.2662
0.2662
0.2775
0.2690
1.8972
1.5008
0.5663
0.3964
0.5663
0.4531
0.7929
1.1610
0.6796
0.4248
0.4248
0.5097
1.0760
1.1893
4.2475
7.0792
0.9345
0.8212
0.5380
0.4531
0.4531
3.2848
9.9958
6.1448
1.6141
0.8778
1.9822
1.0477
2.9733
7.0509
1.6707
5.0970
2.7751
1.4442
7.0509
16.0557
3.3131
3.0582
1.3592
1.8972
1.3026
1.9255
1.8123
0.9061
2.0954
1.4158
9.2030
11.7798
4.8139
2.5485
1.6990
1.2743
0.9911
0.8495
0.8212
1.8406
1.4158
3.9644
2.8317
3.1149
2.2653
7.0792
17.1317
17.8396
6.7960
4.8139
3.3980
2.4069
2.0388
1.6424
1.3875
1.1327
1.0760
1.3592
0.7646
0.5663
0.5097
0.5097
0.5097
3.1149
2.2087
1.0194
4.8422
23.5030
2.8317
0.9061
0.7646
1.0194
0.6230
0.5380
0.5380
0.6230
0.5380
0.5947
0.5380
0.5663
0.5663
0.5380
5.4652
1.9822
0.8495
0.6513
0.5663
0.5380
35.3961
7.8438
1.4725
0.9345
0.7646
0.6230
0.5663
0.5380
2.3220
1.3309
0.8495
0.7079
0.6230
0.5663
0.5380
0.5380
0.5947
0.6513
0.5947
1.6990
1.5857
1.0194
2.0954
7.7305
40.4931
89.4812
34.5466
7.9570
11.5533
9.5711
11.8648
7.0792
3.9644
3.1715
5.5501
2.9450
2.1521
4.7572
4.0210
2.0388
1.5291
1.3875
1.2743
1.0194
0.9911
0.9061
2.0671
2.6051
1.9255
3.3980
1.4442
0.9345
5.9749
1.5291
1.2459
1.0760
0.4531
0.5947
0.4248
0.4531
0.4531
0.4814
0.4531
0.4248
0.3681
0.3398
1.5008
1.0194
0.4531
0.3964
0.3681
0.9911
0.8212
0.4531
0.3681
2.4636
1.6707
0.5663
0.4531
0.6230
2.8883
0.5663
0.4531
0.3964
0.3681
0.3398
0.3115
0.3115
0.3115
0.3115
0.2832
0.2803
0.2803
1.0760
13.9036
5.4652
1.0760
0.7079
0.5663
0.5097
0.6513
9.8543
1.8406
1.0194
0.9628
0.9628
0.6796
0.5947
0.5380
0.5097
0.4814
0.4814
0.5097
2.0954
3.1149
0.9345
0.7929
1.2459
0.8778
0.5947
0.5380
0.5097
0.4531
0.4531
0.4248
0.3964
0.3964
0.3964
0.3964
0.3681
0.3681
0.3681
0.3964
0.3681
0.5097
1.0194
0.4248
0.3964
0.3964
1.1610
4.7006
0.8495
0.5947
0.5097
0.4531
0.4248
0.3964
0.3681
0.3681
0.3681
0.3681
0.3681
0.3398
0.3398
0.3398
0.3398
0.3398
0.3398
0.3115
0.3398
0.3115
0.3115
0.2832
0.3115
5.8899
1.2459
0.6230
0.5097
0.4248
0.3964
0.3681
0.3681
0.3681
0.3398
0.3398
0.3398
0.3964
0.3964
0.3681
0.3398
0.3398
0.3115
3.0582
0.7362
0.4531
0.3964
0.3681
0.3964
0.3398
0.3398
0.3398
0.3115
0.3115
2.3220
0.6796
0.4531
0.3964
0.3681
0.3398
2.0954
4.0776
1.0194
0.6230
0.5663
0.4814
0.4248
0.3964
0.3964
0.3681
0.3398
0.3964
0.3681
0.3398
0.3398
0.3115
0.2832
0.2832
0.2803
0.2718
0.7362
2.2937
4.4174
15.1778
3.3980
1.3875
0.7929
0.5947
1.4442
1.4158
0.6230
0.5097
0.4531
0.5663
0.5097
0.3964
0.3964
0.9061
0.7929
0.6230
0.5663
1.8406
0.6230
2.4636
2.1238
0.7362
0.5097
0.5380
0.4531
0.4531
0.4814
0.4531
0.4531
1.4725
0.7362
0.6230
0.8212
2.4919
1.2459
0.5663
0.4814
0.4531
0.4248
1.2743
0.5947
0.7079
0.5663
0.5097
1.3875
0.8495
0.5380
0.5097
1.9255
1.6990
0.6796
0.6230
0.5380
0.5097
0.4814
0.4814
1.0194
1.9539
15.0929
14.4416
3.4263
14.3566
5.4368
3.3414
9.0897
3.3131
3.5962
2.0388
4.3608
6.0881
2.9166
2.0388
3.3697
7.9004
2.3786
3.5962
2.0954
1.4158
0.8495
0.6513
1.3592
1.7840
0.9061
0.7646
0.6513
0.5947
0.5663
1.2176
0.7362
0.5380
0.5097
1.4442
2.0954
1.4442
0.5947
0.4814
0.5097
1.4725
0.5380
0.4531
0.4248
0.4248
0.4248
0.3964
0.4248
0.3681
0.3681
0.3681
0.3681
0.7929
0.5380
0.3964
0.3681
0.3398
0.3398
0.3115
0.3115
0.3115
0.3681
0.3681
0.3398
0.3115
0.3115
0.3115
0.3115
0.4248
0.3964
0.3681
0.4531
0.4531
0.4248
1.5291
0.6230
0.3681
0.3398
0.3398
0.3115
1.1044
0.5380
0.3681
0.3398
0.3398
0.3115
0.3115
0.3115
0.3115
0.3115
0.3398
0.3398
0.3681
0.7362
3.4547
3.5396
4.1059
0.7079
0.4531
0.3964
0.5380
0.6230
0.4531
0.3964
0.3398
0.3681
0.3681
0.3398
0.3398
0.3115
0.3398
0.4248
0.3398
0.3115
0.3115
0.3115
0.3115
0.3115
0.3115
0.3115
0.2832
0.2832
0.2832
0.3115
0.2832
2.5485
1.5008
0.4248
2.7751
0.5663
0.3681
0.3115
0.5947
0.5663
0.3398
0.3115
0.2832
0.2803
0.2803
1.4158
0.3964
4.2475
7.0792
1.4158
1.1327
0.8495
0.6230
0.4814
0.4248
0.5947
1.1610
2.5485
0.5380
0.3964
5.7483
2.9733
0.8778
0.6230
5.6634
1.2743
3.1149
3.6812
1.6990
0.5663
0.4531
0.7929
0.9628
0.5663
0.4814
3.0299
0.7362
4.4457
3.3697
0.8495
10.4772
8.2685
1.2176
0.7646
0.6230
0.5663
0.7362
1.4725
0.4531
0.4248
0.4248
0.5097
0.5097
0.3681
0.3681
0.3681
2.2653
26.6178
3.6812
3.3414
4.9838
1.3026
3.1998
1.4725
1.5574
0.9628
0.5380
0.4531
0.3964
0.3964
0.3681
0.3398
0.3398
0.3398
0.3115
0.3115
0.3115
1.5857
7.9287
53.2357
30.5822
15.9707
8.6650
49.2713
15.2061
5.8050
4.4741
3.5113
2.8883
2.2653
2.2937
1.8406
3.7945
3.6246
2.1521
1.9822
3.4547
4.2475
7.0226
5.2669
4.3042
2.2370
1.7556
1.6141
1.5291
1.4442
1.4442
1.5291
1.6141
1.4158
1.3875
1.3592
1.5574
3.4547
4.1059
1.7840
1.5857
1.3592
0.9345
0.7646
1.1893
11.7515
4.2758
0.9911
0.7929
2.1521
0.8495
0.6796
0.6230
0.9911
1.5857
1.6707
1.6990
1.3026
0.5097
0.4531
0.4531
0.4248
0.4248
0.5663
0.4531
0.3964
0.3964
0.3681
1.3309
0.5097
0.3964
0.3681
0.3681
0.3398
0.3398
0.3398
0.3964
0.5380
0.4814
0.6513
0.8212
0.3964
0.3398
0.3115
0.3115
0.3115
0.3115
0.3115
0.3681
0.5097
0.3681
0.4814
0.3964
0.3398
0.3115
0.3115
0.3398
0.3398
0.3115
0.3115
2.7184
3.7378
2.5485
0.7362
2.7751
4.5590
0.9061
0.6513
0.4814
0.8778
1.4725
2.6618
4.9554
0.3964
0.3398
0.3398
0.3398
0.3115
1.1327
1.4442
0.4248
0.4248
0.5097
0.5097
0.3398
0.7079
0.6230
1.0477
0.5663
0.6796
0.4531
0.3681
0.3398
0.3115
0.4248
0.5097
0.3398
0.3115
0.3115
0.2832
0.2775
0.2832
0.3681
0.3398
0.3115
0.2718
0.2605
6.6828
9.7410
67.1109
11.3267
4.2475
2.5485
1.6990
1.1327
0.8778
0.8495
0.7646
0.7079
0.6513
0.6796
1.9822
3.1149
3.1149
3.6812
2.5485
1.4158
1.6990
5.6634
3.1149
1.9822
1.1327
1.4158
1.1327
0.8212
0.7929
0.7646
0.7646
1.6990
3.6812
2.2653
1.8689
1.6141
1.5291
1.5008
3.1998
2.1521
1.9255
4.8422
5.4652
6.0598
12.9691
11.2984
5.6067
2.8317
16.9901
7.0792
8.4951
2.5485
2.6901
1.6990
2.5485
16.9901
11.3267
16.9901
9.9109
5.6634
3.6812
3.9644
2.2653
4.5307
11.3267
22.6535
7.0792
22.6535
84.9505
36.8119
70.7921
28.3168
12.7426
7.0792
9.9109
6.2297
3.9644
4.2475
2.7751
2.4352
3.0582
2.0105
1.7273
1.6141
1.5857
3.9077
4.5307
2.2937
2.1238
2.0671
13.9602
4.7006
3.0582
3.0582
3.5962
2.4352
2.2370
2.0954
7.5606
3.7378
2.6051
2.3503
2.1804
1.5008
0.9345
0.8495
0.7929
2.5202
8.4667
19.7935
26.5046
99.1090
28.3168
11.3267
8.4951
7.0792
5.6634
28.3168
42.4753
28.3168
14.1584
7.0792
5.3802
4.8139
2.5485
1.6990
1.4158
1.2459
1.1327
1.0477
0.9911
0.9345
0.9061
0.8778
1.9822
1.8689
1.4158
0.9911
0.8495
0.7079
0.7079
1.9822
1.8123
1.4158
1.1327
0.9628
0.7079
0.7079
0.6230
0.7646
0.5097
0.5380
0.8495
0.4814
0.4531
0.4248
0.4248
2.6901
0.9911
0.5097
0.4531
0.4248
0.6230
1.7840
1.2743
0.6513
0.5663
0.6796
1.5574
3.4547
8.7216
2.2653
3.4547
1.3309
0.5380
0.5097
0.5097
0.5097
0.4814
0.4531
0.4531
0.4531
0.7362
1.1610
0.8495
0.7929
0.8778
0.7362
0.6230
0.6230
0.6796
0.9911
0.8495
1.9539
0.9911
0.8212
0.7646
0.7929
0.9061
0.7079
0.6796
0.6230
0.5663
0.5663
0.5663
0.5663
0.5663
0.5663
0.6230
0.5663
0.5663
0.5380
0.5380
0.5380
0.5380
0.5097
0.5097
4.6156
0.9628
0.7362
0.7362
0.8212
0.7079
0.6513
0.5663
0.5380
0.5097
1.5857
1.3309
0.7362
0.6513
0.6230
0.5663
0.5663
0.5663
0.5663
0.5663
0.5663
0.5663
0.5663
0.6230
0.6230
0.6796
0.5097
0.4814
0.4814
0.4814
0.4531
0.4531
0.4531
0.4531
0.4531
0.4248
0.7929
1.5291
4.3608
2.0954
0.9345
1.1610
11.5533
96.5604
52.9525
54.0852
14.1584
4.2475
5.6634
11.3267
4.8139
3.9644
3.3980
2.5485
4.2475
7.0792
9.9109
8.4951
9.0614
7.6455
4.2475
2.5485
1.5291
1.3875
1.2743
1.2176
1.1327
1.0477
0.9911
0.9628
1.0477
0.9628
0.9628
1.1044
1.0194
0.9628
1.0477
0.9345
1.0194
0.9911
0.8212
0.7929
2.4069
0.9628
0.7362
0.6513
0.7079
16.4521
38.5109
33.1307
24.3525
9.8543
6.1731
3.1715
2.1521
1.2176
1.1044
0.9345
0.8778
0.8212
0.7646
0.7646
0.7079
0.6796
0.6513
0.6230
0.5947
0.5947
0.5947
0.7362
1.6990
0.6796
0.6230
0.3398
2.0671
0.5947
0.3964
0.4814
0.3398
0.3115
7.6739
1.1327
0.4814
1.0477
0.7079
0.5380
0.4248
0.3398
0.3115
0.4531
0.3681
1.5008
0.5663
0.7079
3.7945
0.7079
0.5663
0.5947
0.4814
0.4248
0.3964
0.3964
1.1327
1.0760
0.5380
0.5097
0.5097
0.4531
0.5947
1.8123
0.4814
0.4248
0.3964
0.3681
0.3681
0.3964
9.2313
21.3226
2.4919
5.0687
25.5135
89.4812
78.7208
73.3406
18.5192
37.6614
26.6462
8.6366
5.3802
3.4547
1.8972
1.0194
0.9061
0.7929
0.7646
0.9911
0.7929
0.6230
0.5947
0.5663
0.5663
0.8778
3.1715
0.9911
1.4725
3.5396
23.6163
16.9052
8.8915
2.7751
1.0760
0.9345
1.4725
4.8139
15.1212
63.1466
45.5901
18.4626
14.7531
7.7871
6.3430
5.6351
2.4919
1.9539
1.5857
1.2459
1.1044
1.0194
0.7646
0.7079
0.7362
1.2743
0.9061
0.6230
0.5663
0.5380
0.5380
0.5097
0.5097
0.4814
0.4531
0.4531
0.4248
0.4248
0.4248
0.4531
0.5097
0.5380
0.5097
0.4531
0.4531
2.7467
1.8123
0.7929
0.5947
0.5663
0.5380
1.2459
5.6917
1.0760
0.9345
0.7646
0.5663
0.5380
0.5097
0.4814
0.4814
1.0194
1.2459
0.8212
23.1349
2.1238
1.4158
1.3592
2.2087
9.0897
9.0048
2.1238
0.7362
0.8495
0.7079
0.5380
0.5097
0.4531
0.4248
0.4248
0.3964
0.3964
0.3964
0.4248
1.8689
8.3252
5.9182
11.8081
19.3687
28.8832
5.6917
2.4352
1.4442
3.4263
2.7751
26.5329
50.9703
37.6614
11.0719
11.4683
26.4479
8.8915
8.6366
18.4060
13.4505
6.4279
3.4547
2.5202
2.1521
0.3964
0.3398
0.3398
0.3398
0.3398
0.3115
0.3115
0.3115
0.3398
0.3115
0.3115
0.3115
0.3115
1.4158
14.1867
20.6713
46.1565
9.9392
3.8228
2.1804
1.6424
1.3875
1.0194
3.1998
2.1521
1.7273
11.0153
3.5396
1.7840
1.3309
1.0477
0.9345
0.7362
0.6513
0.5947
0.4531
0.3398
0.3681
0.5947
0.3398
0.3398
0.3398
0.5097
0.7079
9.3729
4.9554
1.7556
1.2459
1.5008
1.2459
4.7289
0.9061
0.5380
0.4814
0.4814
1.3875
2.0671
3.7095
0.6513
7.3057
5.6634
1.6424
1.3026
0.9628
0.6796
1.6707
2.9166
2.9166
0.6513
0.5663
1.5008
4.0776
0.7929
13.1957
55.5010
11.2984
5.1820
2.0388
2.4919
8.3818
2.4919
1.7556
1.6424
1.1893
0.7929
1.3592
1.1893
0.8212
0.8212
2.6618
1.0194
0.8495
1.8972
10.1657
2.0671
1.0477
0.6230
0.5663
0.5663
0.6796
0.6230
0.5663
0.5380
0.5947
0.6513
0.5097
0.5947
0.5380
0.4814
0.4814
0.4814
0.4531
0.4248
0.4248
0.5097
0.4814
0.4814
0.4531
0.4531
0.4531
0.4814
0.5097
0.4814
0.4531
0.4531
0.4531
0.4531
0.8212
3.7378
0.8212
0.4814
0.4248
0.3964
0.3964
0.6513
34.8297
14.4416
4.7006
2.5768
2.4636
13.4788
5.6917
1.7556
1.7840
2.2087
0.9911
1.3026
1.2743
0.7646
0.6230
0.5380
0.5097
0.4814
0.4531
0.4531
0.5380
0.4814
0.4248
0.4248
0.4248
0.4248
0.3681
0.3681
1.5574
8.8349
8.2402
13.0257
1.1044
0.5380
0.4531
0.3681
0.3681
0.7362
0.4531
0.3398
0.3398
0.3115
0.3115
0.3115
0.3115
0.3115
0.3115
0.3115
0.4814
0.4814
0.4531
0.4248
0.4531
0.5097
0.5947
0.5097
0.4531
0.4248
0.4248
34.5466
12.9408
4.4741
7.6739
6.5978
1.8123
1.3026
1.0477
0.9345
0.9061
0.9061
0.8495
0.7929
3.0582
1.2176
1.8689
1.0477
0.9911
0.9911
1.3026
0.9911
0.9628
0.7646
0.6796
0.5380
0.4814
0.4248
0.9061
5.3802
1.5857
2.2087
1.0477
0.9911
0.9061
0.6796
0.5947
0.5097
6.2863
8.4667
1.1044
0.7362
0.5663
0.5097
0.3964
0.4531
1.0760
0.5097
0.6230
0.4248
0.4531
0.5947
1.0760
21.9456
37.9446
16.0273
6.1164
4.9271
3.1149
2.4919
2.9733
11.7232
7.8438
2.5485
1.8689
1.5291
1.8406
22.5402
6.2297
5.3236
6.3996
4.1626
7.3624
13.6770
6.5129
25.7400
62.0139
13.5921
22.1721
68.8099
95.7109
21.6624
9.1747
6.5129
5.5218
4.8422
10.0242
16.2539
10.1941
7.1925
10.7321
6.0032
4.2475
3.5396
3.0016
2.6051
2.2087
1.8689
1.6990
1.5291
1.3875
1.2743
1.1610
1.0477
0.9911
0.8495
0.7646
0.7362
0.7079
0.6230
1.9255
1.7840
1.1610
1.0760
0.8495
0.7362
0.6796
0.6513
0.6230
0.5947
0.5947
1.2176
2.7184
0.7646
0.5947
0.5380
0.5097
0.4814
0.4531
0.4531
0.4248
0.4248
0.4248
0.3964
0.3964
0.6796
0.8212
1.8123
0.9911
0.6513
0.5947
0.5380
0.4814
0.4814
0.4814
0.4814
0.6230
1.5574
0.7079
0.8495
0.7929
0.5663
0.4531
0.3964
0.3964
0.3681
0.3681
0.3681
0.4531
0.4248
0.4531
0.3681
0.3398
0.3398
0.5663
0.8212
0.5380
0.4248
0.3681
0.3398
0.3398
0.3398
0.7079
14.1584
1.6990
2.8317
1.4158
0.9911
1.4158
1.1327
0.7079
5.6634
5.0970
1.6990
0.9911
0.6513
0.4814
0.5380
0.5947
0.4531
0.4248
0.4248
0.3964
0.3964
0.5663
0.4531
0.4814
0.4531
0.4248
0.4531
0.4531
0.5380
0.4531
0.4531
0.4814
0.5663
1.1044
0.4814
0.3681
0.3681
12.3745
2.1804
0.7646
1.5291
0.7079
0.5097
0.4531
0.3964
0.3681
2.7467
0.7646
1.1327
0.5663
0.4814
0.4248
1.7556
1.7273
2.3220
0.9628
1.2176
4.2475
4.2192
6.9943
5.5218
3.2281
2.0105
4.6156
5.7200
7.2208
2.2653
0.9911
0.7646
0.6513
0.5947
0.6230
2.1238
1.1893
2.2370
0.8212
0.6230
5.0121
3.9927
1.7840
0.6513
0.5380
0.4814
0.4248
0.3964
0.3681
0.3681
0.4814
0.6513
0.4531
0.3964
0.3681
0.3398
0.3115
0.3115
0.3115
0.3115
0.2832
0.3115
0.3115
0.2832
0.2775
0.2775
0.2832
0.4248
2.8600
1.1610
0.5663
0.8495
0.7362
2.0105
2.7184
6.6261
4.9838
8.1553
3.2564
0.9911
0.7079
0.5947
0.5380
0.4814
0.4248
0.3398
0.3398
0.3681
2.5202
0.7362
0.5097
0.3681
0.3964
0.4248
0.6230
4.1343
37.6614
11.5533
10.5339
3.2848
22.6252
4.8139
2.2937
2.3503
1.7273
1.5291
2.6051
2.2653
1.3592
1.0760
0.6796
0.6230
0.5663
0.4814
0.4531
0.4531
0.4248
0.4248
0.3964
0.3681
0.3398
0.3398
0.3398
0.3398
0.3115
0.3115
0.7646
1.0194
0.6230
0.5097
0.5097
0.3681
0.8212
0.9345
0.9345
3.5396
7.7305
3.8794
3.3697
1.0477
0.5947
0.5097
0.4531
0.3964
0.5663
18.6608
79.5703
10.0808
4.3325
2.5485
3.5396
1.5008
1.1610
1.0760
2.6335
6.5695
10.2507
2.4069
1.4442
1.2459
4.8139
77.3050
19.3970
6.1164
4.4457
3.3697
1.6990
1.1610
0.9628
0.9061
0.8778
0.9061
1.9255
1.0760
0.7929
0.7362
0.7362
1.9822
1.7273
1.4442
1.7556
5.8616
2.4069
0.8495
1.8406
1.2459
2.2370
1.0760
1.9255
5.6634
27.7788
81.8357
31.9980
11.0153
5.9749
4.1059
2.0671
4.0210
2.5202
2.8317
9.6277
4.1909
2.3220
5.5218
2.1804
6.5412
2.5768
1.8406
1.7840
3.0016
2.4352
6.1731
4.6156
3.2281
4.2192
4.3042
2.9450
2.3786
2.3503
2.2087
1.3875
1.5857
1.2176
1.0194
0.9345
0.9061
0.8778
6.7960
4.1909
1.5008
1.1610
0.9911
0.9061
0.9628
0.8495
0.7929
0.7929
0.7646
0.7362
0.7362
0.7362
0.7362
0.7079
0.7079
0.6796
0.7079
0.8778
1.1044
0.7646
1.0760
3.1998
1.1893
0.8212
0.7079
0.6796
0.5663
0.5663
0.5380
0.5380
0.5380
0.5380
1.3875
4.2758
2.9450
1.8406
1.5574
1.0477
0.9345
0.8212
0.6796
0.6513
1.4442
2.6901
0.9628
0.7929
0.7362
1.2176
0.8212
0.7362
12.2046
7.0509
2.7751
3.1715
37.3782
7.6455
4.3325
3.7378
3.0299
1.9539
1.9255
1.5291
1.2459
1.1893
1.2459
5.7200
2.9733
6.6828
4.0210
2.7467
2.3786
1.9255
1.2459
1.1044
1.0194
0.9628
0.9061
0.9345
0.8778
0.8212
0.7929
0.7646
0.7646
0.7079
0.6796
0.6513
0.6513
0.7929
0.9628
0.7079
0.6513
0.6513
1.6990
1.9822
0.7929
0.6513
0.6230
12.4877
5.6067
3.2564
1.8689
1.2459
2.7467
2.6618
11.6949
5.0404
3.3980
2.8883
1.9539
1.3026
0.9628
0.8212
0.7646
0.8495
0.7646
0.6230
1.4725
1.4725
0.7929
0.9628
0.5380
0.7929
2.9166
0.7079
0.5663
0.8495
0.7362
1.3309
0.6796
0.7929
56.6337
7.0792
2.2653
1.6990
1.2743
2.2653
70.7921
8.4951
3.3980
2.2653
1.8123
1.4725
1.2459
1.1044
0.9911
1.4158
0.9061
0.7929
0.7362
0.7646
0.7646
0.7362
15.5459
35.3961
21.5208
6.2580
3.4547
2.8317
2.6618
2.0105
1.7273
8.6083
4.1343
4.0776
2.7751
2.6901
2.2653
1.7273
1.6424
1.6707
2.1804
2.3503
1.1610
1.0477
0.9911
0.9911
0.9061
0.8495
0.8212
0.8212
0.8495
0.7929
0.9061
1.2176
0.7929
0.8212
1.0477
13.6770
6.3996
2.6051
1.9539
1.7273
1.6707
1.6424
1.3875
1.1327
0.9628
2.5202
6.3430
1.8123
1.2176
1.0760
0.9911
0.9345
0.8495
0.5380
0.7079
1.1327
9.4578
3.8794
3.2848
1.1044
2.6051
10.8737
11.9497
8.6083
5.0404
2.6901
2.2370
2.6335
1.7556
1.5008
1.4158
1.3026
1.0194
0.8212
1.4158
1.3026
1.3592
1.5574
1.1610
0.8778
0.8212
0.8212
1.1327
1.1044
0.7646
0.7079
0.6796
0.6796
0.6796
1.8689
1.8972
4.5873
26.5895
25.5984
31.4317
8.0986
4.2192
3.3414
9.0331
18.2927
12.4028
3.9077
2.7184
2.0954
1.7273
1.5291
1.4158
1.3026
1.2176
2.2087
1.7840
1.3026
1.0194
0.9345
0.9061
0.8778
0.8212
0.7646
0.7646
0.7929
0.7646
0.7646
0.7362
0.6796
0.6513
0.6230
0.7362
0.5947
0.4531
0.4531
0.3964
0.3964
0.3964
0.3964
0.4248
0.5663
0.4248
0.3681
0.7362
1.6424
0.6230
0.9061
1.0194
7.9287
5.1820
1.8406
2.0954
2.5768
2.3503
1.2459
0.6796
2.6901
0.7079
0.5663
6.7960
5.1253
1.7273
1.2176
1.1044
0.8778
0.6513
0.5380
0.5380
3.0299
11.1852
17.6131
8.8349
2.9733
1.9822
1.4442
82.4020
19.2271
5.5784
3.6246
14.6398
5.8333
3.4830
4.3042
2.7467
2.1521
1.8406
1.5574
2.6335
1.8123
1.6424
1.3875
3.0299
3.0582
3.0582
4.1059
2.0954
3.4547
1.8689
2.1804
1.7840
4.6156
2.9166
1.8406
1.4725
1.3875
1.5008
1.4442
2.0671
1.3875
1.2743
1.2459
1.2176
1.1893
3.5962
40.4931
5.2953
3.0016
2.8883
2.2653
6.6261
12.4311
4.2758
2.8034
2.4352
6.0598
3.0865
2.4069
14.6964
7.7871
5.8050
2.2087
1.6424
1.4158
1.3026
1.2176
1.1044
1.0477
0.9911
0.9911
0.9911
1.3309
0.9628
0.8778
35.9624
9.2030
3.3131
2.6051
1.7273
1.4158
1.2459
1.1610
1.3592
2.4352
4.9554
2.1521
1.3592
1.1044
0.9911
0.9061
0.8778
0.8212
0.7929
0.7646
0.7362
0.7079
0.6796
0.6796
0.7362
0.6796
0.6230
0.5947
0.5947
0.5663
0.5663
0.5663
0.5663
0.5380
0.9345
0.7079
0.5663
0.9911
2.1521
7.1642
6.1448
3.1149
1.6424
4.6723
3.3131
8.1553
4.0776
6.6545
2.2653
1.5857
1.4158
1.2459
1.1893
4.8988
1.3592
1.1893
0.9345
2.9450
1.4725
1.0194
0.8495
0.7646
0.7079
58.6159
9.2879
12.0347
8.6366
4.0210
4.4174
10.9869
3.3414
2.4919
0.3398
0.3681
8.9198
4.5024
3.1998
1.8406
1.9255
1.6707
0.7079
1.1893
0.9628
0.5947
0.5380
0.5097
0.4814
0.4531
0.4248
0.3964
0.5097
0.3964
0.5663
3.1432
2.8317
0.9345
0.5947
0.5947
0.6796
0.5663
0.5097
0.4248
0.4248
0.9911
0.5947
0.4814
0.4248
0.3964
0.3964
0.3964
0.3964
0.3964
0.3964
0.3964
0.4248
0.4531
0.4248
0.3964
0.3964
0.3964
0.7929
0.6513
0.4531
0.4248
0.4248
0.4248
2.5202
2.0954
1.1327
0.7362
3.7661
3.3697
1.4158
0.6230
2.0105
0.7646
0.6230
0.5097
0.4814
1.2743
7.5040
1.0760
0.5663
0.4814
0.4531
0.4531
0.4531
0.4248
0.4248
0.5097
0.5947
0.5663
1.0477
0.4814
0.3964
0.3964
0.3681
0.3681
0.4248
0.4531
0.4248
0.4248
1.2459
0.4814
0.4248
0.4531
0.8778
1.4442
4.3042
2.3503
1.0477
0.6513
0.5380
0.5097
0.4814
0.4531
0.4248
0.4248
0.4248
0.3964
0.3964
0.4248
0.4814
0.4248
0.3964
0.4814
0.6796
0.4814
0.3964
0.3964
0.6796
0.4248
0.3681
0.3681
0.3398
0.3398
0.3681
0.3398
0.3681
0.3398
0.3398
0.3398
0.3398
0.3398
0.3398
0.3398
0.3398
0.3398
0.3398
0.3398
0.3398
0.3398
0.3115
0.3115
0.3115
0.3115
0.8495
0.3681
0.3398
0.6513
0.3681
0.3398
0.3115
0.3115
0.3115
0.3115
0.2832
0.2832
0.2803
0.2832
0.2832
0.3115
0.3115
0.3398
0.3115
0.2832
0.2803
0.2775
0.2775
0.2832
0.2832
0.2832
0.2832
0.2775
0.2803
0.2832
0.2832
0.2832
0.6796
2.2937
0.5663
0.6230
0.8495
1.6990
0.3398
0.3681
3.9644
0.5380
0.4531
0.6513
3.7661
1.4158
0.8778
0.9911
0.5380
0.4531
1.6707
0.8778
0.5663
1.1327
0.9911
0.5097
0.5380
0.4248
0.3964
0.3964
0.3964
0.3964
0.3681
0.3681
0.3964
0.3964
0.3964
0.3681
0.3681
0.3681
0.3681
1.9539
0.5663
0.3964
0.3681
0.3681
0.3398
0.3398
0.3398
0.3681
0.7362
0.7362
0.9628
0.8778
2.8034
1.4158
1.1610
2.8600
1.9255
1.5857
1.2459
1.1044
0.5380
0.4814
0.4248
9.0048
1.3592
2.6335
1.0194
3.0582
1.5008
14.7531
21.5491
21.5491
8.4101
8.7216
7.5889
2.2087
1.5574
0.9061
0.9345
0.7646
0.7079
0.6513
0.6230
0.5380
0.5097
0.5097
0.4531
0.4248
0.4248
0.5097
0.4248
1.7273
0.5947
0.4248
0.4248
0.3964
0.5097
4.2475
0.7646
0.5663
0.4814
0.5097
0.9911
0.7079
0.5663
0.6513
1.0194
0.6513
0.5380
0.4814
0.4248
0.3964
0.4248
0.3964
0.3681
0.3681
0.3681
0.3398
0.3398
22.5402
9.7976
16.1406
9.0614
13.1107
4.3891
3.5113
1.8689
1.5008
4.6723
17.2166
4.6723
2.8034
2.8600
4.2192
4.1059
2.1238
2.2653
1.6424
1.4442
0.6796
0.9061
0.5947
0.5380
0.5097
0.5097
0.4814
0.4531
0.4531
17.3865
9.8543
9.7976
3.6812
0.9628
0.7362
0.6230
0.6796
0.9061
0.6230
0.5947
0.5380
0.5097
0.8778
1.0760
0.6230
0.5097
0.6796
0.5380
0.4531
0.4531
2.5202
1.0477
0.8778
0.7646
0.7929
2.5202
0.7929
0.5380
0.5097
0.4814
0.4531
0.4248
0.4248
1.4158
11.3834
9.4012
5.6917
2.0671
3.6246
0.3398
0.3398
0.3398
0.3681
0.3398
2.7751
0.7079
0.7646
0.5380
0.5380
0.4248
0.4248
1.4158
0.5663
0.7079
0.4531
0.3964
0.3681
0.8495
8.3252
7.9854
5.0687
0.8778
0.6230
0.5097
0.4531
0.4248
0.4248
0.3681
0.3964
0.7646
0.5663
0.3964
0.3681
20.6996
4.5024
0.9628
2.1804
0.9628
2.2087
0.7362
0.5097
1.9539
0.6513
0.4531
0.3964
0.3681
0.3681
0.3681
0.3398
2.1804
1.1044
0.7079
1.3875
0.4814
0.3964
0.5097
1.1893
4.7572
1.2459
1.0194
9.0897
16.4238
5.8050
2.4636
1.7556
1.5291
2.6335
1.0194
2.9166
25.4568
14.7814
8.4951
7.3057
3.3131
2.4919
1.8972
1.3592
0.9911
0.9061
15.2628
10.8454
12.6010
7.6739
8.3818
6.1448
15.7442
5.0404
2.6335
2.0388
1.8123
1.5574
1.3309
1.1610
0.9061
0.8212
0.7646
1.1327
2.4919
1.8123
2.6618
3.0582
2.3786
4.1059
1.3026
1.6990
7.5040
2.6335
1.3592
3.0865
11.5250
8.6083
8.6933
2.3786
1.5008
1.2176
1.0760
2.0105
1.1893
0.9345
0.6230
0.5663
0.5663
0.5380
0.5097
0.5097
0.4814
0.4531
0.4531
0.4531
0.4248
0.4248
0.4248
0.4248
0.3964
0.3964
0.3964
0.4248
0.3964
0.3964
0.3681
0.3681
0.3681
0.3681
0.3681
0.3681
0.3681
0.3681
0.8212
0.3964
0.3398
0.3115
0.3115
0.3115
0.3115
0.2832
0.2832
0.2832
0.2832
0.2832
0.2832
0.3115
0.3115
0.3115
0.2832
0.2832
0.2832
0.2832
0.2747
0.2747
1.3026
0.3681
0.3398
0.3681
0.3115
0.9345
0.8778
1.1610
5.2669
2.1521
1.5857
0.9061
0.7929
0.7646
1.0477
0.5097
0.3964
0.3681
0.3398
0.3115
0.3964
0.4248
0.4531
0.3964
0.3398
0.3115
0.4814
0.3398
0.3115
0.2803
0.2633
0.2633
0.4531
0.2747
0.2690
0.3115
0.2718
0.3115
2.9733
4.9271
1.7273
0.8495
11.4683
4.1626
2.5485
1.2176
0.7646
0.5380
0.7362
0.9345
0.7929
0.4531
1.5008
2.1521
0.9628
4.8705
8.2402
2.8034
0.7079
0.7362
0.6513
1.8406
0.6230
0.4814
0.4248
0.4814
0.3964
0.5097
0.5097
1.4725
0.8495
4.5590
0.6796
0.4531
0.4248
0.3681
0.3398
0.3398
0.6796
0.4248
0.3398
0.3115
0.3398
0.3398
0.3964
3.7661
0.7362
1.3592
0.5097
0.4531
0.4248
0.3964
0.3681
0.3681
0.4248
0.5663
0.4531
0.3681
0.3681
0.3398
0.3115
0.3398
0.3115
0.3115
0.3115
0.3681
0.9345
0.4248
0.3681
0.3398
0.3115
0.3115
0.3115
0.2832
0.2832
0.2775
0.2662
0.2775
0.3681
0.4248
0.2775
0.2690
0.2662
0.2690
0.2520
0.2435
0.2407
0.2379
0.2407
0.7079
0.3681
0.2775
0.3398
0.2832
2.4352
0.5097
0.3115
0.2747
0.2633
0.2690
0.2662
0.4248
0.4531
2.6901
77.5882
15.2911
15.4893
5.8899
2.8883
9.0614
3.1432
2.0105
1.2743
1.1893
4.1909
3.0582
1.4725
2.0954
3.1715
1.3875
30.0159
9.7410
3.5396
2.3220
1.7556
1.4725
1.1044
0.9061
0.8778
0.8495
0.6230
1.9539
1.1610
3.8228
0.7362
0.6513
0.5947
0.5097
0.4814
0.4814
0.5947
0.4531
0.4531
0.4248
0.3964
0.3964
0.3964
0.3964
0.4814
0.3964
0.3681
0.3681
0.3681
0.3681
0.4248
0.7929
0.3398
0.2832
0.2775
4.7006
0.7929
0.3681
0.3964
0.3398
1.5857
1.8972
0.4814
0.4531
0.7362
0.3398
0.3681
0.3964
0.3115
0.3398
0.3398
0.3115
0.3681
0.4248
0.3398
0.3398
1.0477
7.1925
3.7661
0.8212
0.5380
1.6707
2.2653
2.6901
2.5768
1.0477
0.7079
0.9061
0.8212
1.5008
0.6513
0.4814
0.4531
0.3964
1.1893
0.4531
0.3681
0.3681
0.3398
0.3398
0.3398
0.3398
0.2803
0.2435
0.2435
0.2464
0.2464
8.5234
16.9901
10.9869
2.8600
1.2176
1.3592
1.9255
0.7929
5.0687
4.1343
6.7111
1.8123
1.3309
2.0671
1.6141
0.8778
0.9061
13.9885
28.6000
7.0509
1.8406
1.7556
1.2176
3.3697
1.2743
1.1327
0.7362
0.6796
0.6230
0.5663
0.5663
0.5380
0.5380
2.7751
0.9061
0.8495
0.6796
0.5663
0.5663
0.5097
0.4814
0.5380
0.4814
0.5097
0.7362
0.9345
0.6230
0.5380
0.4814
0.4531
0.4248
0.3964
0.3964
0.9628
9.2596
14.1584
14.5832
11.2418
2.3786
1.6707
1.3592
6.8527
27.8355
39.6436
23.1632
23.2481
20.1333
7.7871
3.0016
2.1804
1.8123
1.6424
1.5574
1.4725
1.5291
1.4158
1.1893
1.7556
2.4352
4.2192
2.4352
2.3220
1.8123
0.7362
0.6230
0.5663
0.5097
0.5097
0.4814
0.4814
0.4814
2.5768
0.7079
0.5380
0.4814
0.4814
0.4814
0.4814
0.5097
0.6796
4.2192
2.7184
0.7362
0.5947
0.7929
0.7362
0.5663
0.7646
1.3026
1.8123
1.7556
1.6707
0.8212
0.6230
0.5380
0.5097
0.4814
0.4531
4.6440
60.5981
18.6608
5.8050
3.0299
11.1568
5.0404
2.9166
0.3115
1.9255
1.9822
1.0194
5.8333
0.9345
0.4814
0.4248
0.3964
0.3681
0.3398
0.3681
0.3681
0.3681
0.6513
0.4248
0.3681
0.4814
0.4814
0.4248
0.3681
0.3398
0.3115
0.3115
1.2176
0.4814
0.3398
0.3115
0.5097
0.3681
0.3398
0.3115
0.3115
0.3398
0.3115
0.3115
0.3115
0.3115
0.3115
0.3115
0.3115
0.3115
0.3115
0.7362
1.5857
7.1358
5.1253
2.0954
2.8883
0.8495
0.5663
0.4531
0.4248
0.3681
0.3681
3.2564
1.6424
0.8778
1.0760
0.9628
0.5663
0.4814
0.4248
0.3964
0.3681
0.3681
0.3398
0.3398
0.3398
0.3398
0.3398
0.3398
0.3398
0.3398
0.3398
0.3398
0.3115
0.3398
0.7079
0.3681
0.3115
0.3115
0.3115
0.3115
0.3398
0.3115
0.3115
1.2459
3.1149
0.7929
0.5947
0.3681
0.3398
0.3398
0.3115
0.3398
0.6230
0.3681
0.3398
0.3115
0.3115
0.3115
0.3398
0.3398
0.3115
0.3115
3.4830
0.8212
0.4814
0.3964
2.2653
6.0881
1.1044
0.7079
0.5947
23.2198
3.9360
1.3309
0.9345
0.7646
0.7079
0.6513
0.6230
0.5663
0.4814
0.3681
0.3681
0.3398
0.6513
0.5097
0.3964
0.3681
0.3398
0.3398
0.3398
1.1893
6.6545
2.2370
0.7362
0.5380
0.4814
0.4248
0.4248
0.3964
0.3681
0.3681
2.2937
0.6230
0.9628
0.6230
1.4442
1.1893
0.5947
0.4814
0.4248
0.3681
4.3891
2.2370
0.9911
0.7079
0.5663
0.5097
0.4814
0.4531
0.4248
0.4248
0.3398
0.3115
0.3115
0.2832
0.2832
0.3115
0.2832
0.2832
0.2832
0.2832
0.3115
0.9345
0.5947
0.3964
6.9943
12.1196
0.2633
0.3115
0.3398
0.3681
0.3681
0.3115
1.2459
1.5008
4.7572
0.8495
1.5291
5.1537
9.0048
1.4158
0.8212
1.8689
0.6230
0.4248
0.3681
0.3681
0.3681
0.8495
0.3681
0.3398
0.5380
0.5097
1.1044
15.4610
10.2507
6.1731
1.9822
2.0954
2.2653
1.2176
1.0477
1.1327
0.8495
2.9733
1.5008
0.7362
0.5947
1.5574
0.7646
1.4158
1.1044
1.5008
1.0194
3.5113
0.9345
1.1610
0.6796
0.5947
0.7646
1.0760
0.8495
0.6513
0.5380
0.4814
0.4531
1.8689
1.7273
2.2653
1.5291
0.8495
1.5291
3.0865
1.8689
3.1998
14.1584
7.0792
4.4741
5.0121
2.0388
1.5291
0.9061
0.6796
0.6230
0.5947
0.5663
0.5097
0.4814
0.4531
0.4248
0.3964
0.4248
0.3964
0.3964
0.3964
0.6230
0.4814
4.9554
2.0954
30.8654
5.3802
3.0865
1.4158
1.0477
0.8495
0.7079
0.6513
0.5947
0.5663
0.5380
1.7556
0.7929
16.3105
3.7661
1.4442
1.0760
0.9345
0.8495
0.7929
0.7929
4.6440
17.8962
3.4263
1.8123
1.4725
1.3026
1.0477
0.7929
0.7362
0.7362
0.8212
0.6230
0.5663
0.5663
0.5380
1.4725
2.9733
1.5291
0.6230
0.5663
0.5097
0.4814
0.4814
0.4531
0.4531
0.4248
0.4248
0.4814
0.4814
0.4248
0.3964
0.3681
0.3681
0.3964
0.3681
1.4725
56.3505
8.7499
2.6335
1.9255
2.4919
1.3592
0.8778
0.7929
0.6796
0.6230
6.3147
2.2653
2.5485
2.4352
1.9255
9.7976
2.1238
0.8778
0.7079
0.6796
0.6230
0.5947
1.0477
1.4442
7.6455
2.9450
5.3519
5.4085
25.1454
5.8616
3.7661
4.3042
5.2669
1.5574
0.6796
0.5663
0.5380
0.5380
0.5097
0.4531
3.7378
0.9345
0.5380
0.4248
0.4248
0.4248
0.3964
0.3681
1.6424
0.9345
0.4531
0.4248
3.1432
2.0954
1.0477
0.5097
0.4531
5.1253
6.6545
1.2176
10.0525
4.7572
2.5202
11.5533
10.0525
2.3503
2.2937
1.6141
1.3309
3.6529
3.8511
2.4069
1.7273
1.1327
0.9911
1.3026
1.0760
2.0671
1.7273
0.7929
0.7079
3.6529
4.7006
1.1327
0.6796
0.5947
0.5663
0.5663
0.5947
0.5663
2.3786
2.4636
10.6188
19.2838
8.1836
8.1553
3.1149
3.2848
2.6901
2.7184
2.7751
1.4725
2.1804
1.2743
1.0477
0.8212
0.7362
0.7079
0.6796
0.6230
0.6513
0.7929
0.8495
0.6796
0.9061
7.0226
13.7054
4.7006
4.3042
11.3267
13.1673
22.6535
8.8632
3.8511
22.3986
25.6834
84.9505
24.2675
8.6650
5.7483
3.4547
1.6141
1.6990
2.7184
5.4652
2.5202
2.3220
2.0954
5.7766
8.2968
5.2669
71.9248
28.0903
9.0331
5.3236
4.0776
4.0493
3.0299
2.6901
2.5202
2.5485
2.4352
2.3503
1.9255
1.9255
1.9539
12.4877
11.3267
17.9529
8.5234
12.4877
7.5889
4.1059
3.3980
1.9255
1.5291
1.3875
1.3875
2.8600
2.0954
1.1893
0.9628
0.8212
0.7929
0.7929
0.7362
0.7079
0.6796
0.7079
0.7079
0.6513
0.8778
1.3309
0.7646
0.6796
0.6230
0.5380
0.5097
0.5097
0.6230
0.6796
0.5663
0.6230
1.3875
0.6796
0.5947
0.6796
0.6513
0.6513
1.9255
1.0194
0.6796
0.6230
0.5947
0.5663
0.5380
0.5097
0.5097
0.5097
0.5380
0.5380
0.4814
0.4531
10.6471
2.9450
1.5574
22.2287
17.5564
4.3891
3.1149
0.9628
4.4457
4.8988
3.3414
1.7273
2.4919
6.4846
1.3026
0.9345
0.7929
0.7929
0.6796
0.7362
0.6230
0.5947
1.2743
0.8495
8.8915
9.5994
1.7556
16.2539
3.9644
1.4158
0.9911
1.1044
1.0477
2.0954
0.9911
1.0760
0.5663
4.2758
1.1327
0.7079
0.7362
16.5654
14.0168
3.4547
2.9733
2.4352
1.1327
0.7646
0.6513
0.5947
0.5663
0.5663
0.6230
0.6796
3.2848
2.0388
0.9061
0.8778
1.1610
2.6618
1.2459
0.7929
0.6796
0.6230
0.5663
0.5380
0.5097
0.5097
0.4814
0.4814
0.4531
0.4531
0.4531
0.4248
0.4248
0.4248
0.4248
0.4248
0.4248
0.4248
0.4248
0.4248
0.4248
0.3964
0.3964
0.3681
0.3681
0.3681
0.3681
0.3681
0.3681
0.3681
0.3681
0.3681
0.3681
0.3681
0.3964
0.3681
0.3398
0.3681
0.9628
1.1610
0.3964
0.4814
0.4531
0.4814
0.3681
0.9345
4.3891
0.7079
0.3964
0.4248
2.1238
0.8495
5.9749
1.6990
1.2743
2.4636
11.3834
35.3961
19.2838
13.5638
3.6246
1.8689
1.2176
0.8495
0.7079
0.6513
0.6513
0.5380
0.4814
0.4531
0.4531
0.4248
0.4248
0.4248
0.3964
0.4248
0.5947
0.4814
0.3964
1.3592
0.9911
0.9061
1.9539
2.7184
23.3048
3.7661
2.8600
2.2653
0.7079
3.1998
9.2879
9.7976
17.6980
36.2456
6.9943
8.0703
3.5962
2.5768
2.4352
2.0105
44.4574
58.0495
17.3582
8.4384
9.3162
37.3782
47.5723
72.2080
48.1386
14.2434
7.8154
5.1537
4.3042
9.8259
9.2879
5.2669
4.1059
42.1921
28.8832
26.4196
14.3850
11.9214
7.9854
0.4248
0.4248
0.4531
0.4248
0.3964
0.3964
0.3681
0.3681
1.2459
1.6707
1.5857
2.0105
4.0776
16.9901
15.5743
3.8511
2.9733
2.4919
1.3026
1.0477
1.1044
1.3592
2.8883
2.1238
1.5008
1.2459
2.2653
1.6141
2.4069
1.6707
0.9345
16.8485
3.9077
1.8972
1.0477
0.8495
0.7079
0.6513
0.5663
0.5663
0.6796
0.5663
0.5097
4.4174
5.9182
2.3220
2.0954
2.9166
1.5857
0.8212
0.7362
0.7079
0.7646
0.9061
0.7646
0.6513
0.5663
0.7362
0.5380
0.6230
0.5663
0.5097
0.6230
0.7646
0.5947
0.5097
0.4814
0.5380
0.4814
0.4814
0.4814
0.4531
0.4531
0.4531
0.4814
1.8123
1.4725
2.3220
0.8495
0.7079
0.5380
0.5380
0.5097
0.4814
0.4814
0.4814
0.4531
0.4531
0.4531
0.4814
0.6513
0.4814
0.4531
0.4531
0.4814
1.1610
2.7751
7.7871
11.2418
5.4085
4.3325
6.2014
21.8323
3.9927
1.7840
1.6424
1.6990
1.3875
0.9911
0.8495
0.5663
0.5380
0.5097
0.4531
0.4531
0.4531
0.4248
0.4248
0.3964
0.4531
0.6513
23.1349
13.6487
9.4861
3.0299
1.6424
1.1327
0.8778
0.7929
0.7362
0.6796
0.6230
0.5947
0.5663
0.5380
0.5380
0.5380
0.5097
0.4814
1.6707
0.9061
0.9061
2.2370
0.9628
2.8317
6.0032
7.5323
4.0776
11.1285
2.4919
2.9166
1.3026
0.8778
0.7646
0.7079
0.7079
0.5947
0.5663
0.5380
21.0111
8.5517
1.9539
2.3786
5.6067
22.9083
5.8050
2.6901
2.0388
2.1804
1.3592
1.4725
0.9061
1.0477
0.8778
0.9345
0.9628
3.0299
1.3875
0.8212
0.6513
0.6230
0.5947
0.9345
0.9061
1.4442
3.1715
1.7840
4.6156
3.2564
1.1893
1.0760
0.6230
0.5097
0.9628
0.5097
0.7929
0.8778
0.4531
0.9061
0.4814
0.3964
0.3964
0.3964
0.3681
0.3681
0.3398
0.3398
0.3398
0.3398
0.5947
0.6230
0.4814
0.4248
0.5380
0.8212
2.5202
4.7855
1.3026
0.9061
3.1998
1.6424
1.0477
0.6230
0.5663
0.5097
0.4814
0.4531
0.5947
0.4814
0.4248
0.4248
0.5097
0.6230
0.4248
0.3964
0.3681
0.3681
0.3681
0.3681
2.2370
24.5507
6.5978
15.6592
9.7693
8.2968
3.7661
18.6042
30.8654
13.9036
71.9248
50.1208
11.3834
5.8899
4.3891
3.4547
3.2281
6.7960
11.2701
7.7871
3.4830
2.3786
6.6545
3.1715
2.3786
2.5768
3.4830
2.0388
1.8972
10.8454
19.7085
28.1186
11.4683
6.0315
10.7038
16.0273
6.6545
3.7378
2.7467
2.5485
2.3503
1.8123
1.4725
1.3592
1.2743
0.9345
0.8495
0.7929
0.7929
0.7646
0.7646
0.7362
0.7362
0.7646
0.7079
0.9911
0.8495
1.7840
5.4368
0.9911
9.9675
2.9733
2.1804
7.0509
5.0404
3.3697
7.5889
49.2713
147.2476
66.2614
28.8832
14.7814
8.0986
5.3519
3.7945
2.8600
2.1521
1.8689
1.6990
1.5857
1.2459
1.0760
1.8972
1.2743
1.0194
0.9345
0.8495
0.8212
0.7929
3.5113
1.2743
0.9345
0.8212
0.7646
0.7362
0.6796
0.6796
0.6513
0.6513
0.6230
0.5947
0.5947
0.5947
0.5947
0.5663
0.5380
0.5097
0.5097
0.5097
0.5097
0.5097
2.8034
8.4667
4.5590
4.0776
12.0347
3.4547
3.1149
2.0954
2.6335
1.3875
1.1610
1.0194
1.3592
1.0477
0.9628
0.3681
0.6230
0.8778
1.1610
0.6796
0.4531
0.3681
0.3681
0.3398
0.5380
0.6513
0.7362
0.8495
0.8778
0.4531
0.5663
0.4248
0.4531
0.3964
0.4531
0.5947
0.4248
0.3964
0.5097
0.3964
0.3681
0.3681
0.3681
0.3681
1.6424
2.1238
0.5097
0.4248
0.4531
0.4248
0.3964
0.3681
0.3398
0.3398
0.5097
0.9911
0.7929
0.5097
0.4248
0.3964
0.4531
5.1253
20.1050
7.3907
1.0477
1.5574
3.1998
13.6770
3.0016
1.5291
0.9345
0.9345
0.8212
0.6513
1.4158
1.0194
0.6796
2.3786
2.3503
0.9061
0.7646
0.6230
0.5663
0.5663
0.6513
4.0776
17.4715
11.1285
168.2021
15.9141
18.1794
16.5370
5.2103
4.8422
16.1972
5.4085
3.2281
2.4069
2.5202
3.7095
2.7467
12.7143
16.5087
7.6739
4.5590
9.9675
76.1723
8.1269
13.7054
9.8259
6.3996
4.0493
3.1432
3.3980
3.7378
2.2653
2.1521
4.1626
2.3220
2.1521
3.0865
20.5863
15.8858
6.3147
3.7095
2.8317
2.3503
2.1521
2.1238
2.4636
2.8600
2.2937
1.8972
1.7840
1.3309
0.9911
1.3026
0.9345
0.9345
0.9061
1.7840
2.0671
1.3592
1.1327
1.1610
1.6707
1.1610
0.7929
0.7646
2.0388
6.1731
2.6901
2.8600
1.9255
2.9733
2.4919
2.5768
1.6141
1.1327
0.8778
0.7929
0.7646
2.0388
1.0477
1.2459
2.4352
2.2937
2.0105
2.0388
4.2758
5.6351
4.0776
11.7798
3.8511
4.0210
2.4919
1.8406
2.0388
2.3220
1.8123
1.3592
1.1893
0.9911
0.9061
0.7646
1.3875
4.9838
7.3907
2.1238
6.5129
2.5485
6.4562
2.4352
1.7840
2.2653
4.7006
6.6545
0.4814
0.9345
1.5008
7.8154
1.6990
1.2459
0.9911
0.9061
0.9628
1.2176
2.3220
1.6424
1.1610
0.9061
0.7929
0.7079
0.6796
0.6230
0.5947
0.4814
0.4531
0.5380
0.4814
0.6230
0.7362
0.6230
0.4814
0.4248
0.5947
1.0194
0.9061
0.7079
1.3875
6.9376
3.4547
2.3220
1.2459
7.6455
4.6440
3.2848
1.8972
4.6156
2.4352
5.9182
39.6436
15.4044
5.0404
14.3850
4.6156
2.5768
1.8689
1.3875
6.5695
1.9539
1.4442
1.3026
22.3137
3.9927
2.2653
1.8972
2.2087
1.5574
1.1610
1.1327
1.2176
1.3592
1.3309
1.2459
1.1327
0.9911
0.9061
0.9628
0.9911
0.9911
0.9628
0.9061
0.8778
0.9061
0.9345
0.9628
0.9628
1.0194
1.0760
0.9628
0.8778
0.8778
0.9061
0.9345
0.8778
0.9911
2.0105
2.0388
2.1804
1.2459
1.1044
4.3608
12.9974
6.2297
2.6618
1.9539
1.6141
1.5291
1.2743
1.0760
1.0477
0.9911
0.9911
0.9628
0.9628
0.9628
0.9061
0.9061
0.9345
0.9345
1.1044
2.0105
1.5574
4.7006
3.8794
2.0388
2.8883
4.0493
2.1521
1.7273
2.4352
1.8689
1.4725
1.3026
1.2176
1.1610
1.0477
0.9628
0.9345
0.9345
0.9628
0.9345
0.9345
0.9628
1.1044
0.9911
0.9061
0.8212
0.8495
0.8495
0.8495
0.9061
0.8778
0.8778
1.0477
1.1044
1.1327
1.0194
0.9061
0.8212
1.9822
2.2653
2.1804
2.0388
2.4352
2.2653
6.7394
2.8317
1.6141
1.3026
1.4158
9.2313
28.3168
4.5024
2.3503
1.8689
1.9822
2.2370
1.6141
1.2176
1.4725
1.3309
1.4158
1.2176
1.2176
1.8972
1.4158
1.3026
0.4814
0.5947
0.6513
1.0477
1.5008
0.6230
0.3681
0.3964
0.4814
0.4814
0.4814
0.3964
0.4531
0.4248
0.3398
0.4248
0.4248
0.3681
0.3681
0.3398
0.3115
0.3115
0.3964
0.3964
0.3398
1.1893
1.8689
1.6424
1.8689
2.4352
1.3592
0.5663
0.4248
0.4531
2.1238
2.8034
7.6739
2.9733
0.7362
0.8212
0.5947
0.9061
0.5380
0.4248
0.5380
1.5008
0.6513
0.3964
1.1610
2.0671
0.6513
0.7362
0.3681
0.3398
0.3398
2.8600
2.2937
2.1238
6.0032
3.7945
0.9628
9.7410
20.6996
49.8377
4.8988
1.7556
0.8212
0.6513
0.6513
45.0238
15.4610
5.0121
4.4457
2.4069
1.6707
1.5008
1.4158
1.2743
1.2459
2.8883
3.2281
2.4636
2.6901
2.4919
2.9166
3.8511
19.3687
52.9525
9.3162
4.9838
3.7378
3.0865
2.4919
2.4069
2.3220
1.8406
1.5574
1.5291
1.5574
1.5857
1.5291
3.0865
2.3220
12.6576
16.2256
14.1301
6.9376
4.7006
4.1909
2.6051
2.1804
1.9539
2.7184
1.8123
1.6707
1.4442
1.3875
1.5291
1.5008
1.4158
1.5008
1.6424
1.5008
1.3875
1.3592
1.3592
1.3592
1.3592
3.6529
3.7945
8.9481
3.0582
42.1921
10.7604
9.4861
5.3802
9.9109
4.6440
3.1432
5.0970
10.3356
8.3535
5.3236
5.6351
5.2669
4.8705
3.5679
2.8600
2.3503
2.1521
2.0671
1.9539
1.8123
14.1018
35.9624
8.9481
4.9838
3.2281
2.1804
2.2087
2.9166
2.8883
2.3503
2.0105
1.8123
1.6990
1.6990
1.5857
2.5202
4.0493
4.3042
2.4069
2.4069
3.7378
4.2475
3.0016
9.7127
4.8705
2.4636
2.0388
2.2653
1.8689
1.1893
1.1610
1.0760
1.0760
0.8495
1.2176
1.1893
2.9450
2.3503
1.2176
1.2743
1.0194
0.8495
1.0477
3.3131
1.5008
1.8689
1.2459
0.9061
0.8495
1.3875
2.8600
1.8406
1.4442
1.1327
0.9061
0.7929
1.2743
1.5008
2.2653
1.8406
3.8228
21.2376
12.9408
14.8097
9.2030
10.0525
7.4473
3.8511
5.2103
2.7467
10.1657
3.4830
2.4069
1.9822
1.5008
1.0477
1.9539
4.4741
6.0315
10.1657
7.6455
5.3802
2.7184
1.9255
1.6990
1.7273
1.8406
1.6141
1.2459
1.1610
2.3503
1.5574
1.4725
1.6141
1.4158
1.0194
0.7929
1.2176
1.2176
1.7556
11.8364
6.0315
9.5428
4.1059
2.6901
2.3220
2.2937
3.0016
6.9093
4.9271
3.0582
2.6335
4.4741
2.8883
2.7751
2.0671
1.5574
1.7556
1.5574
1.4158
1.3875
1.3309
1.2176
1.1327
1.1044
1.0760
0.9345
0.9628
1.1327
1.1327
1.0760
1.1044
1.1044
1.0194
1.0194
1.1044
2.2370
42.1921
10.1374
3.6246
1.9822
1.4442
1.5291
1.4158
1.3875
1.3309
6.7111
3.9077
2.1238
1.7556
1.8689
1.4725
1.1327
0.9628
1.0194
1.2176
1.2176
1.1893
1.8972
1.6707
1.1044
1.0477
1.1327
1.4725
2.1804
1.3026
0.9628
1.1610
1.5291
1.4725
12.3178
4.6156
5.0687
7.5606
10.8454
16.3105
8.2685
74.7565
10.3640
7.5606
15.2061
15.0646
7.9287
27.7788
36.8119
30.0159
12.0630
6.0598
5.3519
7.5606
15.8858
14.4133
11.2984
4.6440
3.3131
2.7751
2.5485
2.8883
4.2475
8.3535
3.0016
2.3503
4.2475
4.0493
5.4935
5.4652
3.6246
2.7751
2.0671
1.8689
1.8689
1.7840
