0.0878
0.0453
0.0453
0.1303
0.0130
0.0110
0.0017
0.0453
0.0079
0.0031
0.0008
0.0651
0.0091
0.0074
0.0079
0.0065
0.0566
0.0193
0.0110
0.0065
0.0048
0.0048
0.0054
0.0110
0.0110
0.0150
0.0150
0.0079
0.0062
0.0042
0.0031
0.0008
0.0008
0.0017
0.0023
0.0023
0.0042
0.0023
0.0023
0.0218
0.0088
0.0042
0.0042
0.0042
0.0042
0.0042
0.0042
0.0042
0.0031
0.0014
0.0008
0.0096
1.6707
0.2832
0.0878
0.2633
0.1331
0.0793
0.0651
0.2237
0.1246
0.0708
0.0368
0.0210
0.0150
0.0091
0.0074
0.0048
0.0023
0.0014
0.3398
1.0760
0.2039
0.1189
0.5097
1.1044
0.1671
0.1189
0.2322
0.1189
0.0736
0.0566
0.0481
0.0340
0.0224
0.0280
0.1699
0.0708
0.0425
0.0280
0.0210
0.0167
0.0136
0.0110
0.0453
0.0150
0.0110
0.0074
0.0062
0.0054
0.0042
0.0054
0.0048
0.0023
0.0008
0.0008
0.0006
0.0065
0.2435
0.0224
0.0122
0.0065
0.0065
0.0031
0.0025
0.1331
0.2832
0.0991
0.0991
0.0510
0.0368
0.0249
0.0193
0.0122
0.0091
0.0074
0.0091
0.2265
0.1246
0.0651
0.0453
0.0368
0.0425
0.0425
0.0340
0.0249
0.0193
0.0150
0.0122
0.0091
0.0079
0.0091
0.0079
0.0074
0.0062
0.0042
0.0034
0.0031
0.0023
0.0017
0.0006
0.0008
0.0008
0.0934
0.0150
0.0065
0.0042
0.0008
0.0198
0.0178
0.0283
0.5663
0.0167
0.0023
0.0008
0.0088
0.0065
0.0042
0.0042
0.0042
0.0042
0.0048
0.0034
0.0031
0.0040
0.0034
0.0031
0.0031
0.0034
0.0014
0.0006
0.0113
0.0062
0.0048
0.0065
0.0167
0.0136
0.0136
0.0122
0.0091
0.0079
0.0065
0.0136
0.0167
0.0136
0.0122
0.0091
0.0074
0.0062
0.0048
0.0034
0.0023
0.0008
0.0006
0.0105
0.0031
0.0008
0.0048
0.0006
0.0425
0.0311
0.0136
0.0074
0.0042
0.0008
0.0161
0.4248
0.0481
0.0224
0.0122
0.0074
0.0054
0.0034
0.0017
0.0054
0.0031
0.0008
0.0011
0.0006
0.0246
0.0221
0.8212
0.3115
0.0906
0.0510
0.0252
0.0130
0.0076
0.0040
0.0031
0.0008
0.0266
0.0062
0.0595
0.0340
0.0204
0.0113
0.0088
0.0057
0.0031
0.0006
0.0133
0.0510
0.0340
0.0227
0.0130
0.0076
0.0045
0.0020
0.0566
0.0184
0.0113
0.0076
0.0057
0.0065
0.1076
0.0278
0.0164
0.0130
0.0102
0.0065
0.0057
0.0040
0.0020
0.0023
0.0204
0.0130
0.0102
0.0076
0.0164
0.0102
0.0088
0.0076
0.0045
0.0031
0.0020
0.0003
0.3115
0.2492
0.1586
0.1189
0.0906
0.0566
0.0396
0.0311
0.0425
0.0278
0.0227
0.0227
0.0204
0.0147
0.0130
0.0102
0.0088
0.0057
0.0025
0.0042
0.0088
0.0034
0.0085
0.0020
0.0023
0.0031
0.0008
0.0045
0.0023
0.0076
0.0130
0.0102
0.0076
0.0017
0.0008
0.0003
0.0096
0.0003
0.0054
0.0003
0.0014
0.0003
0.0020
0.0017
0.0011
0.0020
0.0006
0.0510
0.0538
0.0204
0.0011
0.0003
0.0008
0.0003
0.0006
0.0017
0.4814
0.2435
0.1303
0.0708
0.0453
0.0340
0.3681
0.3964
0.2039
0.1161
0.0651
0.1076
0.1444
0.0651
0.0538
0.0368
0.0278
0.0184
0.0130
0.0102
0.0088
0.0057
0.0031
0.0025
0.0017
0.0017
0.0011
0.0003
0.1614
0.0396
0.0368
0.0227
0.0164
0.0113
0.0102
0.0076
0.0057
0.0045
0.0031
0.3681
0.1756
0.0736
0.0453
0.0311
0.0227
0.0184
0.0164
0.0147
0.0113
0.0102
0.0076
0.0065
0.0057
0.0040
0.0040
0.0057
0.0057
0.0040
0.0210
0.0113
0.0071
0.0048
0.0241
0.1104
0.9345
0.2124
0.1161
0.0651
0.0708
0.0510
0.0340
0.0252
0.0204
0.0164
0.0164
0.0130
0.0102
0.0088
0.0076
0.0040
0.0025
0.0011
0.0008
0.0006
0.0008
0.0008
0.0017
0.0173
0.0076
0.0147
0.0113
0.0076
0.0040
0.0031
0.0011
0.0144
0.0184
0.0147
0.0102
0.0076
0.0057
0.0057
0.0093
0.0130
0.0076
0.0057
0.0040
0.0031
0.0025
0.0008
0.0003
0.4531
0.7929
0.5947
0.2832
0.0538
0.0164
0.0025
0.2690
0.0623
0.0076
0.2265
0.0623
0.3681
0.0425
0.0003
0.5947
1.1327
0.2039
0.0623
0.0368
0.0164
0.0065
0.0006
0.0340
0.0283
1.0477
0.7362
0.2832
0.1019
0.0453
0.0368
0.0311
0.0252
0.0708
0.0425
0.0368
0.0278
0.0227
0.0130
0.0113
0.0113
0.0113
0.0113
0.0113
0.0113
0.0113
0.0102
0.0088
0.0076
0.0076
0.0076
0.0076
0.2039
0.1303
0.0396
0.0164
0.0130
0.0076
0.0057
0.0017
0.0017
0.0011
0.0008
0.0006
0.0008
0.0008
0.0017
0.0368
0.0057
0.0006
0.0065
0.0006
0.1104
0.0311
0.2237
0.2633
0.0311
0.0065
0.0065
0.0008
0.0017
0.0025
0.0006
0.0003
0.0003
0.0623
0.0006
0.0057
0.0311
0.0130
0.0850
0.0510
0.0340
0.0164
0.0538
0.1359
0.0368
0.0130
0.0057
0.0025
0.0017
0.0006
0.0003
0.8495
0.4248
0.1926
0.0623
0.0566
0.0510
0.0425
0.0396
0.0340
0.0184
0.0130
0.0065
0.0040
0.0020
0.0008
0.0425
0.0184
0.0130
0.0130
0.1048
0.1926
0.0623
0.0425
0.0278
0.0164
0.0156
0.0651
0.0651
0.0425
0.0821
0.1642
0.1727
0.0278
0.0040
0.0011
0.1812
0.1926
0.0623
0.0311
0.0311
0.0204
0.0453
0.0278
0.0204
0.0164
0.0102
0.0017
0.0014
0.0011
0.0099
0.0008
