  0.1529
  0.4531
  0.1133
  0.0906
  0.0708
  0.0566
  0.0566
  0.0510
  0.0425
  0.0566
  0.0708
  0.0510
  0.0566
  0.0311
  0.0425
  0.0368
  0.0368
  0.0425
  0.0311
  0.0368
  0.0227
  0.0311
  0.0283
  0.0283
  0.0283
  0.0283
  0.0283
  0.0283
  0.0227
  0.0227
  0.0227
  0.0227
  0.0170
  0.0170
  0.0170
  0.0170
  0.0170
  0.0170
  0.0170
  0.0142
  0.0170
  0.0170
  0.0170
  0.0170
  0.0170
  0.0170
  0.0170
  0.0170
  0.0170
  0.0227
  0.0510
  0.0311
  0.0425
  0.0227
  0.0227
  0.0510
  0.0227
  0.0170
  0.0170
  0.0311
  0.0283
  0.0368
  0.0311
  0.0227
  0.0170
  0.0368
  0.0566
  0.1019
  0.0510
  0.1019
  0.0623
  0.0566
  0.1699
  0.0708
  0.0566
  0.0708
  0.0566
  0.0623
  0.0623
  0.0906
  0.1246
  0.0793
  0.0425
  0.0311
  0.0283
  0.0283
  0.0425
  0.1019
  0.0566
  0.0368
  0.0566
  0.0368
  0.0510
  0.0368
  0.0425
  0.0283
  0.0227
  0.0170
  0.0170
  0.0170
  0.0170
  0.0142
  0.0142
  0.0142
  0.0170
  0.0368
  0.0311
  0.0227
  0.0170
  0.0170
  0.0227
  0.0227
  0.0368
  0.1246
  0.0906
  0.1388
  0.0566
  0.0311
  0.0283
  0.0227
  0.0283
  0.0283
  0.0283
  0.0283
  0.0311
  0.0227
  0.0283
  0.0283
  0.0283
  0.0227
  0.0227
  0.0368
  0.0510
  0.0311
  0.0227
  0.0170
  0.0170
  0.0227
  0.0793
  0.0368
  0.0311
  0.0311
  0.0227
  0.0283
  0.0227
  0.0227
  0.0227
  0.0227
  0.0170
  0.0170
  0.0170
  0.0311
  0.0368
  0.5097
  0.7646
  0.9628
  0.0170
  0.0680
  0.1019
  0.1133
  0.1133
  0.1019
  0.0850
  0.0708
  0.0283
  0.0623
  0.0623
  0.0623
  0.0623
  0.5097
  0.1133
  0.0906
  0.0906
  0.0906
  0.0906
  0.1388
  2.1238
  6.8810
  0.3964
  0.2662
  0.1388
  0.1133
  0.1019
  0.1388
  0.1019
  0.1076
  0.1133
  0.1189
  0.1246
  0.1359
  0.1388
  0.1331
  0.1246
  0.1161
  0.1076
  0.1019
  0.0906
  0.0906
  0.1019
  0.1019
  0.0736
  0.0453
  0.0170
  0.1529
  0.1388
  0.1133
  0.1019
  0.1019
  0.1019
  0.0906
  0.0906
  0.0934
  0.0963
  0.0991
  0.0538
  0.1019
  0.0708
  0.0538
  0.0453
  0.0453
  0.0396
  0.0396
  0.0396
  0.0538
  0.0538
  0.0396
  0.0340
  0.0340
  0.0396
  0.0821
  0.0708
  0.0453
  0.0453
  0.1614
  0.2464
  0.0934
  0.0623
  0.0453
  0.0340
  0.0340
  0.0311
  0.0311
  0.0311
  0.0311
  0.0263
  0.0566
  0.0736
  0.0396
  0.0340
  0.0340
  0.0340
  0.0340
  0.0623
  0.3115
  0.1218
  0.0566
  0.0396
  0.0340
  0.0311
  0.0263
  0.0263
  0.0263
  0.0263
  0.0263
  0.0263
  0.0263
  0.0263
  0.0263
  0.0263
  0.0263
  0.0263
  0.0263
  0.0263
  0.0263
  0.0263
  0.1501
  0.1274
  0.1274
  0.1133
  0.1104
  0.1104
  0.1019
  0.0963
  0.0934
  0.0878
  0.0878
  0.0878
  0.0793
  0.0793
  0.0793
  0.0708
  0.0736
  0.2775
  0.1359
  0.0963
  0.1586
  0.2803
  0.2095
  0.1274
  0.0963
  0.0821
  0.0736
  0.0708
  0.0708
  0.0736
  0.0623
  0.0623
  0.0566
  0.0566
  0.0538
  0.0538
  0.0538
  0.0538
  0.0481
  0.0481
  0.0481
  0.0481
  0.0481
  0.0453
  0.0453
  0.0453
  0.0538
  0.0736
  0.0708
  0.0538
  0.0481
  0.0453
  0.0481
  0.0878
  0.0708
  0.0793
  0.0708
  0.0538
  0.0623
  0.2265
  0.0821
  0.0651
  0.0538
  0.0481
  0.0481
  0.0538
  0.0708
  0.0623
  0.0481
  0.0481
  0.0538
  0.0538
  0.2633
  0.3115
  0.1444
  0.1104
  0.0934
  0.0878
  0.0793
  0.0623
  0.0566
  0.0538
  0.0453
  0.0793
  0.0623
  0.0538
  0.0453
  0.0396
  0.0340
  0.0340
  0.0340
  0.0396
  0.0708
  0.0538
  0.0453
  0.0396
  0.0340
  0.0311
  0.0340
  0.0311
  0.0311
  0.0963
  0.4248
  0.2407
  0.0793
  0.1982
  0.2095
  0.4531
  0.1274
  0.0793
  0.0708
  0.0623
  0.0538
  0.0453
  0.0396
  0.0340
  0.0340
  0.0340
  0.0340
  0.0538
  0.0538
  0.0453
  0.0623
  0.0481
  0.0538
  0.1359
  0.0793
  0.0538
  0.0396
  0.0340
  0.0340
  0.0396
  0.0481
  0.0453
  0.0566
  0.0538
  0.0340
  0.0396
  0.1784
  0.0878
  0.0623
  0.3681
  0.8778
  0.3681
  0.2633
  0.3681
  0.1982
  0.3115
  0.1501
  0.1019
  0.1019
  0.1274
  0.0793
  0.0623
  0.0538
  0.0453
  0.0708
  0.0708
  0.0623
  0.2549
  0.1274
  0.3115
  0.3115
  0.3398
  0.3964
  0.1529
  0.1019
  0.4248
  0.7362
  0.2180
  0.1303
  0.1048
  0.0878
  0.1104
  0.0878
  0.0708
  0.0934
  0.0821
  0.1699
  0.0793
  0.0651
  0.0623
  0.0793
  0.2464
  0.1982
  0.1699
  0.1303
  0.2180
  0.2095
  0.3681
  0.5097
  0.4248
  0.2237
  0.1784
  0.1614
  0.1586
  0.1501
  0.1444
  0.1586
  0.1671
  0.1501
  0.1303
  0.1218
  0.1303
  0.1274
  0.1189
  0.1133
  0.1189
  0.1274
  0.1189
  0.1274
  0.1104
  0.1104
  0.1048
  0.0963
  0.1019
  0.1274
  0.1133
  0.1218
  0.1048
  0.0963
  0.0878
  0.0878
  0.0821
  0.0821
  0.0821
  0.0878
  0.0793
  0.0736
  0.0736
  0.0708
  0.0708
  0.0708
  0.0651
  0.0651
  0.0623
  0.0623
  0.0623
  0.0623
  0.0623
  0.0623
  0.0708
  0.0736
  0.0651
  0.0623
  0.0623
  0.0623
  0.0623
  0.0566
  0.0538
  0.0538
  0.0538
  0.0538
  0.0538
  0.0538
  0.0623
  0.3115
  0.1303
  0.0793
  0.0623
  0.0566
  0.0538
  0.0538
  0.0538
  0.0538
  0.0481
  0.0453
  0.0453
  0.0453
  0.0453
  0.0453
  0.0453
  0.0538
  0.0623
  0.0538
  0.0453
  0.0934
  0.1897
  0.1189
  0.0708
  0.0538
  0.0708
  0.0878
  0.0396
  0.0396
  0.0396
  0.0396
  0.0396
  0.0396
  0.0396
  0.0396
  0.1416
  0.0878
  0.0538
  0.3398
  0.1048
  0.0623
  0.0538
  0.0453
  0.0396
  0.0340
  0.0340
  0.0453
  0.0708
  0.0623
  0.0453
  0.0396
  0.0623
  0.0566
  0.2265
  0.1048
  0.0623
  0.0481
  0.0453
  0.0396
  0.0396
  0.1133
  0.1756
  0.0793
  0.0538
  0.0396
  0.0340
  0.0340
  0.0311
  0.0311
  0.0311
  0.0263
  0.0263
  0.0263
  0.0263
  0.0311
  0.0340
  0.1444
  0.0623
  0.0396
  0.0311
  0.0263
  0.0263
  0.0218
  0.0218
  0.0218
  0.0218
  0.0218
  0.0218
  0.0218
  0.0218
  0.0218
  0.0218
  0.0218
  0.0176
  0.0176
  0.0176
  0.0176
  0.0218
  0.0218
  0.0218
  0.0218
  0.1218
  0.1303
  0.0623
  0.0396
  0.0311
  0.0311
  0.0453
  0.0623
  0.0396
  0.0934
  0.0878
  0.0934
  0.0934
  0.0934
  0.1444
  0.2265
  0.4248
  0.1897
  0.1359
  0.1019
  0.1048
  0.1019
  0.0934
  0.1048
  0.0878
  0.0934
  0.0878
  0.0934
  0.5380
  0.3681
  0.1529
  0.1133
  0.1019
  0.1133
  0.1019
  0.0878
  0.0793
  0.0736
  0.0708
  0.0651
  0.0651
  0.0651
  0.0821
  0.1501
  0.2407
  0.1303
  0.1104
  0.1359
  0.1133
  0.0934
  0.0793
  0.0708
  0.0651
  0.0623
  0.0623
  0.0623
  0.0566
  0.0566
  0.0566
  0.0538
  0.0538
  0.2010
  0.7079
  0.3115
  0.4531
  0.2633
  0.1218
  0.0934
  0.0793
  0.0736
  0.0651
  0.0623
  0.0623
  0.0623
  0.0708
  0.0708
  0.0623
  0.0538
  0.0538
  0.0538
  0.0538
  0.0538
  0.0481
  0.0481
  0.0566
  0.0481
  0.0453
  0.0453
  0.0453
  0.0453
  0.0538
  0.0708
  0.0538
  0.0453
  0.0453
  0.0396
  0.0396
  0.0340
  0.0340
  0.0340
  0.0311
  0.0340
  0.0340
  0.0311
  0.0311
  0.0311
  0.0538
  0.0538
  0.0538
  0.0538
  0.0538
  0.0538
  0.0538
  0.0218
  0.0218
  0.0218
  0.0218
  0.0218
  0.0218
  0.0218
  0.0218
  0.0218
  0.0218
  0.0218
  0.0218
  0.0218
  0.0218
  0.0218
  0.0218
  0.0218
  0.0218
  0.0176
  0.0176
  0.0176
  0.0176
  0.0176
  0.0176
  0.0176
  0.0878
  0.0878
  0.0878
  0.0878
  0.0878
  0.0878
  0.0878
  0.0878
  0.0708
  0.0708
  0.0708
  0.0708
  0.0708
  0.0708
  0.0311
  0.0263
  0.0218
  0.0218
  0.1671
  0.1416
  0.0453
  0.0311
  0.0311
  0.0263
  0.0878
  0.1218
  0.3964
  0.2095
  0.1218
  0.0708
  0.1104
  0.1048
  0.1133
  0.0963
  2.8034
  0.8778
  0.2010
  0.1897
  0.1897
  0.1104
  0.1501
  0.1359
  0.2464
  0.1104
  0.0793
  0.0793
  0.1784
  0.1501
  0.0878
  0.0708
  0.0566
  0.0538
  0.0538
  0.0538
  1.8406
  0.7362
  0.4814
  0.4248
  0.3681
  0.3115
  0.3115
  0.2718
  0.2549
  0.2407
  0.2265
  0.2152
  0.2010
  0.1982
  0.2180
  0.1926
  0.1756
  0.2464
  0.2152
  0.2010
  0.2010
  0.1671
  0.1444
  0.1416
  0.8778
  0.3398
  0.2180
  0.1982
  0.1699
  0.1586
  0.1784
  0.1699
  0.1614
  0.1416
  0.1274
  0.1218
  0.1218
  0.1133
  0.1104
  0.1104
  0.1048
  0.1019
  0.1019
  0.0963
  0.0963
  0.0934
  0.0934
  0.0878
  0.0878
  0.0821
  0.0821
  0.0878
  0.0878
  0.0934
  0.1303
  0.1501
  0.4248
  0.1529
  0.1048
  0.0934
  0.3115
  0.3964
  0.1303
  0.0963
  0.0821
  0.0821
  0.0821
  0.0793
  0.0736
  0.0708
  0.0708
  0.0651
  0.0651
  0.0651
  0.0651
  0.0623
  0.0651
  0.0708
  0.0708
  0.0651
  0.0651
  0.0651
  0.0708
  0.0651
  0.0651
  0.0623
  0.0566
  0.0566
  0.0566
  0.0566
  0.0566
  0.0566
  0.0623
  0.0623
  0.0566
  0.0566
  0.0566
  0.0566
  0.0538
  0.0538
  0.0538
  0.0538
  0.0538
  0.0481
  0.0481
  0.0481
  0.0481
  0.0481
  0.0481
  0.0538
  0.0821
  0.1897
  0.0934
  0.2633
  0.2180
  0.0878
  0.0651
  0.0623
  0.0538
  0.0538
  0.0481
  0.0481
  0.0481
  0.0481
  0.0481
  0.0481
  0.0481
  0.0481
  0.0481
  0.0538
  0.0651
  0.0566
  0.0538
  0.0538
  0.0793
  0.0793
  0.0793
  0.0623
  0.0538
  0.0538
  0.2407
  0.1303
  0.0708
  0.0538
  0.0453
  0.0453
  0.0453
  0.0396
  0.0396
  0.0396
  0.0396
  0.0396
  0.0396
  0.0396
  0.0396
  0.0396
  0.0396
  0.0396
  0.0396
  0.0396
  0.0340
  0.0340
  0.0396
  0.0340
  0.0340
  0.0340
  0.0340
  0.0396
  0.1897
  0.1841
  0.0623
  0.0878
  0.4248
  0.1501
  0.2379
  0.0878
  0.0623
  0.0538
  0.0453
  0.0453
  0.0396
  0.0396
  0.0396
  0.0878
  0.0878
  0.0963
  0.0878
  0.2180
  1.1893
  0.2407
  0.1529
  0.1218
  0.1048
  0.0963
  0.0934
  0.1303
  0.7079
  1.2743
  1.9822
  0.7079
  0.3681
  0.2633
  0.3115
  2.8883
  0.6513
  0.3964
  0.3398
  0.3115
  0.2407
  0.6796
  0.3115
  0.2379
  0.2067
  0.1841
  0.1671
  0.1529
  0.1416
  0.1359
  0.1303
  0.1303
  0.1274
  0.1218
  0.1189
  0.1133
  0.1133
  0.5947
  0.3681
  0.2718
  0.1614
  0.1274
  0.1218
  0.1218
  0.1897
  0.1218
  0.2322
  0.2095
  0.2832
  0.2379
  0.1841
  0.1671
  0.2152
  0.1274
  0.1104
  0.0963
  0.0934
  0.0878
  0.0878
  0.0821
  0.0793
  0.0793
  0.0793
  0.0793
  0.0821
  0.0793
  0.0793
  0.0736
  0.0708
  0.0708
  0.0708
  0.0651
  0.0651
  0.0623
  0.0651
  0.0651
  0.0623
  0.0623
  0.0566
  0.0566
  0.0623
  0.1586
  0.0878
  0.2577
  0.2322
  0.2803
  0.1303
  0.0793
  0.0708
  0.0623
  0.0566
  0.0566
  0.0538
  0.0538
  0.0566
  0.5380
  0.4814
  0.5663
  0.2832
  0.1841
  0.3115
  0.2237
  0.1133
  0.1104
  0.1926
  0.1133
  1.1327
  0.3398
  0.1982
  0.1303
  0.1048
  0.0878
  0.0821
  0.0793
  0.0793
  0.0736
  0.0736
  0.0736
  0.0793
  0.0708
  0.0708
  0.0623
  0.0623
  0.0623
  0.0708
  0.2237
  0.1671
  0.1416
  0.1048
  0.0736
  0.0623
  0.0623
  0.0623
  0.0651
  0.0566
  0.0538
  0.0538
  0.0538
  0.0566
  0.0538
  0.0481
  0.0481
  0.0453
  0.0453
  0.1586
  0.0708
  0.0566
  0.0538
  0.0538
  0.0538
  0.0538
  0.0481
  0.0453
  0.0453
  0.0396
  0.0396
  0.0396
  0.0396
  0.0396
  0.0396
  0.0396
  0.0396
  0.0396
  0.0396
  0.0396
  0.0396
  0.0396
  0.0396
  0.0396
  0.0396
  0.0396
  0.0396
  0.0396
  0.0396
  0.0453
  0.0453
  0.0453
  0.0538
  0.4814
  0.3681
  0.3115
  0.2832
  0.4248
  1.8972
  1.0194
  0.4531
  0.4814
  0.8778
  0.5097
  0.4531
  0.4531
  0.3681
  0.3681
  0.2832
  0.2492
  0.2832
  0.2832
  0.2180
  0.1982
  0.1784
  0.2265
  0.2237
  0.1756
  0.1586
  0.1501
  0.1416
  0.1529
  0.1756
  0.0934
  0.0934
  0.0934
  0.0934
  0.0934
  0.0934
  0.0934
  0.0793
  0.0793
  0.0793
  0.0793
  0.0793
  0.0793
  0.0793
  0.0793
  0.0793
  0.0793
  0.0878
  0.0878
  0.0878
  0.0878
  0.0878
  0.0878
  0.0566
  0.0566
  0.0566
  0.0566
  0.0566
  0.0566
  0.0566
  0.0566
