  3.5962
  3.5962
  3.5962
  4.8422
  4.8422
  4.8422
 26.3347
 26.3347
 26.3347
 26.3347
 22.3703
 22.3703
 22.3703
 20.3881
 20.3881
  4.8422
 43.3248
 28.3168
 26.3347
 24.3525
  9.3446
  6.2297
  6.2297
  6.2297
  6.2297
  6.2297
  6.2297
  6.2297
  6.2297
  6.2297
  6.2297
  4.8422
  4.8422
  4.8422
  4.8422
  3.5962
  4.8422
  4.8422
  4.8422
  4.8422
  4.8422
  2.4919
  2.4919
  4.8422
  7.7305
  4.8422
  4.8422
  3.5962
  4.8422
  2.4919
  2.4919
  3.5962
  3.5962
  3.5962
  3.5962
  3.5962
  7.7305
  7.7305
  6.2297
  3.5962
  3.5962
  3.5962
  3.5962
  2.4919
  2.4919
  2.4919
  2.4919
  2.4919
  2.4919
  2.4919
  2.4919
  2.4919
  2.4919
  2.4919
  2.4919
  2.4919
  2.4919
  2.4919
  2.4919
  2.4919
  2.4919
  2.4919
  2.4919
  3.5962
  2.4919
  2.4919
  2.4919
  2.4919
  2.4919
  2.4919
  2.4919
  3.5962
  2.4919
  2.4919
  2.4919
  3.5962
  3.5962
  3.5962
  2.4919
  2.4919
  4.8422
  3.5962
  3.5962
  3.5962
  3.5962
  3.5962
  2.4919
  3.5962
  2.4919
  2.4919
  2.4919
  3.5962
  3.5962
  2.4919
  2.4919
  2.4919
  3.5962
  3.5962
  2.4919
  2.4919
  3.5962
  3.5962
  2.4919
  2.4919
  2.4919
  2.4919
  2.4919
  2.4919
  2.4919
  2.4919
  2.4919
  2.4919
  2.4919
  2.4919
  2.4919
 26.3347
  3.5962
  2.4919
  2.4919
  2.4919
  2.4919
  2.4919
  2.4919
 11.0153
  4.8422
  3.5962
  2.4919
  3.5962
 32.5644
  4.8422
  3.5962
  4.8422
  3.5962
  3.5962
  4.8422
  4.8422
  3.5962
  4.8422
 43.3248
  4.8422
  3.5962
  2.4919
  2.4919
  2.4919
  2.4919
  2.4919
  2.4919
  2.4919
  3.5962
  2.4919
  2.4919
  2.4919
  2.4919
  2.4919
  2.4919
  2.4919
  2.4919
  2.4919
  2.4919
  2.4919
  2.4919
  2.4919
  2.4919
  2.6335
  2.6335
  3.5113
  3.5113
  2.6335
  2.6335
  2.6335
  3.5113
  3.5113
  3.5113
  3.5113
  2.6335
  4.4741
  3.5113
  3.5113
  2.6335
  2.6335
  2.6335
  2.6335
  2.6335
  2.6335
  2.6335
  2.6335
  2.6335
  3.5113
  2.6335
  3.5113
  3.5113
  3.5113
  4.4741
  2.6335
  4.4741
  2.6335
  2.6335
  3.5113
  3.5113
  5.6634
  3.5113
  3.5113
  3.5113
  3.5113
  5.6634
  3.5113
  3.5113
  3.5113
  3.5113
  3.5113
  3.5113
  3.5113
  3.5113
  3.5113
  3.5113
  3.5113
  3.5113
  2.7184
  2.6335
  2.6335
  2.6335
  3.5113
  3.5113
  2.6335
  2.6335
  2.6335
 23.3614
  3.5113
  3.5113
  3.5113
  3.5113
  3.5113
  4.4741
  3.5113
  3.5113
  3.5113
  4.4741
  3.5113
  3.5113
 10.3073
  3.5113
  3.5113
  2.6335
  2.6335
  3.5113
  3.5113
  3.5113
  3.5113
  3.5113
  3.5113
 10.3073
  3.5113
  3.5113
  3.5113
  3.5113
 33.4139
 10.3073
 10.3073
 10.3073
  3.5113
  3.5113
  3.5113
  3.5113
  3.5113
  3.5113
  3.5113
  7.0226
  5.6634
  4.4741
  3.5113
  3.5113
  4.4741
  3.5113
  2.6335
  2.6335
  2.6335
  3.5113
  3.5113
  3.5113
  2.6335
  4.4741
  3.5113
  2.6335
  2.6335
  2.6335
  2.6335
  2.6335
  2.6335
  2.6335
  2.6335
  3.5113
  3.5113
  3.5113
  3.5113
  2.6335
  2.6335
  3.5113
  4.4741
  4.4741
  3.5113
  7.0226
  4.4741
  3.5113
  2.6335
  2.6335
  3.5113
  3.5113
  2.6335
  3.5113
  3.5113
  3.2281
  3.5113
 10.3073
  4.4741
  7.0226
  5.6634
  4.4741
  7.0226
  4.4741
  3.5113
  3.5113
  3.5113
  4.4741
  3.5113
  3.5113
  2.6335
  2.6335
  3.5113
  3.5113
  3.5113
  2.6335
  2.6335
  2.6335
  2.6335
  3.5113
  2.6335
  2.6335
  2.6335
  2.6335
  2.6335
  1.9255
  1.9255
  1.9255
  4.4741
  3.5113
  3.5113
  1.7556
  1.4442
  1.7556
  1.7556
 14.4699
 10.7321
  4.0210
  3.5113
  2.5485
  2.1521
  1.7556
  1.7556
  1.7556
  1.7556
  1.7556
  1.4442
  1.7556
 25.4002
  8.9764
  7.4473
  5.9182
 11.6099
 21.6907
 21.6907
  7.4473
  4.5873
 13.4788
  8.2402
  4.5873
  4.0210
 20.5863
 56.6337
  8.9764
  5.0404
  3.3414
  2.4636
  7.2208
 31.1485
 29.7327
 10.7321
  5.0404
  3.3414
  2.4636
  1.7556
  5.6917
  4.3891
  2.8883
  3.3414
  3.3414
  8.0986
  9.8543
  8.0986
  2.8883
  5.0404
  8.0986
  2.8883
  6.4846
  7.2208
  4.3891
  5.0404
  4.3891
 32.2812
  8.9764
  3.8511
  2.8883
  4.3891
  3.3414
  2.4636
 19.4820
  8.0986
  4.3891
  2.4636
  1.7556
  2.4636
  2.0954
  1.2176
  3.3414
  2.4636
  2.8883
  4.3891
  3.8511
  2.8883
113.8337
  7.2208
  7.2208
  4.3891
  4.3891
 11.7515
  5.0404
  3.3414
  2.4636
  5.6917
  3.8511
  3.3414
  4.3891
  8.0986
  5.6917
  3.8511
  7.2208
  4.3891
  7.2208
  5.0404
  2.8883
  2.8883
  2.8883
  2.8883
  8.9764
  4.3891
  8.0986
  3.3414
  2.8883
  2.0954
  1.7556
  1.7556
  2.4636
  4.3891
  2.8883
  2.0954
  4.3891
 17.0751
 19.4820
 10.7321
  5.0404
  3.3414
  2.8883
 19.4820
 17.0751
  8.0986
  5.0404
 24.5224
  3.8511
  3.3414
 14.8947
  5.0404
  2.8883
  2.4636
  2.4636
  2.0954
  3.3414
  3.3414
  2.8883
  2.8883
  2.0954
  4.3891
 21.9172
 14.8947
  5.6917
  3.3414
  2.8883
  3.3414
 13.7903
 14.8947
 10.7321
  5.0404
  5.6917
  3.8511
  5.0404
 11.7515
 56.0674
  9.8543
  5.6917
  5.6917
  5.0404
  4.3891
 20.6713
 20.6713
 24.5224
  8.9764
  5.6917
  5.6917
 19.4820
  7.2208
  5.0404
  3.3414
  3.8511
 73.6238
168.7684
 44.7406
271.2754
 44.7406
 19.4820
 15.9990
 13.7903
  1.7556
  1.7556
  1.5008
  1.5008
  1.7556
 11.7515
  3.3414
  2.0954
  5.0404
  2.4636
  2.0954
  2.0954
  2.8883
  2.0954
 17.0751
 27.1559
  9.8543
  5.0404
  9.8543
  9.8543
  5.6917
  7.2208
  9.8543
 24.5224
 25.8533
 70.2258
 25.8533
 15.9990
 28.6000
 25.8533
 14.8947
 17.0751
 10.7321
  8.9764
 28.6000
  5.0404
  6.4846
  3.8511
  3.8511
  3.8511
 17.0751
  3.8511
  2.8883
  2.8883
  3.3414
  2.8883
  2.8883
  4.3891
  2.4636
  2.8883
  3.3414
  2.8883
  2.8883
  2.8883
  2.8883
  2.4636
  2.4636
  2.4636
  2.4636
  2.0954
  2.0954
  1.7556
  1.7556
  1.7556
 23.2198
  5.6917
  3.8511
  3.8511
 10.7321
  5.0404
  2.4636
  2.8883
  2.4636
  2.8883
  2.4636
  2.8883
 10.7321
 10.7321
 11.7515
 18.3210
 18.3210
  6.4846
  6.4846
  5.0404
  8.9764
  5.0404
 10.7321
 14.8947
 12.7143
  6.4846
  5.0404
  5.6917
  5.6917
  5.6917
  5.0404
  5.0404
  5.0404
  4.3891
  7.2208
  4.3891
  8.0986
  5.0404
  4.3891
  5.6917
  5.0404
  3.8511
  5.6917
  3.3414
  4.3891
 10.7321
  3.8511
  8.9764
  6.4846
  4.3891
  3.8511
  3.3414
 10.7321
  5.0404
  6.4846
  4.3891
  3.3414
  3.3414
  3.3414
  5.6917
  3.3414
  8.9764
  5.0404
 17.0751
  5.6917
 28.6000
 28.6000
  6.4846
  5.6917
  5.6917
  6.4846
  3.3414
  7.2208
  6.4846
  5.6917
  4.3891
  3.8511
  8.9764
  7.2208
  6.4846
  5.0404
  5.0404
  4.3891
  3.8511
  2.8883
  3.3414
  2.8883
  3.3414
  3.3414
  3.3414
  2.8883
  3.3414
  3.3414
  5.6917
  3.3414
  3.3414
  3.3414
  3.3414
  3.8511
  8.0986
  7.2208
  4.3891
  3.8511
  3.3414
  5.0404
  3.3414
  5.0404
  3.8511
 10.7321
 19.4820
  9.8543
  7.2208
  8.9764
 14.8947
 17.0751
 17.0751
  8.9764
 10.7321
 12.7143
  2.6335
  2.6335
  2.1804
  2.1804
  2.1804
  2.1804
  1.7556
  2.1804
  1.7556
  2.1804
  2.1804
  1.7556
  1.4158
  3.6812
  2.1804
  1.4158
  2.6335
  4.8988
  2.1804
  2.6335
  1.7556
  1.7556
  1.7556
  1.7556
  7.8721
  3.6812
  9.6277
  4.8988
  2.6335
 18.8307
 26.7311
 24.0976
  6.3147
  1.4158
 37.3782
 20.1616
 11.8364
 11.8364
 20.1616
 18.8307
 35.9624
 10.7321
  5.6067
  4.3042
  4.8988
  4.8988
  3.6812
  3.6812
  8.7499
 14.0168
  5.6067
  8.7499
  8.7499
  7.8721
  7.8721
 11.8364
 15.1212
  6.3147
  4.3042
  4.3042
  4.8988
  3.6812
  3.1432
  3.6812
  4.3042
  5.6067
  6.3147
  4.3042
  9.6277
  6.3147
  4.3042
  5.6067
  3.6812
  4.3042
  3.6812
  3.1432
 11.8364
  7.1075
  4.3042
  5.6067
  7.1075
 11.8364
  6.3147
  5.6067
  3.6812
  4.8988
  4.3042
  3.6812
  4.3042
  3.6812
  5.6067
 14.0168
  5.2669
  7.1925
  7.1925
  5.2669
  4.1626
  3.6812
  3.1998
  3.1998
  3.1998
  3.6812
  3.1998
  7.1925
 11.8364
  6.4846
  7.1925
 26.7311
 11.8364
  5.8616
  6.4846
  7.8721
  4.7289
  4.1626
  3.6812
  3.1998
  6.4846
 16.1972
  3.1998
  3.1998
  2.7467
  4.1626
  3.1998
  7.1925
  6.4846
  8.7499
  5.2669
  4.1626
  8.7499
  6.4846
  4.1626
  4.1626
  4.1626
  3.6812
  3.6812
  3.6812
  8.7499
  4.1626
  6.4846
  7.1925
  6.4846
  8.7499
  5.8616
  5.8616
  3.6812
  7.8721
  3.6812
  3.1998
  3.1998
  2.7467
  3.1998
  2.7467
  2.7467
  2.3220
  2.7467
  2.3220
  2.7467
  2.3220
  2.3220
  4.1626
  2.7467
  4.1626
  3.1998
  3.1998
  2.3220
  3.1998
  2.3220
  2.3220
  2.3220
  3.1998
  3.1998
  3.1998
  2.7467
  2.7467
 29.7327
 10.7321
  4.1626
  4.1626
 42.1921
 10.7321
  9.6277
  5.8616
  4.7289
  5.8616
  5.2669
  8.7499
  5.2669
  4.7289
  4.7289
  4.7289
  4.1626
  5.2669
  6.4846
  5.8616
 14.0168
 11.8364
  7.1925
  7.1925
  7.8721
  5.8616
  5.2669
  4.7289
  4.1626
  4.1626
  4.7289
  7.1925
  4.1626
  4.1626
  4.1626
  4.1626
  4.1626
  4.1626
  7.8721
 46.4396
  6.4846
  5.2669
  7.8721
  4.7289
  4.1626
  3.6812
  3.1998
  3.1998
  4.1626
  4.1626
  3.6812
  3.6812
  4.1626
  2.7467
  3.1998
  5.2669
 35.9624
 70.2258
 32.8475
 40.4931
 21.4642
  6.4846
  5.8616
  5.2669
  5.8616
  4.7289
  4.1626
  7.1925
 12.9125
 17.5281
 14.0168
  6.4846
  6.4846
  6.4846
  7.8721
 11.8364
 54.3683
 20.1616
 18.8307
  8.7499
  7.1925
  6.4846
  4.7289
  4.7289
  4.7289
 28.2602
 61.4476
  9.6277
  7.1925
  6.4846
  6.4846
  5.2669
  4.1626
  4.1626
  3.6812
  3.6812
  3.6812
  3.6812
  3.6812
  3.6812
  3.7378
  3.7378
  8.9764
  8.2402
  4.7855
  5.1820
  5.6634
  4.7855
  5.6634
  6.7960
 27.3824
  6.7960
  6.1448
  5.6634
  4.7855
  4.7855
  7.4473
  5.1820
  4.0210
  4.0210
  4.3891
  4.0210
  4.0210
  4.3891
  9.8543
  4.7855
  4.7855
  6.1448
  4.7855
  4.3891
  4.0210
  3.5962
  4.0210
  3.7378
  4.7855
  3.7378
  3.5962
  3.7378
  3.5962
  3.5962
  3.5962
  3.7378
  8.2402
  7.4473
 12.7143
  6.7960
 24.3242
  5.6634
  4.7855
  4.0210
  4.0210
  3.7378
  2.7467
  3.5113
 28.8832
  4.3891
  4.0210
  3.7378
  3.7378
  4.0210
  3.7378
  3.7378
  3.7378
  3.5113
  3.2848
  3.2848
  3.2848
  3.2848
  3.2848
  3.2848
  3.2848
  3.2848
  3.1432
  3.5113
  4.0210
 22.7667
 22.7667
  4.3891
 24.3242
 10.7321
  4.0210
  3.7378
  3.7378
  3.7378
  3.5113
  3.7378
  3.5113
  4.0210
  9.8543
  4.3891
  5.6634
  4.0210
  6.7960
 24.3242
157.7248
 27.3824
 17.5281
  8.9764
  7.4473
  6.1448
 16.1972
 67.3941
103.0733
 36.8119
 69.6594
 22.7667
 12.7143
  8.9764
  6.1448
 25.8533
 12.7143
 10.7321
  7.4473
  8.9764
  6.1448
  5.1820
  4.7855
  5.6634
  6.7960
  4.3891
  4.0210
  4.0210
  4.0210
  4.0210
  4.3891
 27.3824
 48.9881
  9.8543
  5.1820
  6.1448
  5.6634
  5.1820
 14.8947
 18.8307
  6.1448
  4.7855
  9.8543
 25.8533
  7.4473
  6.1448
  5.6634
  6.7960
  2.9733
105.6218
  6.7960
  5.6634
  8.9764
  6.7960
  8.2402
  6.7960
 80.7030
 65.4119
 10.7321
  6.7960
  6.1448
  5.6634
  5.1820
  5.1820
  5.1820
  4.7855
  4.7855
  4.7855
  4.3891
  4.7855
  9.8543
 10.7321
  7.4473
  6.1448
  6.7960
  5.6634
  4.7855
  5.1820
  6.7960
 12.7143
  7.4473
  5.6634
  5.1820
 10.7321
  3.1432
  5.1820
  8.9764
  5.1820
  4.7855
  3.5113
  3.4263
 12.0347
  5.2669
 24.8905
  4.0210
 18.1794
 11.1568
 11.8364
 22.1155
  6.5412
 12.0347
 12.2612
  9.8259
  9.5994
  7.0226
  5.3802
  7.1358
  9.2030
  9.5994
  9.5994
  6.8244
  5.6634
 23.4463
  9.2030
 22.1155
  7.1358
  6.8244
  7.4473
  6.5412
  5.1253
  5.1253
  4.9838
  4.8705
  4.4741
 15.3194
  9.9958
  6.8244
  6.8244
  5.9182
  5.3802
  4.7289
 13.3656
 44.1743
 16.0840
  9.3729
 14.2434
 51.2535
  9.9958
  8.4951
 10.7887
 15.1212
 14.2434
 10.7887
  9.3729
  8.6650
  7.2774
 15.1212
  4.5873
  4.3891
  4.1626
  3.9360
  4.8705
  7.1358
  3.7378
  3.5113
  3.5113
  3.3414
  6.5412
 11.6099
  5.1253
  5.3802
  4.7289
  5.1253
  5.9182
  4.7289
  3.2281
  3.2281
  3.2281
  3.2281
  3.2281
  3.2281
  3.2281
  3.1432
  5.9182
  3.1432
  3.0582
  3.1432
  2.9733
  2.9733
  2.8883
  2.8034
  2.0671
  1.9255
  1.9255
  1.9255
  2.0671
  1.9255
  1.9255
  1.8972
  1.8406
  1.8406
  1.8406
  1.8406
  1.7556
  1.7556
  3.9360
  9.9958
 11.6099
 26.2780
 29.4495
 66.2614
 23.4463
 10.3923
 11.1568
  6.5412
  5.3802
  4.5873
  4.3891
  4.1626
  3.7378
 14.0168
  3.5113
  3.0582
  2.8034
  7.1358
  6.0315
  4.3891
  4.5873
  3.7378
 14.2434
  3.7378
 15.1212
  6.5412
  3.5962
  3.0582
  2.8034
  6.2297
  5.7766
  3.1432
  2.6335
  2.4919
  5.1253
  4.0210
  3.5113
  3.1432
  2.9733
  2.9733
  2.8034
  2.7184
  3.5113
  2.8883
  2.8034
  3.5962
  3.3414
  2.4919
  2.4919
  2.4069
  2.1804
  2.0671
  7.1358
  3.0582
  3.1432
  2.8034
  2.9733
  3.1432
  2.8034
  2.4919
  2.3786
  2.4069
  2.3786
  2.0671
  1.9255
  1.8972
  1.8406
  1.7556
  1.6990
  1.8406
  3.5113
  1.8406
  1.9255
  1.9255
  2.1804
  2.3786
  2.1521
  1.8972
  1.7556
  1.7556
  1.6990
  1.6990
  1.8406
  4.4741
  3.1432
 11.1568
  2.6335
  1.9255
  5.5218
  5.7766
  3.7378
  2.6335
  3.1432
  4.3891
 12.2612
  7.4473
  4.1626
  3.1432
  2.8034
  3.8511
  3.4263
  2.6335
 12.4877
  4.9838
  9.0331
  9.2030
 13.7903
  5.1253
  4.1626
  3.7378
  3.3414
  2.8883
  0.9628
  6.2297
  5.5218
  4.4741
  3.5962
  2.3786
  2.8883
  2.3786
  2.4919
 12.9125
  3.8511
  2.6335
  2.3786
  4.3042
  8.1553
  4.3891
  2.8034
  2.4919
  2.3786
  2.1804
  2.1521
  2.0671
  2.0105
  2.0105
  2.0105
  7.9854
  2.8883
  2.0671
 12.4877
  4.1626
  2.4919
  2.2653
  2.1804
  1.0194
  4.5873
  3.3414
  2.9733
  2.6335
  2.3786
  2.2653
  2.1804
  2.1521
  2.0671
  1.9255
  2.9733
  1.9255
  1.8406
  1.7556
  1.6990
  1.6990
  1.6990
  1.6990
  1.6990
  2.0671
  2.4069
  6.6545
  5.5218
 19.8501
 10.6471
  6.8244
  5.6634
  4.5024
  3.7661
  3.5113
  3.5962
  3.5113
  3.8794
  5.3519
  6.1731
 62.5802
 30.0159
 27.6939
 18.5192
 24.5224
  9.8543
  8.0703
  6.9659
 12.4311
 11.5533
  8.7499
 18.2644
 30.2990
 26.1081
 14.1018
 12.0347
 12.4877
  7.0226
 12.8275
 10.5056
 15.6875
 34.2634
 20.4448
  8.5800
 11.8364
 10.4206
 19.9634
 24.3242
  9.6277
 19.5953
  7.5323
 18.8024
 11.8648
  7.4473
  5.4368
  4.5873
  5.0687
  4.7855
  3.7661
  3.3414
  3.1432
  3.4263
  6.3147
 17.7547
 12.7426
 13.3089
  7.7022
  3.4263
  4.9554
  6.9093
  7.5889
  6.0881
  4.2758
  7.7022
  4.9554
  8.0986
 10.1091
 12.0347
  6.8244
  5.2669
  6.6261
 11.6665
  7.1925
  5.3802
  4.7289
  6.1448
  4.9554
  8.5800
 14.3283
  8.5800
  7.3624
  6.3996
  8.7499
  6.1448
  4.7855
  4.3325
  4.4741
 14.4982
 10.2507
 12.7992
  5.7766
  5.2953
  4.4741
  4.0776
  3.5396
  4.0210
  3.3131
  3.5962
  3.4263
  3.0299
  3.1149
  5.4368
  3.6246
  3.2564
 13.8469
  8.3535
  5.1820
 11.1285
 19.5386
  7.7022
  6.6261
  4.5024
  4.1909
  9.4295
  4.8705
  4.3325
  3.7661
  3.8228
  7.0509
  7.4473
  4.3325
  4.2192
  3.7378
  3.8228
  3.4263
  3.8228
  3.1432
  3.2564
  3.3131
  2.8883
  2.8317
  2.8600
  4.2758
  5.6067
  5.1820
  3.2281
  3.3131
  2.7467
  2.6335
  2.5768
  3.0582
  7.1925
  3.0865
  3.3414
  4.5873
  4.3325
  3.7661
  2.8883
  2.6901
  2.5768
  2.4919
  2.4636
  2.4636
  2.8600
  2.4352
  2.3220
  2.2937
  2.2370
  2.1804
  2.2653
  2.4919
  2.2653
  2.1238
  2.1804
  3.3414
 52.9525
 12.9974
  4.3325
  3.4263
  2.9450
  2.6618
  2.5768
  2.4919
  2.3220
  1.8972
  1.9255
  2.5485
  1.8689
  2.1804
  9.4578
  5.6917
  4.4741
  4.0776
  5.5501
  9.1180
  4.0776
  4.0493
  3.0299
  3.1149
  3.6246
  4.3891
  3.3131
  3.0016
  2.6901
  2.7184
  2.5485
  2.3786
  2.5768
 11.5533
  6.5412
  7.7022
  9.1180
 12.4877
  6.8244
 10.3073
  6.3996
 10.5622
 50.6872
 13.6770
 10.9586
  5.5501
  4.7006
  3.6246
  3.6812
  3.3980
  6.2580
  4.3891
  6.0881
  4.3891
  4.2758
  3.5962
  2.8034
  2.4636
  2.9733
  2.2653
  2.0954
  1.9539
  1.8972
  2.1804
 15.6875
 15.4610
 24.3525
 15.2345
 30.0159
 20.2465
 27.2408
  8.7499
  5.2953
  4.1909
  3.4547
  3.0865
  2.7184
  2.5768
  2.4069
  2.2370
  2.1238
  2.2087
  1.9822
  1.8972
  1.8406
  1.7840
  1.7273
  1.7273
  1.7273
  1.7556
  2.5485
  1.7556
  2.2937
  1.8972
  1.6990
  1.9539
  2.0105
  2.2653
  2.8317
  4.0776
  3.6246
  9.5428
  7.7022
  3.1998
  3.8511
  3.3131
  3.7378
  4.2758
  4.2758
  3.5962
  7.1358
  9.0331
 11.3834
  8.1553
  5.1253
  3.7661
 13.2240
  5.6917
  4.3325
  5.2953
  9.8543
  5.2669
  6.5695
  5.2669
  4.3891
  4.8139
  4.3891
 17.5281
 19.7085
 26.2780
  6.5695
  4.3891
  3.9360
  3.5113
  3.5113
  3.5113
  5.2669
  7.8721
  3.9360
  3.0582
  3.3131
  3.9360
  2.8600
  5.5218
  4.5873
  3.3980
  2.7467
  3.6246
  3.5396
  4.0493
  4.7006
  5.1820
 10.8737
  4.1909
  5.2669
  3.7661
  3.2281
  3.0865
  5.2953
  3.3980
  3.3131
  2.8034
  2.6618
  2.5485
  2.4919
  2.4069
  2.5485
  2.7184
  2.6051
  4.3891
  2.7467
  2.7184
  2.5485
  2.4069
  2.2087
  3.8228
  2.9450
  2.7467
  3.3131
  2.8317
  3.3131
  3.0299
 14.8097
  5.0687
  8.9764
  4.3325
  5.9465
  3.8511
  7.5323
  4.7289
  4.2475
  3.1432
  2.8600
  2.6618
  2.6051
  2.8317
  7.1075
  7.4473
  7.7588
 10.8170
  5.5501
 26.8161
 30.0159
 18.6042
  8.1553
  9.4578
 47.8555
 41.6258
 11.9214
 48.7050
  9.1180
  6.2297
  5.2669
  4.5873
  4.0493
  3.6812
  3.4547
  3.2564
  3.0299
  3.0865
  3.0582
  6.5695
 17.5281
 21.9172
 21.9172
 26.2780
 17.5281
 10.9586
 65.6951
 87.4991
 21.9172
 19.1422
 11.0436
  7.7022
  6.5695
  5.2669
  3.9360
  4.3891
  3.9360
  6.5695
 26.2780
  8.7499
  4.8139
  4.3891
  3.9360
  4.3891
  3.9360
  3.5113
  3.9360
  3.9360
  3.7378
  3.5113
  8.7499
  5.2669
  6.5695
  8.7499
 10.9586
  7.8721
  8.7499
  7.4473
  6.5695
  5.6917
  5.2669
  4.3891
  3.9360
  3.5113
  3.5113
  3.2848
  4.3891
  6.5695
  8.7499
 17.5281
 10.9586
  8.7499
  6.5695
  5.6917
  6.5695
  7.0226
  4.8139
  5.2669
  4.3891
  4.8139
  4.3891
  3.9360
  6.5695
 13.1390
  6.5695
  4.8139
  3.5113
  5.6917
  3.4263
  2.8600
  2.7184
  2.6335
  6.1448
  7.2208
 12.0913
  5.9465
 27.0426
 23.5596
  6.8244
  4.9554
  3.9360
  3.5396
  5.6067
  5.3519
  3.4547
  3.3697
  6.7960
 83.5347
 14.6398
  7.5889
  5.5501
  4.5590
  4.5590
  3.8228
  3.4263
  3.4263
  3.2848
  3.1149
  2.9450
  2.8600
  2.9733
  2.8883
  2.6618
  3.8228
  2.7467
  7.1075
  7.9287
  6.1448
  3.4263
  3.1149
  3.3697
  3.1149
  5.9182
  3.9927
  2.7467
  2.7184
  3.0299
  3.4263
  6.2580
 10.3073
  4.7006
  4.3325
  5.6917
  3.3697
  2.9733
  4.4174
  2.8883
  2.8883
  3.1432
  2.9733
  2.5485
  4.2475
  3.1149
  2.6618
  2.6618
  3.6812
 10.1091
  3.9360
  3.1149
  3.4547
  2.5768
  2.4636
  2.4069
  4.0210
  3.1149
  2.9450
  2.2370
  2.1521
  3.6246
  3.6812
  5.0687
  2.5485
  2.2370
  2.0954
  2.1804
  2.0105
  1.9822
  1.8972
  2.3220
  2.4636
  2.4069
  2.3786
  2.9733
  2.1804
  1.8972
  1.8972
  1.8972
  1.8972
  1.8972
  1.8972
  1.8972
  1.8972
  1.8972
  1.8972
  1.8972
  1.8972
  3.2281
  1.9822
  1.7556
  1.6707
  1.7556
  1.7556
  1.7556
  3.0582
  2.4636
  1.8406
  3.5113
  2.5485
  2.2653
  2.0105
  3.4263
  1.8406
  1.5857
  1.6990
  1.6141
  1.5857
  1.6707
  1.6141
  1.5857
  1.6990
  1.6707
  1.9822
  2.0954
  1.9255
  1.5008
  3.3697
  2.7467
  1.8972
  1.4442
  9.8259
  3.3697
  1.7556
  1.5291
  1.4442
  1.4158
  1.3592
  1.4158
  1.4158
  1.4442
  1.4158
  1.6707
  2.2653
  1.5008
  1.6707
  1.4442
  1.2743
  1.2743
  1.2176
  1.5008
  6.3147
  1.6707
  1.5291
  1.5008
  1.4158
  1.2176
  1.1893
  1.1327
  1.2743
  1.2176
  1.5008
  1.7556
  2.2653
  2.0954
  2.4636
  5.5218
  2.4636
  1.6141
  1.7556
  1.5857
  2.6618
  3.9360
  2.0105
  1.6990
  1.6990
  2.4919
  1.8972
  1.5857
  1.5857
  1.4158
  1.3026
  1.3026
  1.2743
  4.8139
  1.8972
  1.5857
  2.5485
  3.7095
  1.8406
  4.3891
  2.9450
  2.4636
  2.5485
  2.1804
 54.3683
 47.8555
 10.4206
  5.4652
  4.2192
  3.4547
  2.9733
  3.1432
  4.2192
  3.3697
  3.3697
  3.2848
  3.0582
  3.0299
  7.5323
  3.7661
  2.5768
  3.2848
  2.4636
  2.5485
  5.2103
  2.6618
  2.3220
  2.1521
  2.2370
  2.3786
  2.0105
  1.9255
  1.9822
  2.9450
 12.2329
 28.8832
 21.0677
 21.9172
  7.5040
  5.0687
  4.3325
  8.7216
  4.5590
  3.1998
  2.9450
  2.5485
  2.3220
  2.1521
  2.0105
  1.8972
  1.7840
  1.7840
  2.8883
  2.9450
  1.8406
  2.0954
  2.0105
  1.6707
  1.9255
  1.6141
  1.6990
  1.6707
  1.8406
  2.4636
  1.7840
  1.5857
  1.5291
  1.4158
  1.3592
  1.3026
  1.4158
  1.3026
  6.2580
  6.6828
 10.4489
  8.1836
 19.5103
  7.6455
  5.2103
  8.7782
  6.9376
  7.7305
 65.1287
 26.3347
 13.0257
 11.0436
 13.0257
  9.6277
  6.5129
  4.3891
  3.1149
  2.6335
  2.1804
  2.0671
  1.9822
  2.0954
  2.1804
  2.4636
  2.1804
  2.4636
  2.2653
  2.1804
  3.1149
  4.3891
  8.7782
  3.7661
  2.7184
  3.1715
  2.6901
  2.5485
  2.3786
  2.1804
  2.1521
  2.1521
  4.1059
  2.8883
  2.2370
  2.4069
  2.1238
  3.1998
  2.5202
 20.6713
146.6813
236.1625
 30.8654
  8.1269
  6.1164
  5.1253
  4.9554
  5.2103
 10.7604
 10.8170
  4.5873
  3.9927
  3.9927
  3.4830
  3.2564
  3.0582
  3.0016
  2.8883
  2.8034
  2.7184
  2.7184
  2.9450
  3.0299
  2.5485
  2.4352
  2.4069
  2.3503
  2.3220
  2.2653
  2.2370
  2.2087
  2.1804
  2.1804
  2.1238
  2.1238
  2.2653
  1.7840
  1.9822
  1.9822
  1.7840
  1.6424
  1.5291
  1.5008
  1.5008
  1.6990
  1.5008
  1.5857
  1.5008
  8.4951
  2.3786
  3.2281
  1.8689
  1.6990
  2.2087
  2.2370
  2.2087
  2.9733
 10.5622
  3.4830
  2.3503
  4.5024
 14.6398
  4.0210
  3.8228
  2.6618
  2.5202
  3.7945
  3.2848
  2.3220
  2.1238
  8.6933
  3.0582
  2.9450
  2.7184
  4.5307
  2.8034
  3.9644
  3.7661
  2.4636
  5.9182
 19.6236
 52.3862
  8.5517
  6.9659
  9.3729
  6.8810
  4.9554
  3.8228
  6.2297
  7.8154
  4.4741
  3.9360
  4.1343
  4.6156
  5.1253
  3.9360
  4.8139
  3.7378
  3.3980
  3.1432
  2.9450
  2.7184
  2.6618
  2.5485
  3.1432
  2.7751
  3.3131
  4.8705
  3.3131
  3.4547
  5.3519
  3.9360
  3.2281
  2.8034
  2.5768
  2.6618
  5.0970
  3.9360
  3.4547
  2.5768
  2.3786
  2.5485
  2.5485
  2.4636
  2.7184
  2.6618
  2.2370
  2.1521
  2.0671
  2.0671
  2.0105
  1.9822
  2.1238
  4.2475
  3.3980
  2.8317
  2.5485
  7.6455
  2.2653
  1.9822
  2.3786
  9.3446
 11.3267
  4.8139
  3.6812
  4.5307
  3.3980
  5.6634
  4.7572
  3.6812
  3.0865
 16.7636
 15.9990
  7.3057
  9.5711
  7.4190
 11.4966
 13.1957
  9.7410
 10.0242
 10.9869
  8.2402
  9.1180
 10.1941
  8.2119
  5.4935
  9.0614
  8.2968
  5.1253
  4.5307
  4.1909
  3.9360
  5.9182
  5.7766
  3.9360
  3.5679
  3.3980
  3.2281
  3.1715
  2.8034
  2.6901
  2.5768
  2.5768
  2.6901
  2.5202
  2.4352
  2.3503
  2.3220
  2.3220
  2.2653
  2.3786
  2.4069
  2.1521
  2.0105
  1.9255
  1.9255
  1.9255
  2.5485
  2.1521
  2.4352
  2.2653
  3.3980
  2.8317
  2.5485
  3.1149
  3.6812
  4.5307
  5.0970
  2.2653
  2.8317
  2.1521
  2.2653
  2.3786
  2.1238
  2.8317
  2.5485
  2.8317
  2.5485
  1.9822
  2.1521
  2.5485
  4.2475
  2.2653
 11.3267
  3.6812
  2.5485
  2.1521
  2.1521
  2.3503
  1.9255
  1.8406
  1.7840
  1.7273
  1.7840
  3.9644
  7.0792
  4.5307
  3.9644
  2.5485
  2.3220
 12.7426
  4.2475
  2.8317
  4.2475
  3.0016
  2.8034
 15.1212
  7.0509
  3.8228
  3.0016
  2.5485
  2.3220
  2.2370
  2.2370
 12.2329
 12.4311
  4.9271
  3.3131
  2.8034
  2.6618
  2.4069
  2.2370
  2.1804
  2.9450
  2.7751
  2.6618
  2.2653
  3.4263
  2.1238
  2.3220
  1.9822
  2.0105
  2.0388
  1.7556
  1.6990
  2.6335
  3.7378
  1.8406
  1.6990
  2.9733
  2.2370
  2.1804
  1.8123
  1.6990
  1.6707
  1.6707
  2.1804
  2.8317
  1.8972
  1.5857
  1.5008
  1.4725
  1.5857
  1.6424
 11.8931
  4.3608
  2.0954
  1.8406
  2.2937
  1.8406
  1.6990
  1.6707
  1.6141
  1.5857
  2.2370
  1.5857
  1.6424
  1.5008
  1.6141
  4.5873
  2.7751
  6.4562
  3.6812
  2.0388
  1.8406
  1.6990
 28.3168
 14.1584
  7.0792
  4.5307
  6.2297
  5.3802
  6.2297
  4.8139
  3.9644
  4.2475
  4.1343
  4.0210
  3.9360
  3.7378
  3.3980
  3.2564
  4.2475
  5.0970
  3.6812
  9.9109
  5.3802
  4.2475
  3.3980
  3.6812
  3.1149
  2.7751
  3.3980
  7.0792
  5.6634
  5.6634
  4.5307
  5.5218
  3.4830
  3.2281
  7.9570
  3.9927
  3.2564
  3.3980
 13.1390
 42.1921
 61.4476
 44.4574
 14.1584
 14.1584
  7.9854
  5.7200
  5.7200
  4.4741
  3.8794
  3.6246
  3.3131
  3.1715
  3.0865
  3.4830
  3.8794
  3.1432
  3.0582
  3.0016
  2.9166
  2.8883
  2.8034
  2.7751
  2.7184
  2.5768
  2.5202
  2.5202
  2.4352
  2.4352
  2.4352
  2.8883
  5.7200
  3.3131
  2.1804
  2.0671
  2.0388
  1.9539
  2.3786
  3.1998
  2.1238
  2.0671
  1.9822
  1.9822
  2.3786
  2.0388
  3.0865
  4.0210
  3.0865
  3.0865
  4.1909
  3.4830
  4.3608
  4.5307
  3.2564
  4.1343
  3.9927
  3.1715
  2.7751
 10.4772
 11.3267
  7.0792
  7.6455
  6.7960
  7.6455
  6.5129
  5.9465
 14.1584
  9.9109
  5.0970
  5.0970
 31.1485
 19.2555
  5.6634
  5.9465
  5.0970
  5.6634
  7.6455
  4.8139
  3.6812
  2.8317
  2.6051
  2.5485
  4.2475
  3.1149
  4.2475
  3.9644
  3.1149
  2.5485
  2.2370
  2.3220
  2.4352
  2.5202
  2.2370
  6.1731
  2.6901
  2.6051
  3.7945
  3.0582
  5.1820
  3.3980
  3.0865
  3.0016
  3.2281
  3.5679
  2.6901
  2.4069
  2.4636
  2.4069
  3.0016
  3.5396
  3.4263
  2.5202
  2.7184
  4.9271
  3.5396
  2.8883
  2.5202
  2.6618
  3.0865
  3.0299
  2.4352
  2.3220
  2.2087
  2.1804
  5.4652
  2.3503
  2.2653
  2.4919
  5.3236
  2.5202
 11.3267
 11.0436
  4.8139
  8.4951
 18.9723
 11.8931
  4.2475
  4.8139
  3.6812
  4.2475
  3.3980
  5.3802
  3.6812
  6.2297
  3.2281
 14.4416
 17.7547
  3.8228
  2.4919
  2.1238
  1.9822
  1.8689
  1.7556
  3.5962
  2.7184
  4.3891
  3.9360
  7.5040
  7.6172
  4.0210
  4.2475
  3.8794
 14.8947
 31.7149
  7.6455
 14.0452
 17.4715
 10.5339
  8.4951
 16.9901
 25.4852
  8.7782
  8.2119
  7.9287
 14.1584
  6.2297
 22.6535
  4.2475
  2.5485
  2.2653
  1.9822
  2.5485
  3.1149
  7.0792
  4.2475
  2.8317
  3.1149
  1.9822
  2.1521
  2.3786
  3.1149
  2.5485
  2.2653
  1.9822
  2.5485
  1.8123
  1.6990
  4.2475
  7.0792
  4.2475
  2.2653
  1.8689
  1.6990
  3.3980
  2.8317
  2.2653
  1.7556
  1.6990
  1.6990
  1.7556
  1.9822
  3.6812
  1.6990
  1.6141
  1.5857
  1.5574
  1.5574
  1.6707
  1.6141
  1.5574
  1.7556
  1.6707
  1.5574
  1.5291
  2.2370
  4.0210
  2.1521
  1.7840
  2.7184
  5.8050
  2.3220
  2.6051
  2.4352
  3.6812
  3.3697
  2.3220
  2.1521
  1.9539
  1.8689
  2.1521
  2.5485
  2.2087
  5.2669
  5.8899
 11.0436
  5.6067
  7.5323
  7.8154
  4.2475
  3.3980
  2.5485
  6.5129
  3.1149
  2.5768
  2.2937
  2.1521
  2.0671
  2.0671
  2.4352
  3.5679
 18.2644
  3.3697
  2.6051
  2.2937
  3.8511
  2.3503
  2.1521
  2.1804
  2.0671
  1.9822
  1.8972
  1.9255
  2.0671
  2.0954
  1.8689
  1.8406
  1.7556
  1.7556
  2.5485
  2.4352
  1.9539
  1.9539
  3.6529
  2.1238
  1.9255
  1.7840
  1.7273
  1.7273
  1.7273
  1.8406
  4.6156
 11.3267
 14.1584
  4.2475
  2.5485
  3.9644
  2.5485
  8.4951
  2.8317
  2.2653
  1.8689
  2.0388
  2.2653
  2.4352
  2.5768
  2.3220
  2.1521
  1.9822
  1.8689
  1.7840
  1.7273
  2.1238
  1.9255
  1.8689
 12.7426
  9.9109
 11.3267
  5.6634
  3.1149
  2.5485
  2.2653
  1.9255
  1.6990
  1.5857
  1.5857
  1.5857
  1.5857
 15.2061
 13.2240
 14.0735
 77.5882
 53.2357
 24.2675
 47.2891
  9.6277
  6.9659
  5.3802
  4.6440
  4.0776
  3.8511
  3.6246
  3.5679
  8.5800
  5.4085
  4.8422
 24.2959
 30.8654
 15.2911
 14.9230
 52.6693
 52.3862
 27.3258
  9.6277
  6.8244
  8.3252
  5.6067
 15.9990
 14.9513
  6.4562
  5.0121
  4.7006
  4.2475
  5.0970
  4.9554
  4.0210
  3.6246
  3.4830
  3.0865
  2.9166
  2.8883
  3.3131
  2.8034
  2.6901
  3.8794
  2.6335
  3.0865
  6.0881
  2.7184
  2.5485
  2.7184
  2.8883
  2.5485
  2.4919
  2.4919
  2.4919
  2.8317
  3.3980
  7.9287
  4.2475
  2.8317
  2.6051
  2.6051
  2.5485
  2.4352
  2.5485
  2.3786
  2.3786
  2.3786
  2.2653
  2.1521
  2.1521
  2.1521
  1.9822
  2.3786
  2.2653
  2.0388
  2.3220
  3.1149
  1.8689
  1.8123
  1.7840
  2.2937
  2.2370
  2.0388
  1.7840
  2.3220
  1.8689
  1.6990
  1.6990
  2.6051
  2.2087
  1.6707
  1.6141
  2.4352
  1.6707
  4.0493
  4.0493
 14.8097
  4.8422
  2.6901
  2.4352
  2.2937
  2.1804
  2.1521
  2.0671
  2.0671
  2.0388
  2.0105
  2.0105
  1.9539
  1.9255
  1.9539
  1.9539
  1.9255
  1.8972
  1.7840
  1.5574
  3.4263
  1.6141
  1.4158
  1.4158
  1.4158
  2.3786
  1.6990
  1.5574
  1.5291
  2.9450
  2.3503
  1.7840
  1.5291
  2.1804
  1.5291
  2.9733
  1.7556
  1.5291
  1.5574
  1.5857
  2.4636
  1.6424
  1.6141
  1.5291
  1.4725
  1.4725
  1.4725
  1.3875
  1.3309
  1.8689
  1.4442
  1.3875
  1.3592
  1.3592
  1.3875
  3.6812
  1.4158
  2.2937
  1.8689
  2.4919
  3.0016
  1.5574
  1.7840
  2.2087
  1.4725
  1.8123
  2.0671
  1.6141
  1.5574
  1.5574
  1.4442
  1.3875
  1.3875
  4.0493
  2.8600
  1.5008
  7.3341
  2.8883
  4.5590
  2.2087
  2.1804
  2.9166
  2.3786
  1.8972
  3.5962
  6.5412
  5.2669
  2.8883
  5.0404
  3.6246
  2.9166
 17.9812
 10.5339
  4.3042
  3.6246
  3.1149
 43.0416
 64.5624
 28.8832
 19.7085
 27.0143
 13.6487
  8.8349
  6.7960
  6.6545
  5.0121
  4.3042
  3.9077
  3.6246
  3.3697
  3.5113
  3.9644
  3.3131
  3.0299
  3.3697
  3.9077
  2.9166
  2.6335
  2.5485
  3.1432
  2.7184
  2.5485
  2.4352
  2.3503
  2.2653
  3.3980
 17.4715
  5.0687
  3.1715
  2.7184
  2.4919
  2.3786
  2.4352
  6.6261
  3.1149
  3.9077
  2.8883
  2.4352
  2.2653
  2.2087
  2.1521
  4.0493
  2.8034
  2.4919
  2.3220
  2.3220
  2.1804
  2.5485
  2.6335
  2.2653
  3.4830
  2.3220
  7.0792
  6.2297
  2.8317
  2.6618
  2.3786
  1.9822
  1.7840
  1.8406
  1.9255
  3.1432
  2.9733
  2.0105
  1.8406
  2.2087
  2.6051
  3.0865
  3.3697
  2.6335
  2.3220
  3.1432
  4.7855
  3.0299
  2.1804
  4.4741
  3.5113
  3.4830
  2.7184
  2.2087
  3.3697
  6.9943
  5.8899
 24.1826
 13.9319
  4.8139
  4.0776
  4.0210
 37.6614
 10.2507
 10.8737
  6.1731
  5.0121
  4.5307
  3.6812
  3.1715
  2.7184
  2.5485
  2.3786
  2.2370
  2.3220
  2.6051
  2.5768
  2.9733
  2.2087
  2.7467
  2.1804
  1.9255
  1.8406
  1.7273
  1.6990
  1.6990
  1.6707
  1.8406
  1.7273
  1.7273
  3.1149
  2.9166
  2.1238
  1.7273
  1.6141
  1.5574
  3.4830
  1.8406
  4.0210
  8.4101
  2.3786
  2.1804
  2.8034
  1.8689
  2.4352
  2.0105
  1.7273
  1.6707
  5.3802
  2.9733
  2.6901
  2.1521
  1.8689
 19.3121
  3.5962
  5.4085
  4.0493
  2.9166
  2.5768
  2.2087
  2.0388
  1.9255
  1.8406
  1.7556
  1.8972
  2.0671
  1.6990
  1.9822
  1.7273
  1.7840
  1.7840
  1.8689
  2.1521
  1.7840
  1.7840
  1.6707
  1.6141
  2.2087
  1.8689
  1.7840
  4.2475
  3.3980
  3.6812
  4.2475
  3.3980
  2.9733
  3.0582
  3.1149
  3.0016
  6.2863
  7.8154
  6.9376
  7.4756
  5.1820
  3.6246
  3.5113
  6.2014
  3.5113
  2.8317
  2.5768
  4.3891
  4.7572
  3.8794
  3.0016
  2.5485
  2.4352
  2.6335
  4.4174
  3.1715
  3.4263
  3.7095
  3.1432
  5.0404
  3.1149
  3.5679
  4.5873
 16.4804
  8.9198
  8.8349
 12.1196
 12.9125
  8.6366
  5.0121
  3.9077
  3.3131
  3.0865
  2.8317
  6.2863
  4.8988
  7.2208
 13.6204
 13.1673
  5.6634
  5.9182
  4.7289
  4.1626
 12.9691
  5.3236
  3.8511
  3.2564
  3.3131
  3.8794
  3.5679
  3.0016
  3.1149
  3.0299
  2.5768
  3.5679
  2.8317
  2.7467
  2.3503
  2.4352
  2.7184
  2.8883
  7.1358
  3.7378
  9.8259
  5.6067
  2.5485
  1.9822
  1.7840
  1.6990
  1.4725
  1.4158
  1.3592
  1.3309
  1.3026
  1.2743
  1.2459
  1.2176
  1.2459
  3.4830
  2.3220
  3.8228
  5.4085
  4.1343
  3.1149
  2.4352
  1.8689
  1.7840
  3.9927
  2.4919
  1.8689
  2.0671
  1.7273
  1.4442
  3.4263
  3.2848
  1.8406
  1.7840
  1.7840
  1.5291
  1.4725
  1.4725
  1.5008
  1.2459
  1.1610
  1.1044
  1.0760
  1.0477
  1.0194
  0.9911
  0.9911
  0.9911
  0.9911
  1.7840
  1.4725
  1.7273
  1.5857
  1.1327
  1.0477
  1.1327
  1.0477
  0.9911
  1.0194
  0.9911
  1.0194
  1.0760
  1.1893
  1.3309
  1.3875
  1.1893
  1.1044
  1.0760
  1.2459
  1.3309
  1.2176
  1.1327
  1.3026
  1.1327
  1.1327
  1.1044
  1.0760
  1.1327
  1.3875
  1.3309
  1.3592
  1.2176
  1.0477
  1.0760
  1.0477
  0.9911
  0.9911
  0.9911
  0.9911
  0.9911
  3.2564
  1.0760
  0.9345
  0.9345
  1.0760
  0.9911
  2.3220
  1.2743
  0.9911
  1.0194
  4.8422
  1.6141
  1.1327
  0.9911
  1.3309
  2.6051
  2.1804
  3.6529
  3.7378
  3.6812
  5.0970
 36.8119
 14.1584
 35.3961
 24.3525
 23.7862
 15.2911
 28.3168
 19.8218
 16.9901
 14.1584
 15.2911
 15.0079
 14.7248
 16.9901
104.7723
 76.4555
 33.9802
 62.2971
 20.5580
 12.9125
 10.0808
  8.4384
  7.3907
  6.7960
  6.3713
  6.1731
  6.5695
  6.2297
  5.6067
  5.1820
  4.8705
  4.7006
  4.8705
  4.5873
  6.3430
  6.7960
  9.6560
  8.1553
 23.1632
 98.8258
 19.3121
 28.0337
 25.5418
 12.4594
 12.7426
 10.9869
  8.0420
  8.3252
  6.8810
  6.1731
  7.2208
  7.7022
  5.7200
  7.1642
 10.3073
 10.6471
  6.7960
  5.6634
  9.4012
  7.6455
 10.2224
  6.5978
  5.2953
  4.6723
  5.5218
  4.1909
 11.6099
  6.5412
  3.9077
  3.5113
  6.3430
  5.0970
  4.4741
  3.2281
  2.9166
  5.4935
  3.1149
  3.3131
  4.2475
  4.4741
  3.3131
  3.1149
  2.9450
  4.9838
 16.7069
 14.8097
 12.4028
  4.8705
  4.2475
  3.7945
  3.1149
  3.0016
  3.7661
 14.5549
  5.7200
  3.8511
  3.1149
  2.8034
  8.6366
 14.0452
  8.9764
 10.0808
  5.0404
 13.2240
 28.3168
  7.0792
  4.5307
  3.9644
  4.0210
  4.2475
  4.8139
  4.2475
  8.4951
 14.1584
  3.6812
  3.3980
  3.1149
  2.9733
  2.8317
  3.1149
  4.2475
  3.1149
  4.2475
  7.0792
  4.2475
  3.6812
  4.5307
  5.6634
  9.9109
 12.7426
  4.2475
  3.3980
  3.1149
  2.9733
  2.8317
  2.8317
  3.1149
  2.8317
  3.1149
  2.8317
  5.6634
  4.2475
  2.8317
  2.6051
  2.3786
  2.2653
  2.2370
  2.2087
  2.1238
  1.9822
  3.5679
  6.1448
  8.3252
 10.9020
  4.5590
  2.8034
  2.4919
  6.4846
  3.5962
  2.6051
  2.3786
  2.5202
  2.2937
  2.1521
  9.2879
  3.0016
 17.2450
 21.5208
 25.2869
  8.5517
  4.7572
  3.7378
  3.3697
  3.0299
  2.8034
  2.6335
  2.5485
  2.5485
  2.3220
  3.1432
  5.1537
  5.3519
  8.0986
  8.8632
  8.0137
 10.1091
  5.1253
  6.6828
  4.6156
  2.7184
  2.3503
  2.1521
  2.0105
  1.9255
  2.0388
  3.4547
  6.3430
  3.6812
  2.4069
  4.8705
  4.3325
  2.7184
  5.6634
 15.2061
  6.3147
  8.0420
  6.7960
  5.2103
  3.9644
  2.7184
  2.4069
  2.3503
  2.3503
  2.2370
  6.3430
 10.7038
  2.8883
  2.2370
  2.0388
  1.9822
  1.8406
  3.2564
  8.4667
  3.8511
  7.9004
  2.8317
  2.2653
  2.1521
  2.4352
  1.8123
  1.7556
  1.7556
  1.7556
  1.6990
  1.6424
  1.5574
  1.5291
  1.5291
  1.5008
  1.4442
  1.7273
  1.6990
  1.6424
  1.6424
  1.6424
  1.6141
  1.5857
  1.5857
  1.5857
  1.6424
  1.5857
  1.6990
  1.6424
  1.8972
  1.7556
  1.6141
  1.5291
  1.5291
  1.5008
  1.4725
  1.4725
  1.6707
  1.7556
  1.4725
  1.4725
  1.4725
  1.6141
  1.9822
  1.6707
  1.6424
  6.6261
  2.0388
  1.3026
  1.2176
  1.1893
  1.1610
  1.1610
  1.2176
  1.2176
  1.1610
  1.1893
  1.8123
  2.5768
  3.0016
  1.5857
  1.3026
  1.2176
  2.7751
  7.2491
  2.3220
  2.8034
  1.6424
  1.4158
  1.3309
  1.3026
  1.2459
  1.2176
  1.1893
  1.1893
  1.1893
  1.1893
  1.4725
  1.6424
  1.5008
  4.2758
  1.5857
  1.3592
  1.2743
  1.2459
  1.2743
  1.3592
  1.9822
  1.5574
  1.3026
  1.2459
  1.4442
  1.2743
  1.4442
  2.3220
  1.3026
  1.4442
  1.3026
  1.2743
  1.5574
  1.3875
  1.2459
  1.1893
  1.1327
  1.1327
  1.1044
  1.3309
  1.7556
  1.1893
  1.1044
  1.0760
  1.0477
  1.0477
  1.0477
  1.0194
  1.0194
  1.0194
  1.1610
  1.0760
  1.0194
  1.0194
  0.9911
  0.9628
  0.9911
  0.9911
  0.9628
  0.9628
  0.9628
  0.9628
  0.9345
  0.9345
  0.9345
  0.9345
  0.9911
  1.1893
  0.9628
  0.9345
  0.9061
 21.6058
 21.2376
 31.7149
 13.4505
 10.3356
  9.4578
  7.1642
 13.0824
 18.0378
 19.0289
  7.7588
  9.5711
  8.2968
  5.7200
  5.7766
  5.6634
  4.5307
  7.0792
 15.2911
  7.0792
 11.3267
 14.7248
 19.8218
  6.5129
  4.8139
  4.2475
 11.3267
 22.6535
 11.3267
 12.7426
  5.6634
  4.5307
  3.9644
  4.3042
  3.6529
  3.1998
  2.8883
  3.6812
  2.4919
  2.3503
  2.2653
  2.2087
  2.1521
  2.0671
  2.0388
  3.2848
  2.3503
  2.8883
  2.9450
  5.0121
  5.2103
  8.8349
  7.7588
  5.4935
  8.1269
  4.2758
  8.2685
  4.0776
  4.9838
  3.0299
  2.8883
  2.7184
  2.4919
  2.4069
  2.3220
  2.2087
  2.1521
  2.0671
  2.1521
  2.2370
  4.0493
  2.5202
  5.6634
  2.6618
  2.0954
  3.3131
  4.5307
  2.4919
  2.7751
  3.1715
  2.2937
  2.1238
  2.0105
  2.4919
  2.2370
  2.0105
  2.2653
  2.7751
  2.5485
  2.1238
  2.1238
  2.9166
  6.9659
  2.8317
  2.4352
  2.1238
  2.0671
  2.2370
  2.1521
  3.5962
  2.4919
  2.0388
  1.9255
  1.8689
  1.8123
  1.7840
  1.8123
  1.9822
  1.8123
  2.7184
 20.9261
  3.4263
  4.5307
  2.8883
  2.4919
  2.7184
  5.6634
  6.2297
  5.3236
  3.5396
  4.2192
  3.5396
  2.5202
  2.4069
  2.3786
  2.1804
  2.0954
  2.0671
  2.6618
  2.2087
  2.0388
  2.1238
  2.0105
  2.0105
  2.6051
  2.4069
  2.0671
  1.9539
  6.9659
  4.4741
 12.4311
  3.8228
  3.1149
  2.4919
  2.0954
  1.9539
  1.8689
  2.0671
  2.1238
  2.0388
  1.8406
  1.8123
  1.6707
  1.6424
  1.5857
  1.5857
  1.5857
  1.5574
  1.5857
  1.5291
  1.7556
  2.5485
  2.1521
  3.5396
  2.3786
  1.8123
  1.6424
  1.8406
  1.7273
  1.5857
  2.1521
  1.5857
  1.5008
  2.1521
  3.0016
  1.7273
  1.5857
  1.5291
  1.7273
  3.1149
  1.9822
  1.6424
  1.5574
  4.5307
  3.9644
  5.6634
  4.5307
  3.9644
  3.6812
  3.6812
  4.5307
  5.0970
  4.5307
  3.3980
  2.6051
  2.9450
  2.9166
  2.7184
  6.6545
  2.9166
  2.4069
  8.5517
 20.2465
  9.8543
  3.9927
  3.2564
  4.2758
  3.4263
  5.0970
  5.8050
  6.0315
 26.3347
  4.7572
  3.2564
  2.7751
  2.5485
  2.7751
  6.3147
 17.0184
  5.7766
  5.7200
 27.6656
 23.1065
 14.9796
 44.1743
  8.5517
  4.9554
  3.7661
  3.1715
  2.8317
  2.6051
  2.4352
  2.3220
  2.7184
  3.3697
  2.6618
  2.1238
  2.0388
  2.2370
  3.6529
  4.4457
  2.2653
  2.1238
  1.9539
  1.8406
  1.8689
  1.8123
  1.7840
 14.6398
  6.2580
  3.5962
  5.0970
  6.2014
  4.8139
  2.8034
  2.6051
  2.4352
  2.1521
  2.0388
  2.6901
  2.4636
  4.3891
  2.6051
  2.2937
  2.3220
  2.0105
  1.8972
  1.8689
  1.8972
  2.0954
  2.4069
 16.4521
  9.6560
  2.9450
  2.4352
  2.2937
  2.1804
  2.4636
  2.4919
  2.6335
  2.7751
  2.5202
  2.4352
  2.2653
  7.8438
  8.4101
 12.1479
  4.1059
  3.2564
  2.6051
  2.9450
  7.1642
  3.9360
  2.8317
  2.6051
  2.4069
  2.2087
  2.1521
  2.0954
  2.0671
  2.0388
  7.2208
  2.6901
  2.3786
  2.0954
  2.0105
  2.1521
  2.0105
  1.9255
  2.0105
  3.6812
  6.6261
  8.9481
  3.7095
  2.4636
  2.0105
  3.1715
 15.7158
  4.8988
  2.3220
  1.9822
  1.7273
  1.6141
  1.5291
  1.4725
  1.4442
  1.3875
  1.3309
  1.4725
  1.3875
  1.5857
  1.3592
  1.4725
  1.3026
  1.3026
  6.3147
  1.8689
  3.8511
  2.6335
  1.6707
  1.5574
  1.4725
  1.7556
  1.4158
  1.4442
  4.1059
  1.6707
  1.4725
  1.3592
  1.5857
  1.6141
  1.4158
  1.4725
  1.4442
  1.3026
  1.2459
  1.3309
  1.3026
  1.4725
  1.3875
  1.4725
  1.5008
  1.3875
  1.3026
  1.2176
  1.1893
  1.6141
  1.7273
  1.5574
  1.4725
  2.2087
  7.1075
  8.4384
  3.0582
  9.9958
  8.5800
 25.3436
  8.4667
 12.7992
 23.2481
 22.2854
  8.7782
  5.4368
  3.5396
  2.9450
  2.7184
  2.4069
  2.1521
  1.9822
  1.8972
  1.8123
  6.5129
  7.0792
  2.9166
  2.4919
  2.3220
  2.0105
  2.1804
  3.7661
  2.9450
  2.6618
  9.5428
 14.7531
  3.8228
  3.0582
  2.4352
  2.2087
  2.1238
  6.9376
 22.1721
 33.4139
 21.1244
  9.1747
  6.4562
  3.9927
  3.7095
  3.1149
  3.0582
  4.6723
  2.5485
  2.6335
  4.2758
  6.8527
  6.5129
  2.6618
  2.4069
  2.1804
  2.0105
  2.3220
  1.9822
  6.2580
 53.5188
 19.2555
 80.9862
 26.9576
  9.9109
  5.4368
  4.1059
  3.9927
  3.7095
  8.0986
  6.4846
  8.1269
  7.8721
  6.8810
 10.0808
 12.3178
 47.5723
 28.1753
 31.1485
 20.9545
 13.8753
  8.7782
  4.0493
 28.3168
 13.5921
  5.3236
  4.3325
 14.6964
  6.7677
  3.9927
  3.8228
  9.3162
 13.1673
  6.0881
  4.3891
  4.1059
  4.0776
  4.3891
  4.7572
  4.9838
  4.1059
  6.1448
  4.3891
  5.4368
  5.7200
  6.2014
  6.3430
  4.4457
  3.8228
  3.1715
  2.8317
  2.5485
  3.9077
  4.5873
  4.9554
  4.3891
  3.2564
  4.2475
 21.3792
 15.2345
 17.5281
  8.3818
  4.3891
 14.7531
 25.2020
  6.6545
  4.5307
  5.6067
  5.0970
 11.2418
  6.6828
  4.4741
  3.1715
  3.5396
  2.7751
  3.7095
  2.9450
 17.7830
  8.7782
 13.0824
  5.6067
  5.3802
  3.5396
  3.0016
  2.8317
  3.2564
  5.3519
  3.1715
  2.7751
  2.5485
  2.6618
  3.4263
  2.6051
  2.4069
  2.5485
  2.2653
  2.6618
  2.3220
  2.1804
  2.6618
  2.4069
  4.6723
 11.4683
 10.2507
  6.9659
  5.7200
  4.3891
 11.8081
  8.4951
  5.6634
  3.9644
  3.1149
  2.5485
  2.5485
  2.4352
  2.2653
  2.2653
  2.5485
  2.2087
  2.0954
  2.1521
  3.7661
  5.2953
  2.7184
  2.7184
  3.9360
  3.6812
  5.2669
  2.5485
  2.5485
  2.2937
  2.1238
  2.0954
  2.0388
  1.9822
  1.9539
  1.9539
  1.9539
  1.9539
  1.9255
  2.0954
  1.9822
  3.2564
  1.9539
  1.8972
  1.8406
  4.9838
  2.7184
  2.5485
  6.3713
 12.1762
 16.3388
  5.6917
 11.3267
  6.2014
  5.3236
  3.5396
  3.9927
  3.3697
  2.6051
  2.5485
  2.2937
  2.3220
  3.0582
  3.5679
  4.5590
  2.7751
  2.8317
  2.6051
  2.4919
  2.6051
  2.6051
  2.4636
  3.4263
  2.7184
  4.1909
  2.8317
  2.4352
  2.4352
  2.0388
  1.6990
  1.6707
  1.6141
  1.5857
  1.5857
  1.5574
  1.5291
  1.8406
  2.9166
  2.1238
  4.6440
  4.7572
  3.9360
  3.6529
  7.5889
 12.1762
  5.7200
 14.0735
  7.0792
  3.4830
  8.2968
  9.1747
  4.5873
  3.1149
  4.9838
  2.7184
 10.8454
  6.4279
  5.0970
  3.2281
  2.6335
  2.4636
  2.4636
  5.1820
  6.7111
  4.1343
  2.5485
  2.2937
  2.1521
  2.0388
  1.9822
  1.8689
  1.8406
  1.8123
  1.7840
  1.7556
  1.7273
  1.6990
  1.6707
  1.6424
  2.2087
  2.0105
  1.7840
  2.0954
  2.1521
  2.2087
  1.8123
  2.2370
  1.8123
  1.5857
  1.6424
  1.5857
  2.3503
  2.3220
  1.6424
  1.5574
  1.8123
  1.7556
  2.5202
  1.7556
  1.5574
  2.0954
  1.5857
  1.5008
  1.5291
 41.9089
  6.6261
  2.7751
  2.2370
  1.9539
  1.7840
  1.7273
  1.6707
  1.6141
  1.5857
  1.4725
  1.3875
  1.3875
  1.3592
  1.3592
  1.3026
  1.2743
  1.2743
  1.2743
  1.9539
  2.9450
  1.3875
  1.3026
  1.3026
  1.3026
  1.3026
  1.2459
  1.2459
  1.2459
  1.2176
  1.2176
  1.1893
  1.1893
  1.1893
  1.1893
  1.1893
  1.3875
  1.2459
  1.1893
  1.1893
  1.2459
  1.3026
  1.5008
  2.4636
  3.3697
  1.9822
 10.6471
 49.8377
 13.7620
  6.4846
  4.3891
  3.8228
  4.8705
  3.0865
  5.8616
  3.2564
 29.4495
 14.9230
  9.5711
  7.9854
 26.1931
 58.6159
 24.6923
 17.7830
  7.6455
  5.3236
  4.5307
 26.7877
 39.9268
 22.9933
 14.8380
 12.3178
  6.0598
  4.8705
  3.9927
  3.9927
  5.3236
  4.4741
  4.7572
  4.2475
  4.9554
  4.2475
  4.8139
  8.4951
 19.8218
  5.0970
  5.3802
  5.6634
  5.3802
  4.2475
  5.6634
  8.4951
  5.6634
  4.2475
  5.6634
  7.8438
  7.8438
 13.1673
 13.6487
 14.4133
  8.3818
 25.2869
 19.1422
 23.4463
  8.2685
 15.8858
 14.2151
 16.9052
 10.7887
  6.0881
 12.3745
  4.7855
  6.5129
  5.9182
  3.6246
  3.3980
  8.0420
  5.6067
  3.8228
  4.2758
 17.4432
 63.1466
 16.5654
  7.3624
  6.2014
  6.0881
  5.8050
  6.7394
  4.9554
  3.9360
  3.5113
  3.2848
  3.0299
  3.0865
  7.4190
  3.3980
  3.3980
  4.6723
 10.1657
 16.3955
  7.3057
  7.5606
 16.8485
 29.1664
 10.4772
  6.3147
  5.0121
  7.5040
  6.7960
 16.0273
 24.4658
  6.8527
  8.4667
  8.3252
 11.8081
  5.6917
  5.0687
  5.9749
  5.1253
 11.0153
  5.5218
  4.3891
  5.2953
  7.4190
 10.0242
  5.2386
  4.3891
  3.7378
  3.4830
  3.6812
  3.6812
  3.5113
  3.2848
  2.8883
  2.7184
  2.5485
  3.6812
  3.8794
  2.8883
  2.4919
  2.3786
  2.8317
  3.3131
  2.9733
  2.9733
  2.7751
  3.5679
  2.6901
  2.6335
  2.3220
  2.1804
  2.1238
  2.0954
 12.4028
  5.9465
  4.5590
  4.0776
  3.9077
  3.4830
  2.8883
  3.1149
  6.4846
  7.1642
  8.5517
  6.8810
  3.8794
  3.2281
  2.9733
  2.5768
  3.9077
  2.8034
  3.0016
  2.6901
  3.8511
 13.1107
  8.0137
 11.0436
  3.8794
  3.3697
  3.2281
  2.9166
  2.6051
  2.9450
  2.4636
  2.2370
  2.2653
  2.2653
  2.0671
  1.9539
  7.0226
  9.2596
  6.0881
  5.6351
 43.0416
 13.3372
  6.3996
 10.5905
  4.5024
  3.6246
  3.1715
  3.1998
  3.0299
 15.0362
 29.4495
 11.7232
 10.5339
  5.4085
  4.3891
  3.7945
  3.5962
  3.0299
  2.8883
  3.5113
  2.8317
  2.4919
  2.3220
 23.6729
 21.8606
 48.4218
 15.8008
 16.3671
  8.2685
  5.2953
  8.1269
  9.8543
  4.8988
  5.0121
  4.7006
  3.4547
  3.0865
  2.8883
  2.6901
  2.4919
  2.3786
  2.2937
  2.3220
  3.6529
  2.5768
  3.3697
  2.8317
  2.2087
  2.0671
  1.9539
  2.0388
  1.8972
  1.7840
  1.7273
  1.6990
  1.6990
  1.7556
  1.8972
  1.7556
  1.6424
  1.6424
  2.6901
  2.9166
  2.9733
  2.0105
  2.1804
  1.9255
  2.2087
  2.0954
  2.7467
  1.8123
  4.3042
  2.1804
  2.4069
  2.3503
  1.7840
  1.6990
  1.6424
  1.6424
  2.1521
  3.0016
  2.1804
  3.1432
  4.1059
  2.7751
  2.4069
  1.7273
  2.1804
  1.5291
  1.6424
  1.5291
  1.8406
  1.6424
  1.5291
  1.9822
  1.9822
  4.7289
  3.3697
  2.2653
  3.1715
 14.0452
 16.6220
 10.5622
  5.9465
  9.2313
  7.0509
  6.5412
 19.3121
  4.8988
  3.6812
  4.2758
  8.1553
  3.6529
  3.6529
 11.9780
  5.8050
  3.6529
  3.0299
  2.6901
  3.7661
  3.0016
 39.6436
 33.6970
 13.7620
  6.0881
  4.3325
  3.6529
  3.1715
  3.7661
 14.4133
  5.2953
  4.6440
  3.3131
  3.3980
  4.1909
  7.7305
  5.8333
  3.6246
  3.3131
  2.6901
  2.9733
  2.4919
  2.2653
  2.0954
  2.0388
  2.2087
  1.9822
  1.8972
  1.8972
  1.8406
  1.7840
  5.0404
  2.5202
  4.5590
  2.4352
  2.1804
  1.8689
  2.3503
  2.2370
  2.0388
  1.7556
  2.5202
  2.0105
  1.6990
  1.5857
  1.5291
  1.5291
  1.8123
  1.8406
  2.4352
  1.7273
  1.8689
  2.1238
  1.7840
  1.8123
  1.6424
  5.5784
  1.7840
  1.5291
 58.0495
 42.7584
 21.1810
 12.2895
  9.3446
  7.4473
 19.5386
  8.2685
 15.0079
  6.6545
  5.8050
  6.2580
 15.5459
  8.0420
  6.2580
 14.3850
 22.7101
  9.9109
  6.5412
 14.1867
 17.9529
  9.1180
  7.4473
  7.7022
  6.7960
  5.8050
  5.4085
  8.6933
  5.8050
  5.3519
  4.9554
  4.8422
  4.7855
  4.5024
  4.3891
  4.6723
 21.0677
 14.4133
  6.7394
  5.8616
  8.5800
  7.7871
  5.9749
  5.5784
  5.1820
  4.9554
  8.2119
 15.3477
  6.5412
  5.8616
  6.2580
  5.2386
  5.0687
  8.4951
  5.5784
  5.1820
  4.8988
  4.5024
  4.3891
  4.6156
  4.1059
  3.9927
  3.8794
  3.7945
  3.7378
  3.6812
  3.6529
  3.5679
  3.5113
  3.5113
  3.4547
  3.7378
  3.5679
  3.6812
  3.6529
  3.4547
  7.8721
  7.9570
  4.8988
  4.6723
  5.4085
  5.3519
  4.0493
  3.7378
  3.7945
  6.3713
  6.8527
  6.5412
  5.4652
  9.5428
 14.9796
  9.7976
 10.3356
  7.6172
  7.5889
  9.9109
  9.4861
 22.2570
  9.8259
  9.0048
  6.4846
  5.6351
  5.5218
 17.1317
  8.6933
  8.1269
 13.2806
 38.2277
 39.3604
  9.6844
  7.0226
 10.2790
 14.6398
 13.2240
  9.7976
  6.7394
  5.5218
  6.0881
  5.4652
  6.2014
  7.3624
  5.3519
 18.9723
 26.2214
  7.5323
  6.8244
  6.1448
  5.1820
  5.1820
  4.6156
  4.4457
  6.2297
  8.6933
  9.7693
  5.0121
  4.5024
  5.5218
 19.7652
 26.8161
 11.5250
  6.5412
  5.4652
  9.3446
 10.1657
 13.9319
 20.0766
 48.4218
 21.7190
  8.6650
  7.8721
  7.4473
  7.8721
 11.6949
 34.5466
 24.5224
  8.8915
  6.5978
  5.8050
  5.2953
  4.8988
  4.6156
  4.2758
  4.6156
 12.4877
  9.5428
  9.0331
 21.0677
  8.9764
  5.8050
  5.0121
  4.9554
  4.3891
  4.1059
  3.8794
  3.6812
  3.8794
  3.7378
  4.7289
  5.8616
  5.6917
  7.5323
  4.2758
  5.0121
  1.3592
  1.3875
  1.5291
  1.6424
  1.9255
  1.6990
  1.9822
  1.9255
  1.4725
  1.3875
  1.3592
  1.3592
  1.6990
 11.3267
  4.5307
  2.3786
  2.0954
  7.0792
  4.5307
  6.2297
  4.8139
  6.3430
  9.4295
  6.7677
  4.9554
  4.5590
  8.3818
 12.6010
  6.5129
  4.0493
  5.9465
 10.8170
  9.6277
 16.1123
 20.6713
 11.8648
  7.2491
  6.2014
  3.9360
  3.1998
  2.8034
  2.4919
  2.2370
  2.4636
  2.1238
  1.9255
  2.0105
  2.5768
  2.2087
 27.5240
  7.0509
  3.3697
  2.8034
  2.6335
  2.9166
  2.8034
  2.0388
  1.8689
  1.6990
  1.5857
  1.5574
  4.8139
  4.3325
  2.6901
  2.7751
  6.8244
  3.6246
  2.4636
  2.1804
  2.0388
  2.1238
  2.2087
  1.9822
  1.7273
  1.6141
  1.6141
  3.9644
  2.4069
  1.9255
  2.0671
  1.8123
  1.9539
  2.4069
  1.8123
  2.1521
  2.6335
  2.9166
  2.0105
  1.9255
  1.6707
  1.4442
  1.3875
  1.3309
  2.4352
  3.4263
  5.1253
  3.0865
  2.4352
  8.1836
  2.9166
 12.3745
  8.1269
 10.1941
  7.9287
 11.8931
  5.1253
  6.5978
  4.1059
  7.1358
  8.6083
  4.4457
  3.4547
  2.8883
  2.5768
  2.6051
  2.6901
  2.1521
  1.9539
  1.8123
  3.2564
  5.4935
  4.6723
  3.7378
  5.0404
 41.6258
 20.3881
 11.1285
  6.7960
  4.6723
  4.4457
  3.4547
  3.6529
  3.1998
 12.0630
  4.7855
  3.6246
  3.2848
  6.3147
  6.9093
  3.9360
  3.9360
  3.1715
  2.9166
  4.0776
  4.6723
  5.1253
  6.1164
  3.5113
  3.6529
  2.9166
  2.8034
  2.8883
  3.2848
  2.8883
  2.2370
  2.4352
  2.1804
  2.8317
  2.0388
  5.0970
  5.8050
  4.2192
  2.5768
  2.2937
  2.3786
  2.9733
  2.4069
  3.3697
  2.4069
  9.2879
  3.7945
  2.8034
  2.4352
  3.3131
  3.3980
  2.8883
  2.4352
  3.1149
  2.5768
  3.2848
  5.7200
  4.7572
  3.5679
  4.8705
  2.2653
  1.9822
  1.7840
  1.6990
  2.3786
  3.0016
  2.4352
  6.3713
  9.6844
 12.8842
  5.4652
 13.5921
 11.3551
  3.9927
  3.1998
  3.4830
  4.5590
  4.3891
  5.7200
  6.5695
  4.3608
  5.9465
  4.0493
  3.0016
  6.0032
 22.6818
  4.6723
  3.3980
  2.9166
  2.5768
  2.3786
  2.4352
  2.2087
  1.9822
  1.9255
  1.8689
  1.8972
  1.8689
  1.7273
  1.6424
  1.6424
  1.6141
  1.5857
  1.6424
  1.6141
  1.6424
  2.3503
  1.6424
  1.9255
  1.6424
  1.7840
  1.9822
  5.6634
  2.6618
  2.3786
  2.2370
  2.0954
  2.0671
  1.9822
  1.8689
  1.8406
  1.8123
  1.8123
  1.7840
  1.7556
  1.7556
  1.6990
  1.6990
  1.8689
  2.0388
  2.5485
  5.6634
  3.9644
  2.1804
  2.1804
  4.5307
  7.0792
  2.5485
  1.9822
  1.8406
  1.8689
  1.8123
  1.8689
  1.9255
  1.8406
  1.9822
  1.8689
  1.8123
  1.7556
  1.7556
  1.7273
  1.6707
  1.6990
  1.8123
  1.7840
  1.5857
  1.5291
  1.5291
  1.5291
  7.0792
  2.8317
  1.8689
  1.6990
  1.5857
  1.5574
  1.5574
  1.5574
  1.5857
  1.4725
  1.5574
  1.5291
  1.5291
  1.5008
  1.5008
  1.4158
  1.4158
  1.5291
  1.4158
  1.3309
  1.3026
  1.3026
  1.3026
  1.3026
  1.3592
  2.0388
  1.5291
  1.3309
  1.3026
  1.2459
  1.2459
  1.4158
  1.3026
  1.4725
  2.1804
  1.5857
  1.3309
  1.3026
  1.5291
  1.4158
  1.3026
  1.3026
  1.2459
  1.2176
  4.2758
  3.2564
  1.8123
  2.7184
  1.4725
  1.3875
  1.3592
  1.3026
  1.1893
  1.0760
  1.0760
  1.0477
  1.0194
  1.0194
  1.0194
  1.1610
  1.0760
  1.3875
  1.2176
  1.4158
  1.2176
  1.0760
  1.0477
  1.1327
  1.1610
  1.0760
  3.2564
  1.7840
  1.1610
  1.0760
  1.1893
  1.2176
  1.0194
  1.2743
  8.2119
  2.1804
  1.5291
  1.4725
  1.3592
 12.0630
  6.7960
  8.4101
  4.6440
  4.7006
  4.8422
  7.1075
  4.4741
  3.6812
  3.3697
  3.1715
  2.9450
  2.8034
  2.7184
  2.6618
  2.8883
  5.4368
  7.9854
  9.0897
 13.6487
  6.2297
 13.1107
 10.2224
  6.6828
 11.9497
  5.1537
  4.0493
  3.5396
  3.1715
  2.9166
  2.8034
  3.5396
  7.6172
  4.8422
  3.2281
 14.7814
 14.4982
  6.3147
  5.9465
  5.3802
  5.1537
  5.7200
  7.3057
  8.8632
  6.8244
 23.0216
 11.3267
  7.0792
  5.0970
  4.8139
  3.1149
  3.1149
  2.8317
  2.5485
  3.6812
  2.5485
  2.8317
  2.6901
  3.6812
  2.8317
  2.6618
  2.3786
  2.2653
  2.0954
  2.0671
  1.9822
  1.9255
  1.8972
  1.8406
  1.8406
  1.8123
  1.7840
  1.7556
  1.7556
  1.6990
  1.6707
  1.6707
  1.6424
  1.6424
  1.6424
  1.9255
  2.2653
  1.6424
  1.5857
  1.5574
  1.6424
  4.5873
  2.7467
  2.0388
  2.0671
  1.8689
  1.8123
  1.6990
  1.7273
  1.6707
  1.6141
  1.6707
  2.2370
  1.8972
  1.6424
  1.6141
  1.6424
  1.5574
  1.5291
  1.5291
  1.5008
  1.6424
  4.1909
  5.5218
  2.1804
  1.8689
  1.7556
  1.8406
  3.1998
  3.7378
  2.8600
  2.3220
  2.3220
  3.9644
  4.9554
  4.2475
  6.9943
  4.6723
  8.3252
  3.6246
  8.4384
  5.2669
  4.1343
  4.3042
  9.1463
  4.2192
  3.3980
  2.7184
  2.5485
  2.6901
  2.3220
  2.0954
  2.0671
  2.0671
  2.1238
  1.9822
  1.8972
  1.7273
  1.6424
  1.6141
  1.5857
  1.6707
  1.6141
  2.0388
  2.4352
  2.2087
  3.8794
  1.9255
  1.6141
  1.5291
  1.5291
  1.5008
  1.4725
  1.4158
  1.4158
  1.4158
  1.7556
  1.6424
  1.4158
  1.5008
  1.4725
  1.5291
  3.6246
  2.0954
  1.5574
  1.4158
  1.6141
  1.6141
  1.6424
  2.0388
  7.7305
  5.6067
  2.8883
  2.0388
  1.7556
  2.7184
  1.9255
  2.0671
  4.2475
  9.9109
 12.7426
 28.3168
 19.2838
 13.7054
  9.8826
 17.4998
 13.7620
 28.8832
 39.3604
 13.4222
 19.5386
 16.9901
 12.4311
  6.2297
  4.9271
  5.4652
  4.1909
  4.0210
  3.6246
  4.0493
  4.8139
  4.8139
  5.8899
  3.7095
  3.5396
  3.1715
  2.8883
  2.7751
  2.7467
  2.5485
  3.2848
 14.4416
 17.9529
  5.0404
  3.8511
  3.8794
  5.0404
  9.7410
  3.8794
  6.0032
 13.9602
  8.2968
  5.7766
  5.1537
  3.9077
  3.8794
  3.7378
  2.8883
  2.6335
  2.4352
  2.3503
  2.7184
  3.2848
  2.7467
  2.6901
  2.3786
  5.2386
  5.2386
  2.9450
  2.5768
  2.4352
  2.3220
  2.2653
  3.0865
  2.3220
  2.8600
  2.4636
  2.1238
  3.0582
  3.3980
  2.2653
  2.0954
  2.0105
  2.0105
  1.9822
  4.2758
  3.0865
  2.8317
  4.9554
  6.0032
  3.5113
  2.8600
  2.8883
  5.7200
  3.1715
  2.7751
  2.6051
  2.6335
  7.3907
  3.5113
  2.7467
  2.5485
  4.6440
  3.0016
  2.5485
  2.5485
  2.8600
  3.2848
  2.9450
  4.4457
  6.1164
 10.1374
 11.9497
 30.8654
  7.7588
  6.5695
  6.0598
  4.5873
  5.8333
  4.8139
  3.7378
  3.3697
  7.5040
  7.9854
  4.1909
  3.7378
  3.4547
  5.4935
  4.0776
  3.5113
  3.0582
  3.1998
  3.8511
  3.1998
  2.8034
  2.6335
  2.6051
  6.2297
  5.1253
  9.9392
 33.6970
 18.2360
 10.2507
  8.3535
  6.9659
  5.0970
  5.4368
  4.3042
 12.0063
  5.0970
  3.8794
  3.5396
  3.1149
  2.9166
  2.8034
  2.6901
  2.6051
  5.6634
 11.3267
  6.5129
  3.6812
  3.1149
  2.8317
  2.5485
  3.3980
  2.9733
  2.5485
  4.2475
 11.3267
  3.1149
  3.3980
  4.2475
  3.3980
  4.2475
  3.3980
  2.9733
  2.6901
  2.6051
  2.4919
  2.4352
  2.3786
  3.1149
  7.0792
  4.8139
  6.7960
  3.6812
  3.1149
  2.8317
  4.2475
  3.1149
  2.8317
  4.8139
  3.3414
  2.9166
  2.7751
  2.6051
  2.5202
  3.0865
  2.9733
  2.9733
  2.4352
  7.1075
  5.5218
 18.1794
 27.6656
 11.3551
  8.2119
 10.0525
  9.7976
  5.6634
  6.1731
 12.2046
  8.2119
  5.4935
  4.5873
  4.0210
 39.9268
 16.1972
  6.3996
  5.2669
  4.3891
  6.4562
  4.1909
  5.8616
  5.3802
  6.7960
 15.2911
 15.8008
  5.7766
  4.4741
  4.1909
  3.6812
  3.3414
  3.1998
  4.1343
  3.9077
 11.3834
  4.1909
  3.3697
  3.1998
  2.9733
  3.2848
  2.8317
 11.0436
 19.6519
  4.7289
  6.7111
  9.4578
  5.7766
  4.5873
  6.5412
  4.7006
  3.6246
  3.6812
  3.0582
  2.9450
 13.3089
  8.5234
  4.4741
  3.7095
  4.5590
  3.7945
  4.4741
 13.1673
  6.6261
  7.2491
  5.4368
  4.7289
  4.4741
  7.1642
  6.5412
  4.2192
  4.5873
  3.6812
  4.5307
  3.7945
  3.0582
  2.8883
  6.2580
  3.0582
  2.8317
  3.5113
  2.8317
  2.6335
  2.6335
  2.8317
  3.0016
  7.0509
  6.7394
  4.0210
  4.1343
  3.5396
  4.2192
  3.1149
  2.9450
  3.3697
  3.9927
  3.6246
  3.5113
  4.1909
  3.3414
  2.8600
  5.2103
 15.9424
 39.0772
 86.0832
 11.0153
  6.9659
  5.9465
  5.1537
  8.7499
 12.4028
  6.1164
  5.2103
  5.0404
  4.9838
  4.3042
  4.0493
  3.8794
  3.6812
  3.4547
  3.4547
  4.1909
 11.6949
  8.9481
  4.7289
  4.0776
  3.7945
  7.0226
 14.8947
  8.8065
  6.3430
  4.6440
  4.1909
  3.9077
  3.8511
  3.5396
  3.3980
  3.6812
  4.1343
  4.2192
  3.3414
  3.1149
  3.3697
  4.4174
  4.3042
  5.0970
  3.6812
  3.3414
  3.1715
  3.0299
  2.9450
  2.9166
  3.2281
 13.7054
  6.0032
 11.3267
 15.7442
  7.7588
  5.1537
  5.0404
  6.2580
  4.3891
  3.9077
 19.9351
 26.7311
  7.3341
  5.6067
  6.9093
  5.1537
  5.3802
  4.7572
  5.7200
 11.1568
  9.5711
 10.0242
  9.4295
 10.3923
  7.7588
  5.6634
  6.9659
  4.9838
  6.2863
  6.2297
  4.7855
  4.1909
  3.8794
  3.6812
  3.7661
  4.7006
  3.7661
  3.4547
  3.4547
  3.4263
  3.1998
  3.0582
  3.1149
  2.9733
  7.4190
 13.1957
  6.4562
  9.2879
  6.9093
 14.0735
 11.1568
 11.5250
 15.8291
  8.6366
 10.8454
 30.5822
 22.5968
  6.9093
  5.3236
  5.0970
  7.7305
 14.7814
 10.1657
 20.9545
 12.0630
  6.3996
  5.6067
  4.7855
  4.3042
  4.1059
  4.0210
  3.8794
  3.7945
  3.4547
  3.5962
  4.1343
  3.7945
  3.6246
  3.8511
  5.3802
  3.4547
  3.0865
  3.0299
  2.9450
  2.9733
  2.9166
  3.7378
  5.9465
  4.4174
  4.5873
  5.4935
  3.6246
  3.1715
  3.0016
  2.9166
  2.8883
  2.8034
  2.8034
  2.7467
  2.7184
  2.7184
  2.8600
  3.1715
  2.8034
  3.0299
  2.7184
  2.6335
  2.6051
  2.5768
  2.5485
  2.5485
  3.0865
  3.1149
  2.7184
  5.2386
  4.8139
  3.6812
  7.1642
  8.7216
  7.3341
  8.7216
  6.6261
  6.7394
  5.2669
  8.3252
  4.9838
  3.9644
  3.5679
  3.3697
  3.1149
  3.1998
  3.0016
  4.3891
  3.7945
  3.0016
  2.9733
  2.9166
  2.7751
  2.6901
  2.6618
  2.8317
  2.6051
  2.5485
  2.6051
 11.9780
  3.7378
  4.2475
  3.8511
  3.4263
 19.9351
  6.0598
  4.1343
 12.4028
  8.6650
  5.4085
  4.3891
  4.6723
  5.5501
  4.9554
  4.2758
  3.9360
  4.8988
  4.0210
  3.5113
  3.1998
  2.9733
  2.8883
  2.8600
  2.8034
  2.9166
  2.7751
  3.0016
  2.7751
  2.6051
  2.5202
  2.4919
  2.4636
  2.4352
  2.8317
  2.6335
  2.4069
  2.4069
  4.2475
  3.2281
  3.4547
  2.4919
  2.3786
  2.5768
  2.4919
  2.3503
  3.3131
  2.6335
  2.4069
  2.4636
  2.7467
  3.1998
  2.5202
  2.8034
  3.8228
 21.3226
 20.1616
  5.5784
  4.0210
  4.0493
  5.2386
  5.0404
 37.9446
  7.9570
  8.6366
  5.9182
 14.4699
 21.2376
  7.4190
  5.5784
  7.2774
  9.0614
  7.6739
  5.0404
  4.5590
  4.3325
  4.1343
  4.3325
  5.2103
  7.5040
 20.9545
 11.2418
 75.3228
  9.1747
  5.8899
 13.7620
  9.6844
  5.7766
  5.2953
  4.5873
  4.2475
  4.0493
  3.8228
  3.6812
  3.5679
  3.4263
  4.8422
  3.6529
  3.4830
  3.3131
  3.7095
  4.2192
  6.1448
 15.2628
 16.2822
  6.5129
  4.5307
  4.4741
  5.0687
  4.0493
  7.3907
  9.4861
 13.1673
 11.3834
  5.7483
 10.0808
  4.9838
  4.5024
  5.0121
  4.2475
  5.9182
  4.7289
  3.8794
  3.6529
  6.1448
  5.4368
  3.9360
  3.6529
  4.5024
  3.6529
  3.3697
  3.2281
  3.1432
  3.0582
  3.0582
  3.0865
  3.3980
  3.0016
  2.9733
  2.9166
  3.0865
  2.9450
  2.8883
  2.8600
  2.9166
  2.8317
  3.2281
  2.8883
  2.9733
  3.2281
  2.8034
  2.7467
  2.9733
  3.8794
  4.4741
  9.9958
  6.5978
  3.5962
  3.1149
  3.2848
  3.7661
  3.1998
  4.0210
 12.0913
 13.9885
 46.7228
  6.8810
  5.2953
  5.3802
 30.2990
 30.0159
 22.8800
 69.9426
 16.7919
  7.8438
  7.1075
  8.1836
  7.3907
  7.9287
  6.6828
  6.7394
  8.0137
 25.3719
 16.1123
 15.6026
  7.4190
  7.7588
  7.2774
  6.2297
  5.9465
  5.7200
  4.7572
  5.8616
  7.3057
  5.2386
  4.5873
  4.8988
  4.2758
  4.4174
  4.7855
  4.1343
 30.8654
  9.0048
  5.4652
  4.7855
  4.3891
  4.3042
  3.9927
  3.8228
  3.9360
  3.6529
  3.6812
  4.0493
  7.3907
  4.5307
  4.0210
  3.8794
  5.8050
  5.8050
  4.9271
  4.5873
  5.1820
  4.1626
  3.7661
  4.3325
  3.9360
  3.4547
  3.9927
  5.4085
  4.1059
  4.1909
  4.4741
  3.9644
  3.6812
  4.1059
  5.4085
  4.2758
  3.6246
  3.4263
  3.3697
  3.2564
  3.1715
  4.7289
  4.1343
  4.1626
 14.1584
  8.1553
  5.2103
  4.3325
 16.0840
  7.5323
  5.0970
  4.3608
  3.9927
  3.7945
  3.5962
  3.4547
  3.3131
  3.1998
  3.0865
  3.0299
  2.9733
  2.9450
  2.9450
  2.9166
  3.9927
  2.9450
  2.8317
  2.8883
  7.4190
 13.6487
 42.1921
 12.2046
 28.8832
 23.8428
  6.7677
  5.5218
  5.8050
  6.1164
  6.8244
  4.8422
  4.1626
  4.0210
  4.5307
  4.7289
  4.1343
  4.8705
  4.0493
 12.6576
 15.8574
 10.0808
  6.4562
  5.5784
  6.9659
 11.6949
  7.2491
  8.1553
  5.8050
  4.7289
  4.3325
  4.0776
  4.1626
  3.8228
  3.7378
  3.5396
  3.3414
  3.2281
  3.1432
  3.1998
  3.0865
  3.1432
  3.1149
  2.9733
  2.9166
  2.8600
  2.8317
  4.3042
  3.3414
  4.3608
  5.2953
  3.5962
  3.0865
  3.9644
  8.0703
  4.0776
  3.4830
  3.1715
  3.9077
  3.4263
  3.5396
  3.2564
  3.2848
  3.3697
  3.4547
  3.4263
  3.0865
  3.1149
  3.0016
  3.0582
  3.3414
  3.0582
  7.7022
  6.3713
  4.4457
  4.2758
  3.5679
  4.2192
  8.9764
  4.1909
  5.2103
  9.9675
  4.9271
  3.9077
  3.5396
  3.3697
  3.3414
  4.5307
  3.5113
  3.0865
  6.6545
 12.6010
  4.2475
  4.1626
  9.5428
  4.2475
  3.8228
  3.9644
  4.1626
  3.6812
  3.3980
  3.1715
  3.9644
  4.0776
  3.5113
  3.0865
  3.1432
  3.0582
  2.9733
  3.6529
  3.0299
  2.8600
  2.8317
  3.0865
  7.9570
  6.4846
  5.9465
  3.6529
  3.7378
  3.6246
  3.3131
  3.0299
  2.9450
  2.8883
  2.8317
  3.0016
  2.8317
  2.7184
  2.7184
  2.6618
  5.8050
  3.5396
  3.3697
  6.0315
 20.8129
  9.3729
  4.4457
  4.0210
  7.1075
  4.2475
  4.7855
  3.6246
  5.7766
  6.8244
  3.9077
  3.9077
  6.3430
  4.7289
  6.4562
 14.3283
  5.7766
  4.3325
  5.2103
  4.0210
  3.6529
  3.3980
  4.2475
  3.6812
  4.5307
  5.5218
  5.3236
  4.7855
  4.2475
  8.0986
 11.6099
  5.3802
 25.4852
 13.8753
  5.6634
  4.2475
  3.9644
  5.6634
  5.6634
  3.6812
  3.3980
  4.5307
 10.4772
 10.4772
  7.6455
  5.9465
  7.0792
 10.7604
  6.5129
  5.9465
  4.2475
  5.9465
  7.0792
  3.9644
  3.6812
  3.9644
  3.6812
  3.6812
  3.1149
  3.6812
  4.8139
  4.8139
  4.5307
  4.2475
  3.3980
  3.2564
  3.1149
  3.0582
  3.1149
  3.0582
  2.9733
  2.9450
  3.0582
  3.1149
  3.0582
  3.1149
  3.2564
  3.1149
  3.6812
  4.5307
  3.9644
  8.4951
  6.5129
  6.7960
  6.7960
 14.4416
  6.2297
  4.8139
  4.2475
 11.3267
 11.6099
  9.3446
  7.0792
  7.9287
  5.0970
  4.8139
  6.2297
  7.6455
  4.8139
  4.2475
  3.3980
  3.6812
  3.9644
  4.2475
  3.3980
  3.3980
  5.9465
  4.2475
  8.7782
  8.4951
  5.6634
  3.9644
  3.3980
  3.6812
  3.2564
  3.1149
  3.0582
  3.0299
  2.9733
  4.2475
  3.2564
  3.3980
  4.8139
  3.1149
  7.0792
  3.3980
  5.0970
  3.9644
  3.9644
 11.0436
  4.2475
  5.3802
  3.1149
  3.3980
  3.1149
  3.1149
  2.9166
  5.3802
  5.3802
  3.1998
  3.0582
  3.6812
  6.2297
  3.6812
  5.0970
  5.0970
  4.8139
 21.5208
 23.5030
  6.7960
  4.5307
 50.9703
 22.0871
  9.3729
  6.5129
  5.5501
  6.2580
  4.7572
  4.6156
  4.5873
  4.5307
  4.5307
  3.3980
  3.6812
  3.3980
  3.1149
  4.8139
  9.0614
 13.0257
 18.6891
 11.6099
  6.2297
 11.6099
 34.5466
  7.6455
  5.0970
  3.9644
  3.6812
  3.6812
  3.3980
  7.6455
  3.6812
  3.9644
  3.3980
  3.5396
  3.5396
  3.4547
  3.1149
  3.0582
  3.0582
  3.0299
  2.9733
  2.9166
  3.3980
  3.6812
  3.3980
  7.6455
  3.6812
  3.3980
  3.2564
  3.0299
  3.2564
  3.0582
  2.8600
  2.8600
  2.5202
  2.6335
  2.9166
  2.6901
  3.1998
  2.8883
  2.6335
  5.1537
  3.3414
  3.0299
  2.5768
  2.4352
  2.4352
  2.3786
  2.3503
  2.3503
  2.2937
  2.2653
  2.2653
  2.7184
  2.3786
  2.2653
  2.2087
  2.2370
  2.4919
  2.4069
  2.3503
  2.2937
  2.6335
  2.5202
  2.2937
  2.3503
  2.3503
  8.5800
  3.2564
  2.5768
  2.4636
  2.6051
  2.7751
  2.5202
  2.4069
  2.3786
  2.3503
  2.3220
  6.0032
  3.5396
  2.6051
  2.4069
  2.2653
  2.2653
  2.2653
  2.5768
  2.2653
  2.2087
  2.1804
  2.1238
  2.0954
  2.0954
  2.0671
  2.0954
  2.0954
  2.0671
  2.0388
  2.2653
  2.6618
  2.4636
  3.9360
  2.3503
  2.5768
  2.4636
  4.3325
  2.6618
  3.0865
  2.9450
  3.2281
  6.1164
  4.2192
  7.4756
  3.9077
  3.0582
  3.3697
  2.8317
  2.6051
  2.8034
  2.4919
  2.4636
  2.3786
  2.3220
  2.6051
  2.3503
  2.2370
  2.2087
  2.1804
  2.2087
  2.2087
  2.3503
  2.2087
  2.1521
  5.9182
 13.6487
  3.6812
  2.8034
  2.6618
  2.7467
  2.4636
  2.8883
  2.6051
  2.6901
  3.3697
  3.4547
  3.5396
  4.3891
  5.1253
  8.0420
  5.1253
  3.6812
  3.3131
  3.2564
  9.7976
  5.5501
  3.5962
 22.4553
  6.0032
  4.1343
  3.4830
  2.6901
  4.3325
  5.7766
 10.9586
  8.6366
  4.5873
  3.4263
  2.9450
  2.8034
  3.3131
  4.0493
  3.4547
  8.4667
 13.5355
  4.3891
  3.2281
  3.0016
  2.8317
  6.6261
  3.3414
  2.9450
  2.5202
  2.3503
  2.2370
  2.2937
  2.2937
  2.2370
  2.0671
  2.2370
  6.1164
  5.7483
 11.2418
  6.6828
  4.0210
  3.1715
  2.7184
  2.5202
  2.3786
 37.9446
 19.5953
 10.5339
  9.2030
  9.2030
 12.0630
  8.8349
  7.3624
  6.4279
  5.5218
  4.5307
  3.9077
  3.8794
  4.3608
  4.7855
  4.3891
  3.8228
  3.4830
  3.3131
  3.1715
  1.6990
  1.6141
  1.6141
  1.5857
  1.6424
  1.7840
  1.7556
  3.6812
  2.6051
  1.8406
  1.6990
  1.7273
  1.6990
  1.7273
  1.6424
  1.6141
  1.5857
  2.1521
  5.5501
  2.0671
  1.8406
  1.6990
  2.7751
  1.9255
  1.7556
  1.7273
  4.4741
  2.3220
  2.0671
  3.1998
  2.7751
  2.0105
  2.0105
  2.2087
  1.8689
  1.7556
  3.3131
  4.7855
  2.2653
  2.0671
  2.2370
  5.4368
  2.6335
 15.8858
  5.7483
  3.4263
  2.8883
  2.7184
  2.6051
  3.3980
  2.4069
  2.1238
  1.9822
  2.4069
  1.9822
  1.8406
  1.8123
  1.7840
  1.7273
  1.7273
  1.6990
  1.6990
  1.7840
  1.7556
  1.7273
  1.7273
  1.7556
  2.2653
  4.1343
  1.9822
  1.7556
  1.6990
  1.6990
  1.6424
  1.6424
  1.6141
  1.6141
  2.2370
  2.6335
  3.0865
  2.5202
  2.0388
  1.7840
  1.7273
  2.0671
  1.6141
  1.9539
  1.8406
  2.9450
  2.0105
  1.7840
  1.9255
  1.8406
  1.6707
  1.6141
  1.6424
  1.6141
  1.5574
  1.5291
  1.5857
  1.9822
  1.6707
  1.9255
  3.3414
  2.6335
  1.9255
  1.6707
  2.3503
  2.1804
  5.6634
  4.8139
  5.0970
  9.9109
  5.0970
 12.7426
 10.4772
  8.4951
  7.3624
  7.0792
  3.9644
  3.1149
  2.7184
  2.3786
  2.3786
  2.5485
  2.2653
  2.2370
  2.1804
  2.4352
  2.2937
  2.4352
  2.2937
  5.2386
  4.3325
  3.1998
  4.0493
  2.8034
  3.3414
 20.2749
  5.9465
 11.7232
  5.0687
  3.6812
  2.9166
  2.4636
  2.3786
  5.0121
  2.5768
  2.1521
  1.9822
  2.2370
  2.0105
  2.4636
  2.5768
  2.0671
  1.9539
  3.0865
  2.0671
  1.8406
  1.8123
  1.7840
  1.7840
  1.7840
  1.7840
  2.6051
  3.3414
  3.6529
  2.0105
  1.8972
  1.8123
  1.9255
  1.9255
  1.9255
  1.7556
  1.6990
  1.9539
  2.4069
  2.1521
  1.8689
  2.2937
  3.1149
  2.0671
  2.8600
  3.9360
  3.5396
  3.3697
  3.2281
  3.4263
  3.0865
  3.1432
  3.3414
  5.5501
  7.7588
 18.8307
  9.3446
  8.6650
  5.5218
  4.5873
  3.9927
  3.6529
  4.6723
  8.9481
 10.1657
  6.3430
  4.3891
  5.0404
 14.3566
  5.4368
  4.2192
  3.7378
  5.9182
  4.5590
  3.7095
  3.5113
  3.5113
  3.2281
  3.2848
  3.6246
  3.0865
  2.8317
  2.7751
  2.7751
  2.6901
  2.6335
  2.6051
  2.6618
  2.6901
  5.8899
  7.0226
  3.3414
  3.1715
  4.1626
  6.2863
  3.9077
  3.3414
  4.5873
  3.3697
  3.2848
  3.8511
  4.6156
  7.4473
  5.5501
  4.3042
  3.6246
  3.2564
  3.0865
  3.0016
  2.8317
  2.8317
  3.0016
  4.2475
  3.5962
  2.8034
  2.8034
  3.0016
  2.9166
  2.7184
  2.9166
  4.3325
  4.6723
 10.9020
 13.8186
 14.7814
  8.3252
  7.1075
 16.0273
 12.4877
  7.2491
 19.9351
 15.0929
  9.2879
  5.7483
  8.8915
 11.6099
  7.4190
 16.8202
  7.9287
  5.6917
  4.8139
  4.8139
  8.3252
  7.5889
  5.0687
  4.3325
  3.9360
  3.7945
  3.4263
  3.2564
  3.2281
  3.6529
  3.1998
 10.0525
  5.5501
  3.8511
  3.2281
  3.0582
  3.5396
  7.1642
  5.8616
  3.6246
  3.1998
  3.0582
  3.1715
  3.1998
  2.8034
  3.2848
  3.0299
  2.7184
  2.7184
  2.6618
  2.5768
  2.8883
  2.6051
  2.5202
  2.5202
  2.5485
  2.5485
  6.4562
  3.5962
  2.8034
  2.6618
  2.9450
  2.7467
  2.7184
  3.1149
  3.8511
  4.5873
  3.1432
  7.4756
  3.5679
  6.8244
  4.5873
  6.2014
  8.3535
  4.3891
 13.5355
 43.0416
 45.3070
 20.8129
 71.3585
 12.1196
 10.4772
  7.8438
  9.6844
 14.3283
  8.6083
  5.9465
  5.8899
 15.7725
 10.1941
 13.0541
  7.2774
  5.5218
  8.2968
 41.9089
 26.3064
  8.9198
  6.2580
  5.9465
  5.2953
  6.1164
  4.6440
  4.4174
 10.0525
  4.6440
  4.0776
  3.1715
  4.4457
 24.1260
 13.6487
 14.8380
  9.8543
  7.4756
  4.5873
  4.6156
  7.8721
  3.9360
  8.4951
 13.0257
  6.3147
  7.3341
  6.4279
  4.2192
  4.5307
  4.7006
  6.0598
  6.1164
 30.0159
 17.5848
 14.5265
  8.0986
  5.7483
  4.8705
  7.4473
  4.5590
  3.5396
  3.0865
  2.8317
  2.6335
  2.4919
  2.4919
  4.6723
  2.6051
  2.3503
  2.2087
  2.1238
  2.4636
  3.8228
  2.6618
  2.3786
  3.1998
  2.6335
  2.2653
  2.0954
  1.9822
  1.9255
  1.9539
  2.1238
  1.8972
  1.8689
  1.8123
  1.7556
  1.7556
  1.6990
  1.8972
  2.4352
  2.1804
  2.3786
  2.0388
  2.4069
  2.5485
  2.5202
  2.6618
  4.1059
  3.8511
  2.6618
  2.3503
  2.2370
  2.2087
  2.7751
  3.1149
  2.9450
  3.5679
  2.4919
  2.3503
  2.5768
  2.4352
  1.8406
  2.0954
  2.2370
  1.8972
  1.7556
  1.7840
  1.7840
  1.9255
  1.7273
  1.6424
  1.6990
  1.6707
  1.8123
  5.8616
  5.3519
  2.2370
  1.9255
  1.8123
  1.8972
  3.3697
  4.3042
  4.6723
  3.1998
  4.9554
  3.7945
  2.4919
  2.2087
  2.0954
  2.1238
  8.8632
 13.6487
  4.8705
  8.4384
 16.1123
 12.8558
 28.1469
  7.4756
  5.1820
  5.0404
  4.0493
  7.2491
  4.7006
  4.3042
  3.5113
  3.3414
  3.9360
  3.0582
  3.1715
  3.2848
  6.0315
  4.9838
  6.5695
  5.8050
  4.2475
  9.3446
  6.5129
  4.2475
  9.1180
  5.3236
  4.6156
  4.2758
  3.8511
  4.1059
 18.7741
 15.3760
  6.1164
  5.6351
  4.2758
  4.2192
  4.1626
  3.7095
  4.2475
  3.4830
  4.6723
  3.8794
  3.2564
  3.5679
  3.2281
  2.9166
  2.8317
  2.7467
  2.6618
  2.6335
  2.5485
  2.5485
  2.5485
  3.4547
  7.8154
  3.5679
  2.8883
  3.1715
  3.0016
  3.0865
  2.8317
  3.1149
  3.2564
  3.0865
  2.8883
  3.7095
  3.2281
  8.8065
 79.2872
 22.9933
  5.7766
  5.6917
  4.1343
  3.6812
  3.4547
  3.2564
  3.1149
  3.0016
  2.9450
  5.0687
  3.5962
  2.8883
  2.8317
  2.6618
  2.6051
  2.6051
  4.2475
 14.2717
  5.6351
  3.6246
  3.2281
  3.0016
  2.9166
  2.8600
  2.8600
  3.3697
  3.5396
  6.0032
  5.7483
  3.3131
  2.9733
  2.8883
  2.9166
  2.6901
  3.0016
  9.8543
 14.0452
  5.7483
  4.2475
  3.5396
  3.2564
  3.0299
  2.9166
  2.8317
  2.9166
  2.6618
  2.6051
  2.5768
  2.6051
  2.6051
  2.7751
  2.4352
  2.6618
  4.3325
  3.1149
  2.9733
  4.1626
  3.3414
  3.0582
  3.0016
  2.5485
  2.4069
  2.3786
  2.3220
  2.2937
  2.3220
  3.5962
 10.5622
 10.8454
  6.7394
  5.2953
  4.2192
  5.0404
  4.2758
  3.1998
  4.5590
  4.7855
  7.8154
  6.8244
  8.7216
  7.1925
  4.8422
  6.0598
 12.0913
 12.1196
  7.3907
  5.3802
  6.4279
  9.6560
 24.1543
  9.4012
  8.0703
  7.1925
  8.3252
  6.8244
  5.1253
  4.5590
  4.3891
  3.9077
  3.6812
  3.5679
  4.3608
  4.0210
  4.5590
  4.9554
  6.7111
  7.2491
  6.3147
  7.1925
  6.2297
  6.1731
 16.0273
  7.1075
  6.2863
  4.8422
  4.6156
 17.2166
  8.5234
  5.0404
  4.2475
  3.9360
  3.5962
  3.3980
  3.6529
  5.2953
  5.3802
  4.6156
  4.6440
  3.5396
  3.1998
  3.7661
  7.4756
 11.0436
  4.5024
  3.7378
  3.6529
  3.2848
  3.2281
  3.0299
  2.9166
  3.1149
  2.7467
  2.6901
  2.6335
  2.6335
  2.5485
  2.4636
  2.4352
  2.3786
  2.3786
  3.7945
  6.5978
  9.8543
  9.7693
  4.8988
  4.3042
  3.6529
  9.0614
 63.4297
 19.3970
  9.2030
  6.4562
  6.3996
  6.4846
  6.8527
  4.6440
  4.0210
  3.7661
  4.0210
  4.7289
  3.6812
  4.3608
  3.7378
  3.1998
  3.0865
  3.0016
  2.8883
  2.8317
  2.7467
  2.6901
  2.6901
  3.2564
  7.5323
  5.0404
 19.5953
 45.8733
 33.6970
 31.7149
 12.3461
  7.5889
  6.5129
  6.8810
 29.4495
  8.8915
  6.4279
  6.0315
  4.7006
  4.2758
  3.9927
  3.7945
  3.6529
  3.5396
  3.4263
  3.3131
  3.1998
  9.8259
  9.4861
  8.2119
 10.3073
  6.5412
  4.5590
  4.0776
  3.7661
  4.0210
  3.7378
 12.2895
 27.9487
 24.7772
 34.5466
 49.5545
 13.8753
  8.3252
 12.8558
 14.0168
 10.5339
 10.5905
  8.1836
 18.1794
 24.4374
 10.4206
  7.0509
  5.8050
  5.3802
  6.7960
  5.2386
  4.5307
  3.9644
  3.6812
  3.5396
  3.5396
  3.5679
 10.9020
 10.8737
  6.7677
  4.5873
  4.5873
  3.9644
  4.1626
  5.4085
  3.9927
  3.9077
  4.3042
  4.1909
  3.5679
  3.4830
  3.3414
  3.3414
  3.4547
  3.2848
  3.2564
  3.2848
  4.0210
  3.4263
  7.3907
  5.8050
  4.2475
  4.9838
  4.8705
 10.1091
  9.7127
  9.9675
 12.4594
 10.5905
  5.8899
  7.3341
  5.7483
  8.5800
  5.4368
  5.9749
  7.9570
  5.2953
  5.2103
  9.9958
  6.3430
  5.9749
  4.6440
  4.2192
  3.9644
  4.1626
  3.7661
  3.9644
  3.8511
  3.5113
  3.5113
 12.3178
 12.8558
  4.7855
  4.4457
  4.0493
  3.6812
  3.5962
  3.4547
  3.4263
  4.4741
  3.5396
  3.4547
  4.0493
  3.2564
  3.2848
  3.1715
  3.3414
  3.0582
  2.9733
  2.9166
  2.9166
  2.8600
  2.8883
  2.8317
  2.9733
  8.6933
  5.3519
  7.9004
  4.0210
  3.3414
  5.6067
  4.5024
  3.6529
  3.8511
  3.4830
  3.4263
  3.5396
  3.0865
  4.1909
  6.5978
  3.5396
  3.2281
  3.1149
  3.3131
  3.7095
  3.4830
  4.8422
  3.4263
  3.2281
  3.6529
  3.3414
  3.5113
  5.9182
  5.5501
  3.9077
  5.3802
  6.0032
  4.2758
  6.2863
  7.2491
  6.0032
  4.7855
  8.1269
  4.8422
  3.9644
  3.6529
  8.2119
  4.0776
  5.0970
  3.7095
  3.4263
  6.2580
  9.4861
  7.7871
  4.0210
  3.4263
  5.4368
  5.6917
  8.3535
 19.1139
 14.8663
  9.4578
  8.2119
  8.9481
  8.4384
  5.6634
  4.6440
  4.0210
  3.6529
  3.4830
  3.2848
  7.3624
  7.0509
  6.9376
 14.1584
  6.7960
  6.3147
  6.3430
  5.5784
  4.1909
  3.7378
  9.3446
  4.9271
  6.5695
  6.1448
  4.1626
  3.6246
  3.4830
  4.4741
  9.2313
 10.3640
 11.0719
  9.6560
  7.2774
  9.1180
  7.4756
  5.8899
 19.3970
 19.3687
 10.8737
 11.4400
  8.2402
  5.8616
  5.3236
  6.3147
  7.5323
  5.4935
  4.3325
  3.8228
  3.5962
  4.2758
  3.2564
  3.0016
  3.1998
  4.3325
  3.5396
  5.5784
  3.3980
  2.8317
  3.9077
  3.7945
  5.0687
  4.3042
  3.3697
  4.2475
  6.3430
  9.1463
  6.7960
  4.1059
  3.4547
  3.3697
  3.6529
  6.6545
  7.9287
 14.4699
 14.4416
  9.7127
  7.9004
  6.2863
 13.6204
 10.9869
 12.3745
  6.9093
  6.5978
  5.5784
  9.7410
  5.4652
  5.0121
  6.7394
  4.8139
  5.2103
  4.6723
  6.0032
  4.0776
  4.1626
  6.3713
  7.5323
  4.1343
  3.5962
  3.2848
  3.1149
  2.9450
  2.9450
  2.6901
  2.5768
  2.5768
  2.6335
  2.6335
  2.4919
  2.3786
  2.7184
  2.8034
  2.8034
  7.5323
  4.2758
  2.8317
  2.7751
  4.9271
  3.8794
  3.1998
  4.6723
  6.2297
  6.0598
  4.5024
  3.7378
  4.9271
  4.1059
  4.3608
  6.7960
  4.6156
  3.8794
  3.1149
  2.9450
  4.8422
  6.5129
 14.4416
  4.7572
  3.4263
  2.9166
  3.4547
  5.5501
  4.7006
  3.5679
  2.8600
  4.6156
 13.4222
 15.2628
  9.2030
  5.4935
  3.9927
  3.4547
  3.0865
  3.3414
  9.8543
  3.9927
  4.2475
  4.5873
  3.6246
  3.1715
  3.1149
  2.8883
  2.9450
  3.2564
  4.3608
  5.6634
  6.8527
  4.2475
  3.0582
  4.6440
  4.1343
  2.7751
  3.3697
  2.8317
  2.6901
  5.1820
  4.5873
  5.9749
  5.3802
  6.3147
 12.0347
  6.6261
 10.1657
  6.5978
 10.7604
 15.7725
 14.3850
 11.8081
  7.3341
  5.4368
  4.7289
  4.7006
  6.1448
  4.3891
  4.3042
  6.0032
  3.9077
  3.6246
  3.3414
  3.1998
  3.0582
  3.5396
  3.0016
  2.8317
  2.7184
  2.7184
  2.6051
  2.6335
  2.5485
  2.4352
  2.3786
  2.3220
  2.2937
  2.3786
  2.4636
  3.1998
  2.6051
  2.6618
  2.6335
  2.5485
  4.5024
 12.4028
  9.4295
  5.0687
  3.9360
  4.6440
  3.3131
  3.0016
  2.8317
  2.9450
  3.6529
  2.8034
  2.6901
  3.1149
  2.6335
  2.5768
  2.7467
  3.1998
  2.7751
  2.6618
  2.6901
  3.7661
  3.0865
  4.0210
  5.1820
  3.9077
  3.3980
  2.8034
  2.6335
  2.6051
  2.4636
  2.5485
  2.9166
  3.5396
  3.3414
  4.1343
  4.3042
  4.4741
  3.9644
  7.3907
  6.5695
  3.7661
  3.2848
  3.0582
  3.2848
  3.3131
  3.4830
  7.7871
  7.2774
  3.7378
  5.6067
  9.4861
 10.0242
 10.3640
  7.0509
  5.2953
  4.4741
  4.3042
  3.9927
  4.6723
  5.6634
  6.5695
  7.5040
  5.0687
  5.0970
 12.6010
  7.3341
  8.4667
  5.8050
  4.6723
  4.3325
  4.4174
  4.4174
  4.5873
  5.2953
  4.5024
  3.7378
  3.8794
  3.8511
  3.7661
  3.2848
  5.8050
  3.5962
  3.3414
  3.0299
  2.8600
  2.7751
  2.8600
  6.7394
  5.8899
  3.8228
  3.5962
  8.2402
  6.4279
  4.0493
  3.5962
  3.8228
  3.5679
  3.0582
  3.1432
  3.1715
  4.2758
  3.2848
  2.8317
  4.9838
  4.9554
  3.8511
  4.6156
  3.2848
  3.1715
  4.6156
  4.8422
  3.6529
  3.1432
  2.9166
  3.0299
  3.1432
  2.9166
  2.7467
  2.6051
  3.0299
  2.8317
  2.9450
  2.8317
  2.9450
  3.8794
  4.5024
  5.0687
  3.7095
  3.2848
  2.8600
  2.8600
  2.9733
  3.4830
  3.2848
  2.7467
  2.4919
  2.4352
 11.6665
 33.4139
 37.3782
 31.1485
 11.9214
  9.3446
  8.9198
  9.6277
 10.5056
  7.9004
  5.9749
  5.0404
  4.4457
  3.9927
  3.6812
  3.8794
  4.1626
  3.9927
  3.4263
  3.2281
  3.1998
  3.1149
  3.2564
  3.9927
  3.7378
  3.8228
  4.3608
  3.3980
  3.0299
  2.9166
  2.8034
  2.7184
  2.6901
  2.6335
  2.6051
  2.6051
  2.6051
  2.8600
  3.0582
  2.4352
  3.2281
  3.9360
  3.6529
  2.4352
  2.2653
  2.2087
  2.1804
  2.1521
  2.1238
  2.0954
  2.0954
  2.0671
  2.0671
  2.0388
  2.0105
  2.0105
  2.0105
  2.0105
  1.9822
  1.9822
  1.9822
  1.9539
  1.9255
  1.9255
  2.2370
  2.3220
  2.0105
  2.8317
  2.6901
  2.2370
  2.0388
  2.0105
  2.3786
  2.1521
  2.5202
  2.1238
  1.9822
  2.5485
  2.9450
  2.2937
  2.0388
  2.2937
  2.3503
  2.4069
  2.6618
  2.8034
  3.3980
  6.9659
  2.5485
  4.2758
  3.3414
  4.3608
  4.2758
  8.2685
  3.7378
  2.9733
 10.7321
 10.4772
  4.5024
  3.5396
  3.0865
 10.3356
 27.2408
 10.6755
  5.1820
  9.2596
 11.7515
  6.0881
  7.4756
  4.6723
  6.8244
  7.2774
  6.3713
  5.3236
  5.1253
  6.9093
  6.6261
  6.3430
  5.5501
  4.5024
  3.7661
  3.4547
  3.5113
  3.0865
  2.9166
  2.7751
  2.6618
  2.5768
  2.6051
  2.5768
  2.4352
  2.4636
  2.4919
  2.3220
  2.3220
  2.2653
  2.2087
  2.4352
  3.8794
  2.9166
  2.4919
  6.1731
  8.8915
  3.2564
  4.4741
  3.1432
  4.7289
  3.0016
  3.4263
  6.7677
 16.9618
  5.8050
  4.3608
  3.7095
  3.1715
  3.0299
  2.8600
  5.1820
  6.9659
  6.9943
  6.9376
  4.9271
  3.9644
  5.7483
 10.7604
  5.3519
  4.0493
  4.3042
  3.5113
  3.3414
  4.1909
  3.2848
  3.0016
  2.8317
  2.6618
  2.5768
  2.4919
  2.4352
  2.3786
  2.4636
 14.7814
  8.6083
  4.0776
  2.8034
  5.6917
  4.1909
  3.9077
  2.8034
  7.5040
  4.7006
 10.9020
  5.8616
 15.7442
  9.0897
 13.8469
 21.4642
 11.3834
  6.2863
  4.8139
  5.3802
  6.9093
  8.8349
 12.2612
 12.3745
  6.1448
  6.9659
  4.3891
  3.8794
  6.8810
 10.9303
  7.9287
 18.6325
  9.9958
  9.5145
  7.3341
  5.4935
  5.4085
  7.7588
  4.7572
  3.9644
  3.7378
  5.4935
  6.7677
  4.1909
  3.5396
  3.2564
  3.0865
  2.9733
  2.9733
  3.3131
  2.9733
  5.5501
  3.3980
  2.8317
  2.6618
  2.5768
  2.4919
  2.5202
  2.5485
  2.7467
  2.5202
  2.4069
  2.8317
  2.6051
  2.4352
  9.7127
  4.2192
 16.4238
  5.8616
 19.5669
 19.0289
 15.8008
  5.4368
  4.2475
  3.6812
  3.4263
  4.6440
  6.3430
  4.5873
  3.6246
  3.7945
  3.0299
  2.8600
  2.7467
  2.6335
  4.2192
  3.5396
  2.7184
  7.7305
  4.9271
  3.1715
  3.9360
  6.4279
  8.4101
  3.9644
  3.3131
  3.0299
  2.8600
  2.7184
  2.6051
  2.5202
  2.4919
  2.4636
  2.8317
  2.7751
  2.5202
  3.3414
  7.5606
  7.2491
  3.8228
  3.0865
  3.6812
  2.8883
  2.7751
  3.0016
  2.7184
  2.6335
  2.4636
  2.4919
  3.0865
  2.4919
  2.5202
  3.5113
 13.6770
  7.4473
  6.2863
  8.4101
 11.8081
 11.4117
  6.6261
  6.1731
  4.4457
  3.7378
  3.7378
  4.1059
  3.6529
  3.3697
  7.0792
  7.5323
  4.0493
  7.9570
  7.9287
  6.8810
  7.1925
  5.0121
  4.7855
  5.4085
  4.5590
  3.9927
  3.5679
  3.2564
  3.5396
  3.1998
  3.0016
  2.9733
  2.7751
  2.6618
  2.5768
  2.7467
  2.8034
  3.0299
 12.3745
  3.9644
  3.1715
  2.8883
  2.6901
  2.5485
  2.4636
  2.4352
  2.3786
  3.9077
 11.1852
  3.9644
  3.5679
  2.9166
  2.6901
  3.0865
  2.8034
  3.3414
  2.6618
  2.4919
  2.7467
  3.0016
  2.7467
  2.9450
  2.8034
  4.3042
  3.9360
  3.6812
  3.5679
  3.6246
  3.2848
  3.1432
  3.0299
  2.9450
  2.8317
  2.7751
  2.7184
  2.6618
  2.6618
  2.6051
  2.5485
  2.8883
  3.8511
  4.4174
  4.3891
  4.7572
  3.4547
  2.8317
  2.6901
  3.3414
  5.0687
  4.7006
 10.2790
  7.2208
  5.9182
  3.5962
  3.1998
  3.0016
  2.8883
  4.3325
 16.7636
 32.8475
 15.8291
  8.9198
 12.3745
  8.6083
 43.3248
 12.3178
 14.0168
  7.1075
  5.5784
  4.8988
  6.0881
 10.9869
 17.8962
  7.9854
  6.0032
  5.0687
  4.6156
  4.1626
  3.7661
  3.9927
  4.0493
  3.5679
  3.2848
  3.1149
  3.0016
  2.9166
  2.9166
  2.9450
  2.8034
  2.8600
  3.0865
  3.0299
  3.8794
  5.8050
  8.4951
  4.2758
  4.6440
  4.2475
  3.3697
  3.1149
  2.9733
  5.8050
  7.1925
  4.3608
  4.5024
  8.0703
  4.8139
  4.3042
  3.5962
  3.3980
  3.1432
  3.0016
  2.9166
  2.8600
  5.5218
  4.8705
  4.3891
  3.6246
  3.0865
  3.0299
  3.2281
  3.5679
  2.9733
  3.0582
  3.4830
  2.8600
  2.7467
  2.8034
  2.9733
  4.2758
  3.4830
  4.6156
  3.8794
  3.8228
  3.0865
  3.3131
  3.0865
  2.8034
  3.3131
  2.9450
  3.1432
  2.8317
  6.3996
  4.5590
  3.6812
  3.3131
  2.8034
  3.6246
  3.3980
  3.1432
  4.4174
  8.3818
  4.9271
  5.6351
  4.7572
  8.7216
 15.9990
  5.6917
  4.2475
  3.6246
  3.2848
  3.1432
  3.2281
  3.4830
  3.1715
  2.8317
  2.6901
  2.7467
  2.6901
  2.8883
  5.7483
  3.2564
  4.5873
  5.3802
  3.1998
  3.6812
  2.9733
  4.5873
  5.0121
  8.8632
  4.7572
  4.9554
  5.2669
  3.9360
  3.8511
  3.5396
  3.1432
  2.9733
  2.8883
  6.8527
  4.1343
  4.7572
  3.9644
  3.1149
  2.9166
  3.1432
  2.9450
  2.6901
  2.5768
  2.5202
  2.4636
  2.4636
  2.4069
  2.4069
  2.4069
  2.4636
  8.3535
  7.3341
  5.3802
 15.9990
  5.6917
  4.7006
  4.9838
  4.6156
  5.3802
  7.9287
 16.7069
 30.8654
  8.1553
  5.2669
  5.1537
  4.2758
 10.3923
  8.6933
  5.8050
  6.7394
  6.7111
 11.5250
  6.4846
  6.5695
  5.4085
  4.7289
  4.8422
  4.2192
  3.4263
  3.1432
  3.0299
  2.9733
  2.8317
  3.0299
  2.6335
  2.6618
  6.9659
  8.0137
  6.2297
  9.1463
  4.3891
  3.4830
  7.1358
  5.8616
 12.0630
  5.6067
  5.1820
 12.4877
  6.9093
  4.6723
  3.7945
  3.4263
  3.1715
  2.9733
  2.8317
  2.6901
  2.5768
  2.5202
  2.4636
  2.3786
  2.3503
  2.2937
  2.2370
  2.2370
  3.3980
  8.7499
  6.6828
  4.8988
  3.5396
  2.8600
  3.7378
  2.7467
  2.5768
  2.8883
  2.6335
  2.8034
  2.9733
  3.1715
  2.7751
  2.7184
  3.4547
  2.5768
  3.3697
  4.7572
  3.1715
  2.7467
  2.6618
  3.6529
  2.8034
  2.9450
  2.4919
  2.4919
  2.3786
  2.6901
  2.4919
  2.2370
  2.2370
  2.1804
  2.4352
  2.4919
  2.9733
  2.5202
  2.2087
  2.0954
  2.0388
  2.0105
  2.0388
  1.9822
  1.9255
  1.8972
  3.6246
  3.1432
  2.1238
  2.0671
  1.9255
  4.5590
 55.5010
  8.8065
  3.5396
  2.8883
  2.6335
  2.9166
  3.2564
  2.5768
  2.7184
  2.7751
  2.3786
  2.2653
  2.2087
  2.1521
  2.2087
  2.1238
  2.4352
  2.1238
  3.2564
  2.7184
  2.4069
  2.1521
  2.1804
  2.0671
  2.2370
  2.0954
  3.8228
  3.0299
  7.3907
  2.6618
  2.2370
  2.0954
  2.0388
  2.0671
  2.9733
 10.5905
  3.2281
  2.3786
  2.2087
  2.2370
  2.2653
  2.4069
  2.1804
  5.1253
  2.5768
  2.3503
  2.1804
  5.3236
  2.6901
  2.4919
  2.3220
  2.4352
  2.1521
  4.6723
  3.8228
  4.2192
  2.3786
  2.1804
  2.0671
  1.9822
  1.9539
  1.9822
  1.9539
  1.9539
  1.8406
  1.7840
  1.7840
  7.5889
 18.8590
 41.6258
 33.4139
 17.3582
  9.3446
  6.9659
  5.7483
  9.5994
  6.2580
  5.2103
  4.7006
 10.3356
  7.3341
  9.3446
 13.2240
  6.4846
  4.9838
  4.8422
 33.1307
  8.6366
  6.1448
  5.0121
  4.5024
  8.4101
 30.8654
  6.5978
  5.4652
  4.4457
  5.7766
  4.8988
  3.9360
  3.6246
  6.3430
  6.5978
  6.8527
  8.6650
  5.2669
  8.1836
  6.3430
  6.2014
  8.7782
  5.0970
  5.5501
  7.0792
  7.1358
  4.8705
  4.0210
  3.7095
  3.8794
  5.2386
  3.6812
  3.5396
  4.0210
  5.5501
  4.2192
  3.9927
  4.7855
  4.9838
  5.3519
  3.8794
  3.8511
  3.5396
  4.2758
  3.3414
  3.2564
  4.1059
  4.4741
  8.6083
  9.1747
 12.6859
 14.7814
 15.5459
 20.6430
 18.0661
  8.1836
  8.4384
 10.4772
 20.6996
 25.5135
 12.1762
  8.3818
 12.8842
  9.3446
  6.5412
  5.4935
  9.3162
  5.8616
  5.6351
  6.3430
  5.2386
  6.3996
  4.6723
  4.8988
  4.2475
  3.9644
  3.8794
  3.6529
  3.4830
  3.3697
  3.3414
  3.9077
  3.8511
  4.5024
  3.3980
  3.2564
  3.3697
  3.0582
  4.1626
  3.8794
  3.0299
  2.9166
  2.8600
  2.8317
  2.8034
  2.9733
  3.0016
  3.7378
  6.5129
  3.2281
  3.1715
  3.0016
  3.6812
 10.9586
 11.0436
 23.3897
  6.6261
  4.4457
  4.9554
  4.4457
  5.2669
  4.3042
  6.7677
  8.2968
  5.9182
  4.6440
  4.3608
  3.9360
  3.6246
  3.3980
  3.2281
  3.0865
  4.6440
  3.6246
  3.3980
  3.3697
  5.8050
  4.2475
  4.0776
  3.7095
  3.3697
  5.6067
  3.3697
  3.9927
  4.7006
  3.6246
  3.1998
  8.7782
  8.1836
  4.2192
 11.9497
 10.0525
  7.2208
  4.6440
  8.7216
  9.0614
  8.3535
  7.0509
  5.7483
  5.8050
  7.4756
 13.3656
  9.0048
 13.0824
 10.9586
 16.1406
 10.9869
 12.4877
  7.3057
  5.8333
  4.9271
  4.3891
  4.3891
  9.1747
  7.2774
  7.1925
  5.5784
  5.0687
  4.5590
  4.1059
 10.4772
 10.0242
  5.2386
 11.1285
  8.0703
  5.3236
  5.2386
  5.4652
  5.0970
  8.0986
  4.3325
  3.8511
  3.5679
  3.3980
  3.2564
  3.1432
  3.0865
  2.9733
  3.2281
  2.9733
  2.9166
  2.7751
  2.7467
  2.8034
 10.7038
  5.5218
  3.4830
  3.0299
  2.8600
  2.8034
  2.8600
  3.0582
  2.6901
  2.6051
  2.5485
  2.5202
  2.7467
  2.5768
  2.4636
  2.4352
  2.6901
  2.4919
  2.4069
  2.5202
 11.9214
  7.1925
  3.2281
  3.0299
  2.8317
  2.6618
  2.6335
  2.6901
  2.4919
  3.0016
  2.8600
  5.2103
  3.9077
  4.8422
  3.1715
  3.0582
  3.6246
  2.8317
  3.3697
  3.9077
  3.7945
  2.8600
  4.3042
  2.8883
  2.6618
  2.8034
  3.8794
  3.0016
 21.2093
  6.5695
  4.2192
  3.5113
  8.5517
  3.8794
  7.7588
  3.9077
  4.1059
  4.0210
  3.9644
  5.0121
  3.7661
  3.6812
  3.8794
  8.5800
  4.7289
  3.5396
  3.2564
  3.2564
  7.4473
  4.2475
  7.7871
  9.0048
  4.8988
  5.1820
  5.0404
  6.9943
 13.9602
  5.5218
  4.5024
  3.8511
  3.5113
  3.4547
  3.8511
  4.1343
  3.2848
  2.9733
  2.8317
  4.9271
  5.4368
  3.3697
  3.0299
  2.9733
  2.7467
  2.8883
  2.6335
  2.6901
  2.5485
  2.4919
  2.4352
  2.3786
  2.4352
  2.8317
  2.3503
  2.2937
  2.3786
  2.3503
  2.4636
  2.2653
  2.2937
  2.2087
  2.3786
  2.2087
  2.1238
  2.0954
  2.0954
  2.2370
  2.2087
  2.1238
  2.1238
  2.5202
  2.3786
  2.1238
  2.2087
  2.1804
  2.1238
  6.4279
  4.1909
  2.7184
  2.3220
  2.7751
  2.6051
  9.6560
  4.7855
  3.7661
  6.3430
 90.8971
 71.0753
 30.8654
 16.9901
  7.9854
  5.7200
  7.0792
  7.3624
 10.2790
 24.2959
 23.3897
  7.1075
  6.6828
  5.0404
  5.0970
  5.1253
 21.9456
  5.1253
 29.7327
 21.2093
 12.9125
  7.5040
  5.6917
  5.1537
  4.4741
  4.0776
  4.8422
  5.6917
  6.4562
  7.6172
  5.1253
  6.0315
  4.5307
  4.4457
  4.8422
  6.0598
  4.4457
  3.9077
  4.4741
  5.2386
  4.8422
  4.6723
  7.7871
  4.2192
  4.8422
  4.7855
  7.4756
  4.6156
  3.8511
  3.7378
  3.9644
 13.9036
 12.2046
  8.5800
  7.2774
  6.3996
  6.9093
  7.0509
  6.9376
  6.1448
  6.2297
  7.3624
  4.6440
  6.0315
  4.3608
  4.4741
  4.6440
  4.7289
  4.3325
  5.7766
  4.2192
  3.7095
  3.4263
  3.2848
  3.3980
  3.1998
  3.0299
  2.9450
  2.8883
  2.8317
  2.7751
  2.7467
  2.7751
  2.6901
  2.6335
  2.6051
  2.5768
  2.5485
  2.6051
  2.5202
  2.4919
  2.8034
  2.6335
  3.0299
  5.2669
  3.9927
  3.6529
  3.1432
  3.3131
  4.6440
  3.5679
  2.9733
  3.8228
  2.9733
  2.7184
  2.6335
  2.5202
  2.4919
  2.4352
  2.3786
  2.3786
  2.3503
  2.4352
  2.4919
  2.3503
  2.2937
  2.2653
  2.3503
  3.8228
  2.4069
  2.3786
  2.9166
  2.8034
  4.0210
  3.2281
  2.5485
  2.4069
  2.3503
  3.5962
  2.7467
  2.4919
  2.3786
  2.3503
  2.4352
  4.5307
  3.5679
  4.9554
  3.1149
  4.8988
  9.7976
  4.7006
  3.1432
  2.9450
  3.3131
 21.9739
 46.1565
  6.9376
  5.4935
  4.3325
  3.7378
  3.8511
  3.3697
  3.1432
  9.5711
  5.2953
  3.4547
  3.1149
  3.3697
  3.8794
  5.0687
  3.5962
  5.7766
  3.5396
  3.6812
  4.5307
  3.5679
  3.0582
  2.8883
  3.1715
  3.4547
  2.8317
  2.7184
  2.8317
  3.0299
  3.3980
  4.3325
 15.6026
  5.1537
  3.9927
  3.5679
  3.3131
  3.6246
  2.9450
  2.8034
  2.9733
  4.3891
  7.2774
  5.7200
  4.1626
  3.9644
  5.5784
  3.6812
  3.7661
  4.8139
  4.5024
  9.3729
 24.0976
  6.2863
  4.4741
  3.8511
  6.4279
  3.3414
  2.9450
  2.7751
  2.6335
  2.5485
  2.4636
  2.4352
  2.4919
  3.0582
  4.0776
  3.7945
  3.0299
  3.3414
  2.7467
  2.9733
  2.6618
  5.2386
  4.2192
  2.9166
  2.7751
  2.4919
  2.4636
  4.5590
  3.1149
  9.3446
  3.3697
  3.9927
  2.8883
  2.8600
  2.8317
  2.7467
  2.6051
  5.3519
  2.8317
  2.4919
  2.3786
  2.3503
  2.4069
  2.2370
  2.2937
  2.2937
  3.9644
  2.5485
  2.1804
  2.1238
  2.0671
  2.2937
  2.4069
  2.0105
  1.9822
  1.9539
  1.9255
  1.8972
  2.0105
  1.8972
  1.8689
  1.8689
  1.8406
  1.8123
  1.8406
  1.9822
  1.8689
  1.8406
  4.2192
  9.4578
  6.0315
  5.0121
  2.9166
  3.5396
  3.1149
  3.9077
  3.1998
  2.3786
  3.2564
  5.0404
  5.6917
  3.9077
  4.9271
  3.4263
  2.6901
  2.5202
  2.4069
  2.2370
  2.2937
  2.4352
  4.5307
  3.1149
  2.9450
  2.6051
  2.2370
  2.2087
  2.7467
  9.2313
  3.1432
  2.6335
  2.3503
  2.2653
  2.2370
  2.1521
  2.6335
  3.1149
  2.2370
  2.0388
  2.2937
  2.2370
  2.8883
  3.5396
  4.2758
  3.7095
  4.7572
  6.2580
  4.4174
  2.9166
  2.5485
  2.3503
  2.3220
  2.4069
  2.4636
  2.3503
  2.1238
  3.5962
  2.4069
  2.0671
  2.0105
  2.0105
  2.7184
  2.7184
  2.6335
  2.0105
  1.9255
  1.8406
  1.8689
  4.3042
  2.9733
  2.3503
  4.3325
  6.7111
  2.3220
  2.0954
  2.0388
  2.0105
  2.3786
  2.2937
  1.9255
  1.9822
  1.9822
  2.5485
  2.1804
  2.3220
  2.0388
  2.9733
  3.1149
  4.7855
  2.6051
  2.2087
  2.2087
  3.3414
  2.6901
  2.0671
  2.0671
  1.9255
  1.9255
  2.0954
  2.3220
  2.4069
  2.7467
  4.7855
  3.4830
  3.5396
  4.3042
  5.6067
  5.0404
  4.6156
  4.9838
  3.1149
  3.5962
  4.9271
  8.8349
  6.4279
  6.0032
  5.5784
 10.5905
  2.6051
  2.3786
  3.0299
  2.4352
  2.5202
  3.0016
  2.6335
  3.0582
  2.4352
 10.1657
  4.2475
  6.2580
  3.5396
  3.4263
  2.8600
  5.7766
  4.5307
  3.1715
  2.8600
  2.9450
  2.7467
  2.5202
  2.4352
  2.3503
  2.7184
  4.3608
  2.8317
  2.4636
  2.3503
  2.2653
  2.2087
  2.1521
  2.1521
  2.5768
  3.9360
  4.5024
  3.3131
  3.0016
  2.7184
  2.4636
  2.6335
  2.3220
  2.2087
  2.1238
  2.0954
  2.0954
  2.0671
  2.0105
  2.0388
  2.7467
  2.4636
  2.2653
  2.1521
  1.9822
  1.9255
  1.9255
  1.8972
  1.9539
  1.8972
  1.8406
  1.8123
  1.8123
  1.8406
  2.0671
  2.5768
  3.3414
  2.2937
  2.0954
  1.9255
  1.8972
  2.1238
  1.9539
 21.0677
  4.9838
  2.8883
  2.2937
  3.7378
  6.9376
  4.3608
  3.1432
  2.5202
  2.4919
  2.2087
  2.0671
  2.0954
  2.0671
  2.2087
  1.9255
  1.8406
  1.7840
  1.7556
  1.8972
  1.9539
  2.0954
  2.8317
  8.3252
  3.0865
  2.2087
  2.4352
  2.1521
  2.0388
  2.4919
  2.1238
  1.9255
  1.8123
  1.7556
  1.7273
  2.5202
  3.4547
  2.0954
  5.1820
  3.3131
  6.3430
  3.1149
  5.0970
  3.1998
  2.7467
  2.4636
  6.0598
  3.3414
 13.7903
  7.7588
  3.6246
  3.0016
  7.5323
  8.0420
  5.5784
  3.1998
  5.7200
  3.6812
  4.9271
  4.8988
  3.2281
  4.3891
  2.9733
  2.6051
  2.5202
  2.2653
  4.3891
  2.6051
  2.2087
  2.1521
  2.0954
  2.4352
  3.8511
  5.6067
  3.2848
  2.4069
  3.4547
  2.4069
  2.3220
  2.1804
  2.9733
  3.0016
  2.4069
  2.3220
  2.1238
  1.9822
  1.9255
  1.9255
  1.8972
  1.8689
  1.8406
  2.3503
  4.7572
  3.6812
  2.3786
  2.0105
  1.8406
  1.7840
  1.7273
  1.6990
  1.6990
  1.6990
  1.9255
  2.1521
  2.9733
  6.4279
  4.1909
  6.4279
  2.3220
  2.1238
  3.7945
 12.5444
  6.5129
  5.9465
  4.9271
  6.5978
 18.9723
 11.8648
  6.5695
  8.9198
 12.6576
 16.1406
  6.0032
  5.1820
  9.3729
  4.9838
  4.9838
  4.1626
  3.7378
  3.4830
 14.8663
  9.4861
  4.5307
  3.8794
  3.5679
  3.2564
  3.0582
  2.9166
  2.8600
  2.7467
  2.6618
  2.5768
  2.4919
  2.4636
  2.4069
  2.3786
  2.3503
  2.2937
  2.2653
  2.2653
  2.2937
  2.2087
  2.1804
  2.1521
  2.1238
  2.0954
  2.0954
  3.1432
  2.5485
  2.1521
  2.0954
  2.1521
  2.1238
  2.0954
  2.2653
  2.5485
  3.9644
  2.4352
  2.2937
  2.2653
  2.1521
  2.0954
  2.0388
  2.0388
  2.0105
  2.0105
  1.9822
  1.9822
  2.0671
  2.0954
  1.9822
  1.9539
  1.9539
  2.0388
  2.0105
  2.1521
  2.0105
  1.9539
  2.7184
  2.5768
  4.4741
  3.3980
  2.5485
  3.8228
  2.3220
  2.2937
  3.7378
  5.2103
  2.8600
  2.4069
  2.4636
  2.1804
  2.0671
  2.0388
  2.1238
  2.0105
  2.2370
  1.9822
  1.9822
  1.9539
  2.0388
  2.2937
 10.2790
  4.5590
  3.9927
  3.4263
  4.3891
  3.5679
  3.0299
  2.5485
  2.5202
  2.2937
  2.4069
  2.2653
 58.0495
  9.0331
  4.3891
  3.3980
  2.9733
  5.8333
  6.9943
  4.6440
  3.7095
  4.0493
  3.7945
  3.0582
  2.8317
  3.1998
  2.6335
  2.5485
  3.0016
  3.0582
  2.6618
  6.3996
 37.9446
 44.4574
 39.6436
  8.3535
  6.2297
  4.9271
  7.2208
  4.8705
 10.2224
  4.7855
  3.7378
  3.8511
  3.6246
  3.1715
  2.9733
  2.7184
  2.5768
  2.4919
  2.4069
  2.3220
  2.3786
  2.3220
  2.2653
  2.2937
  2.2937
  4.1626
  6.7394
  2.8034
  2.6051
  2.3503
  8.9764
  2.8317
  3.1998
  2.4919
  2.3220
  2.2370
  2.1804
  3.9927
  2.8034
  2.3220
  2.2370
  2.1238
  2.0954
  2.1521
  2.4069
 12.2329
  2.8034
  2.4069
  2.3220
  2.1804
  2.6618
  8.1553
 14.4416
 13.7337
  7.1642
 14.2717
 35.9624
 56.9169
 12.6859
  8.0986
  6.8810
  5.8050
  4.7006
  3.8228
  3.3980
  3.2564
  2.9450
  2.7467
  2.6901
  3.9644
  9.7976
  5.6634
  7.7305
  3.5962
  3.1432
  2.8034
  2.6051
  2.4919
  5.1820
  5.5218
  4.8139
  3.0299
  2.9733
  2.6335
  2.4636
  2.4919
  2.6618
  2.6618
  2.3220
  2.1521
  2.0954
  2.0671
  3.1149
  2.1521
  2.0105
  2.0105
  1.9539
  1.8972
  1.8406
  2.2370
  8.1836
  2.5485
  4.9838
  2.6901
  5.8899
  3.7095
  3.0582
  2.4069
  2.2087
  2.3220
  2.0954
  1.9822
  1.9539
  1.8972
  1.8406
  1.8406
  1.7840
  1.8689
  1.8123
  1.8689
  1.7840
  1.7273
  1.7273
  1.6990
  1.8689
  2.1521
  2.0388
  1.8123
  4.1343
  2.5768
  1.9822
  1.8972
  1.8406
  4.7572
  2.5768
  2.1804
  7.4190
  7.1642
  2.7467
  3.4830
  3.8794
  2.4636
  2.2937
  5.3519
  3.8228
  2.6335
  4.3042
  4.1626
  3.9644
  2.9733
  2.7751
  2.3503
  2.1804
  2.1238
  2.0388
  2.0105
  2.0388
  2.4636
  3.7095
  3.0865
  3.5113
  2.8317
  2.3503
  3.2564
  2.4069
  2.0671
  1.9539
  2.1521
  2.0388
  1.9539
  2.2937
  2.0105
  2.2937
  2.3220
  3.3414
  2.6618
  2.3786
  2.1521
  2.7751
  5.0687
  2.7184
  2.3503
  2.7184
  2.4069
  4.6723
  2.3503
  2.0671
  3.0865
  3.2848
  2.6335
  2.6051
  2.1238
  1.9822
  1.9539
  1.9539
  1.9822
  2.5768
  2.5202
  3.2564
  2.3220
  6.7677
  2.6051
  2.4069
  2.2370
  2.2653
  3.8511
  2.4636
  2.1521
  2.3503
  6.9943
  2.8034
  2.3786
  2.1804
  2.1521
  1.9822
  1.9822
  2.0954
  2.1521
  1.9822
  1.8406
  2.1238
  3.5113
  2.6051
  2.0388
  2.0105
  1.8689
  1.7840
  1.8123
  1.7273
  1.6707
  1.6424
  2.8600
  2.3503
  7.2208
  3.5396
  3.0016
  4.9271
  2.9166
  7.5606
 11.2418
  3.8511
  3.6246
  5.0121
  5.9465
  3.6529
  3.0865
  2.8600
  2.8317
  2.8883
  7.9287
 20.5580
 16.6503
  4.0776
  3.3131
  3.0016
  2.8034
  2.6618
  2.6051
  2.5202
  2.5485
  2.3786
  2.3786
  2.8317
  2.3786
 27.7505
 28.6000
 14.6115
  5.8050
 24.5224
 22.3137
116.0991
 89.4812
 39.0772
 13.5638
 23.7862
 11.9780
 13.6204
  6.1164
  4.7572
  4.1343
  3.8511
  3.5962
  3.4263
  3.3697
  3.5396
  4.5873
  3.3980
  3.1432
  3.1715
  3.0299
  3.5679
  4.7855
  3.2281
  4.2758
  9.5428
  3.9077
 28.3168
 21.2093
  8.2685
  4.3325
  4.8988
  4.1059
  3.8511
  4.2475
  6.0032
 12.3178
  8.7499
  4.6723
  3.6246
  3.6529
  3.3980
  3.3414
  6.2863
  4.1626
  5.1253
 13.5071
  9.1463
  7.7588
  6.3147
  4.1343
  3.7095
  5.8050
  3.7661
  3.5113
  3.1149
  3.0582
  3.1432
  2.8600
  2.8034
  2.8600
  5.2386
  4.3325
  3.3980
  3.0582
  2.9450
  4.3891
  3.1149
  9.6277
  8.7782
  4.1909
  3.4547
  3.1998
  2.9733
  2.9166
  2.7184
  3.9644
  3.3980
  5.0404
  5.4368
  4.1059
 14.3850
  3.5396
  6.9093
 25.5701
  5.1537
  3.8228
  3.7095
  3.8511
  3.2848
  8.0137
  3.5962
  3.1998
  2.9166
  5.5501
  3.0865
  3.1998
  2.7751
  3.0582
  2.8600
  2.6051
  2.5202
  2.4919
  2.4352
  2.4636
  2.8600
  2.5485
  2.4069
  2.4919
  2.6051
  2.3503
  2.3503
  2.4352
  2.6618
  2.8883
  3.4263
  3.0016
  2.9450
  2.4919
  2.3503
  2.3220
  2.3220
  2.3503
  2.4069
  2.3503
  2.3220
  2.3786
  2.2370
  2.1804
  2.1521
  2.2087
  2.2653
  5.4652
  2.5768
  4.0493
  3.3697
  2.5485
  2.3786
  2.3220
  2.2370
  2.1804
  2.1238
  2.4636
  2.2087
  2.1238
  2.1238
  2.2370
