  1.4442
  1.2176
  1.3026
  1.7840
  4.0210
  2.4636
  1.7840
  1.5857
  1.5857
  1.5857
  1.4442
  1.4442
  1.4442
  1.4442
  1.4442
  1.4442
  1.3026
  1.9255
  1.5857
  1.9255
  2.0954
  2.6335
  8.6650
  4.3325
  2.6335
  2.0954
  6.5412
  3.2848
  2.8600
  2.0954
  2.6335
 11.2984
  8.2402
  4.0210
  4.1626
  2.8600
  2.2653
  3.0582
 22.3420
 17.0751
  5.7483
  5.3519
  4.9838
  4.3325
  2.2653
  1.9255
  3.5113
  3.0582
  3.5113
  2.4636
  2.4636
  4.0210
  7.7871
  3.0582
  2.4636
  5.3519
  5.3519
  4.6440
  3.2848
  3.7661
  3.5113
  8.2402
  7.7871
  3.2848
  2.6335
  3.0582
  3.0582
  2.2653
  4.3325
  2.8600
  3.5113
  2.6335
  2.4636
  2.6335
  2.6335
  2.0954
  1.9255
  2.2653
  1.9255
  1.7840
  3.2848
  2.8600
  3.5113
  3.0582
  8.2402
  4.9838
 11.2984
  4.0210
  3.0582
  2.8600
  2.6335
  2.8600
  3.2848
  2.8600
  2.8600
  2.6335
  4.0210
  4.3325
  3.5113
  3.2848
  3.7661
  3.7661
  3.0582
  4.9838
  2.8600
  2.6335
  2.4636
  2.6335
  2.4636
  4.0210
  6.9093
  3.7661
  3.2848
  3.5113
  2.6335
  2.6335
  2.4636
  2.2653
  2.2653
  2.4636
  2.4636
  4.6440
  6.1448
  3.0582
  3.0582
  3.0582
  6.5412
 10.1657
 10.1657
  6.1448
  4.3325
  3.5113
  3.2848
  3.2848
  3.5113
 10.7321
  6.1448
  4.3325
  3.5113
  3.0582
  4.9838
  2.4636
  2.3220
  4.3325
  7.9854
  8.8349
  5.6634
  3.9077
  3.4547
  3.1998
  4.9838
  6.7394
  7.9854
  4.0210
  4.9838
  3.9077
  3.3697
  4.3325
 11.3834
  6.0032
  4.6440
  4.0210
  3.7661
  3.7661
  6.3996
 12.7143
 12.7143
 12.0347
  5.6634
  4.6440
  5.2953
  4.9838
  6.0032
  4.6440
  8.7499
 15.3194
  8.7499
 19.7085
 35.1129
 13.1390
  5.2669
  3.9360
  3.0582
  1.1327
  1.1327
  1.1327
  1.1327
  1.1327
  2.8034
  2.3220
  1.3592
  1.7556
  1.5008
  1.2176
  1.2176
  1.6141
  1.6141
  1.6141
  5.9182
  6.3147
  2.8034
  2.3220
  2.0954
  2.3220
  2.8034
  3.3414
  7.1075
  7.9854
 21.0394
 16.6503
  8.9481
 23.6446
 11.3834
  5.9182
  5.1820
  4.2192
  3.3414
  2.8034
  2.5485
  2.3220
  2.1804
  2.0671
  2.0105
  4.3891
  2.6335
  1.9822
  1.8406
  1.7556
  1.7556
  1.6141
  1.9822
  1.7556
  1.6141
  1.5857
  1.5291
  1.5291
  1.5008
  1.4442
  1.4158
  1.3592
  1.3592
  1.3026
  1.3026
  1.3026
  1.2743
  1.2743
  1.3026
  6.5695
  3.0582
  2.3786
  2.1804
  3.9360
  2.6335
  1.9822
  1.7556
  1.6141
  1.6141
  1.5857
  1.5291
  4.3891
  3.9360
  5.2669
  6.1448
  4.3891
  3.5113
  3.2848
  2.8600
  3.5113
  2.6335
  3.5113
  3.9360
  3.5962
  2.5485
  2.3220
  2.3220
  2.0954
  2.0954
  1.9255
  1.7556
  1.9255
  2.5485
  2.3220
  3.0582
  3.9077
  2.5485
  2.5485
  2.5485
  1.9255
  1.9255
  2.5485
  2.0954
  3.5962
  3.3414
  2.0954
  3.0582
  2.0954
  1.5008
  1.5008
  1.7556
  3.3414
  2.0954
  2.3220
  1.9255
  1.7556
  1.7556
  2.0954
  2.8034
  2.0954
  3.0582
  2.0954
  4.8139
  2.3220
  5.9182
  3.0582
  2.3220
  2.0954
  2.3220
  3.5962
  5.5218
  3.5962
  3.0582
  3.0582
  3.0582
  3.0582
  3.9077
  3.3414
  2.8034
  2.3220
  2.0954
  2.0954
  1.9255
  1.7556
  1.6141
  1.6141
  1.5008
  2.5485
  2.5485
  1.9255
  1.7556
  1.6141
  1.9255
  2.0954
  1.7556
  1.6141
  1.6141
  1.6141
  1.6141
  3.9077
  4.2192
  2.5485
  2.0954
  4.2192
  2.5485
  3.5962
  2.8034
  2.8034
  8.9481
  4.5024
  3.9077
  4.8139
  4.5024
  4.5024
  4.5024
  3.0582
  3.3414
  3.5962
  1.2743
  1.2743
  1.4158
  1.2743
  1.1893
  1.1893
  1.1893
  1.1893
  1.1893
  1.1893
  1.2743
  1.1893
  1.1893
  1.4158
  1.2743
  1.1893
  1.2743
  1.5008
  1.2743
  1.2743
  1.1044
  1.1044
  1.1044
  1.1044
  2.3786
  2.1804
  5.1820
  2.0105
  1.6141
  1.6141
  5.5218
  5.1820
  8.0137
  6.6545
 14.6681
  7.5323
  5.5218
  3.8511
  3.5962
  5.1820
  2.8034
  2.5768
  2.3786
  2.1804
  2.0105
  1.8972
  1.7556
  1.8972
  2.8034
  2.8034
  2.3786
  2.5768
  3.5962
  2.5768
  2.0105
  2.8034
  4.4741
  3.5962
  2.5768
  2.1804
  1.8972
  1.8972
  1.7556
  1.8972
  1.8972
  2.0105
  3.0582
  2.5768
  3.3414
  3.3414
  2.3786
  2.1804
  1.8972
  1.7556
  1.6141
  4.1626
  2.3786
  1.8972
  2.0105
  3.8511
  3.3414
  3.8511
  3.0582
  2.5768
  2.0105
  2.3786
  2.3786
  2.3786
  2.8034
  2.3786
  2.3786
  2.5768
  2.3786
  4.8139
  4.8139
  2.8034
  2.1804
  1.8972
  1.7556
  1.6141
  1.6141
  1.6141
  2.0105
  2.8034
  4.4741
  2.8034
  2.8034
  9.9958
  6.2580
  3.3414
  3.5962
  3.8511
  3.0582
  2.3786
  2.0105
  1.8972
  1.8972
  2.1804
  1.8972
  1.8972
  1.8972
  1.8972
  1.8972
  3.3414
  4.4741
  4.4741
  3.5962
  2.8034
  2.8034
  3.3414
  3.0582
  2.3786
  2.0105
  1.8972
  1.8972
  1.7556
  3.0582
  3.0582
  2.3786
  3.3414
  3.3414
  3.8511
  4.4741
  3.3414
  2.3786
  1.8972
  1.7556
  1.6141
  1.5008
  1.5008
  1.5008
  1.4158
  1.4158
  1.4158
  1.5008
  1.4158
  1.4158
  1.2743
  1.2743
  1.6141
  1.6141
  1.8972
  1.7556
  1.6141
  1.6141
  1.6141
  1.5008
  1.4158
  1.4158
  1.5008
  1.4158
  1.2743
  1.5008
  1.6141
  3.0582
  2.5768
  2.3786
  2.1804
  6.6545
  6.2580
  6.2580
  3.8511
  2.5768
  2.9733
  2.7184
  3.7661
  2.6335
  2.4069
  2.2653
  2.1804
  2.0105
  2.4636
  3.0582
  2.7184
  5.6917
  4.3891
  2.8034
  3.0582
  3.5113
  3.1432
  2.8600
  2.3220
  2.0954
  1.8972
  2.0954
  2.8600
  2.0954
  2.0954
  1.8972
  1.8972
  1.8972
  1.6990
  3.4547
  9.8259
  5.2103
  3.1432
  4.1059
  2.8600
  2.0954
  1.8972
  1.6990
  1.5291
  1.6990
  1.1893
  1.1893
  1.0477
  1.3592
  1.3592
  1.6990
  1.8972
  9.8259
 22.1155
 10.9020
  5.6067
  3.4547
  2.8600
  2.5768
  2.5768
  2.0954
  3.4547
  4.8139
  4.1059
  6.4846
  6.9093
 10.3356
  5.6067
  4.4741
  3.7661
  4.4741
  4.4741
  9.8259
 17.0751
  8.3252
  4.8139
  3.4547
  2.8600
  2.8600
  2.3220
  2.8600
  5.2103
 12.0913
  4.8139
  3.1432
  2.5768
  1.8972
  1.6990
  1.5291
  1.3592
  1.3592
  1.1893
  1.1893
  1.1893
  1.1893
  1.1893
  1.0477
  1.1893
  2.8600
  4.1059
  2.8600
  2.3220
  2.0954
  1.8972
  6.9093
  5.6067
  5.6067
  3.7661
  2.5768
  1.8972
  1.6990
  1.3592
  2.0954
  1.8972
  1.6990
  1.5291
  1.3592
  1.1893
  1.1893
  1.1893
  1.3592
  1.5291
  1.3592
  1.5291
  1.8972
  1.1893
  1.1893
  1.3592
  1.1893
  1.1893
  1.1893
  1.8972
  1.6990
  2.0954
  1.6990
  1.6990
  1.6990
  1.8972
  2.3220
  2.8600
  6.4846
  4.1059
 10.3356
  4.4741
  2.8600
  1.6990
  1.3592
  1.0477
  0.9061
  0.7929
  5.2103
  2.5768
  1.8972
  1.8972
  1.8972
  1.5291
  1.5291
  1.5291
  1.5291
  1.5291
  1.3592
  1.3592
  1.5291
  1.5291
  1.5291
  1.6990
  1.6990
  1.6990
  1.6990
  1.8972
  2.5768
  7.8438
  9.8259
  2.6335
 10.3356
  4.3891
  2.1804
  1.7556
  1.5291
  1.4442
  1.3592
  1.5857
  1.4158
  2.3220
  4.1059
  2.5768
  2.0954
  1.3592
  1.8972
  4.8139
 13.3656
 25.6267
 14.8097
  6.4846
  3.7661
  3.1432
  2.8600
 13.1390
 26.2780
 13.1390
 17.5281
  8.7499
  5.6917
  3.9360
  3.0582
  8.7499
  6.5695
  5.2669
  4.8139
  4.4741
  3.1432
  2.8600
  2.5768
  2.5768
  3.1432
  2.3220
  2.0954
  1.8972
  1.5291
  1.5291
  1.5291
  6.4846
  8.3252
  4.1059
  4.1059
  4.8139
  2.8600
  2.0954
  2.3220
  4.8139
  4.1059
  2.8600
  2.3220
  2.5768
 11.4683
  5.6067
  3.7661
  3.4547
  2.8600
  4.1059
  4.4741
  2.8600
  3.1432
  2.8600
  3.4547
  3.1432
 24.7489
  8.3252
  4.1059
  2.8600
  2.0954
  1.6990
  1.8972
  1.8972
  1.8972
  1.6990
  1.8972
  1.8972
  1.8972
  1.8972
  3.1432
  4.1059
  3.4547
  3.4547
  3.7661
  2.8600
  1.8972
  1.6990
  1.8972
  2.0954
  1.6990
  1.6990
  2.8600
  2.3220
  2.0954
  2.5768
  2.0954
  1.6990
  1.6990
  1.7840
  1.7840
  2.1521
  1.8972
  4.7289
  3.6812
  6.3147
  4.6440
  3.8228
  8.8349
 12.1479
  4.9838
  3.6246
  3.9077
  3.7661
  3.1998
  2.6335
  2.5768
  2.7467
  2.4069
  2.2370
  2.0954
  1.6990
  4.4174
  3.4547
  4.0776
  3.3697
  2.3786
  2.5768
  2.4069
  2.5485
  2.2653
  2.0671
  1.8972
  2.2653
  4.2192
  3.5113
  2.9450
  3.1149
  2.6335
  2.1804
  2.0105
  2.0954
  6.3430
  6.7960
  3.0299
  2.7467
  6.0032
  4.0210
  2.6618
  2.4919
  4.4174
  6.7960
  4.9838
  3.1149
  3.6246
  2.8034
  2.4069
  2.0954
  1.9822
  1.8972
  1.9822
  2.1521
  2.4636
  1.9822
  1.7840
  1.6990
  1.6141
  1.7840
  3.1149
  2.3220
  2.0954
  1.8406
  1.6141
  1.7556
  1.7840
  1.6707
  1.6707
  1.9822
  2.1804
  2.2653
  2.0954
  1.8406
  1.7556
  1.6707
  1.5291
  1.3592
  1.3592
  1.4158
  1.5008
  1.6990
  1.6990
  1.6707
  1.7556
  1.7556
  1.6707
  1.6141
  1.6141
  1.6141
  1.6141
  1.6141
  1.6990
  1.6141
  1.6707
  1.6707
  1.7556
  2.3786
  3.8228
  4.4741
  8.2685
 20.0200
 25.4852
  8.7216
  3.2281
  3.3414
  2.3220
  1.9255
  1.6990
  1.5291
  1.5008
  1.6707
  1.6707
  1.7840
  1.7840
  1.7840
  1.9255
  2.6618
  2.0954
  2.0954
  2.0671
  3.8228
  2.8883
  5.8616
  3.1998
  2.7184
  2.4069
  2.2370
  2.3220
  2.0954
  2.0105
  2.0671
  2.3786
  2.2370
  2.2653
  2.2370
  2.2653
  2.2370
  2.3220
  2.2653
  2.4069
  2.5768
  2.3220
  2.2370
  2.0105
  2.0105
  2.0105
  2.0105
  2.0105
  2.0105
  2.0105
  2.0105
  2.0105
  2.0105
  2.0105
  2.0105
  2.0105
  2.0105
  2.0105
  2.0105
  2.0105
  2.0105
  2.0105
  2.0105
  2.0105
  2.0105
  2.0105
  2.0105
  2.0105
  2.0105
  2.0105
  2.0105
  2.0105
  2.0105
  1.8972
  1.8972
  1.8972
  1.8972
  1.8972
  1.8972
  1.8972
  1.8972
  1.8972
  1.8972
  1.8972
  1.8972
  1.8972
  2.5768
  2.4919
  1.8406
  1.5857
  1.4442
  1.7556
  3.2281
  3.8228
  3.4547
  2.7184
  2.3220
  2.3220
  2.6335
  2.4069
  4.6440
  3.1149
  3.6246
  4.3042
  4.8139
  2.9450
  2.1521
  2.0954
  1.8972
  1.8406
  1.7840
  2.0671
  2.1804
  2.1804
  2.0105
  1.8972
  2.2370
  2.4636
  3.6812
  2.6618
  2.0954
  1.7840
  1.8406
  2.6618
  3.6246
  2.4919
  2.0954
  1.7840
  1.6707
  1.5857
  1.5857
  1.5008
  1.5291
  1.5857
  1.6707
  2.3786
  1.7840
  3.3414
  2.9450
  2.7184
  2.3220
  2.3220
  2.7184
  6.0315
  3.1998
  2.4919
  2.1804
  2.0105
  1.9255
  1.8972
  1.8972
  1.8972
  1.8406
  1.7840
  2.0954
  1.7840
  1.7556
  1.6141
  1.5857
  1.6707
  1.5857
  1.5008
  1.6707
  1.7556
  1.6707
  4.5873
  6.4846
  4.0210
 13.6204
  5.7766
  3.4547
  2.7184
  2.4636
  2.2370
  2.2370
  2.0671
  2.0105
  2.0105
  1.8972
  1.9255
  1.7556
  1.6990
  2.6618
  1.7840
  2.0954
  7.4473
  7.9287
  3.2281
  2.2370
  1.9822
  1.6990
  1.6141
  1.5291
  1.4158
  1.3592
  1.3592
  1.3026
  1.3592
  1.3592
  1.4158
  1.5008
  1.5008
  1.5291
  1.5857
  1.5857
  1.5857
  1.5008
  1.5857
  1.5291
  1.5008
  1.5291
  1.9255
  2.6335
  2.0954
  1.5857
  2.0105
  1.8406
  2.5485
  2.3786
  3.3697
  3.2281
  1.7556
  1.5008
  1.5008
  1.5008
  1.4158
  1.3592
  1.3592
  1.5291
  1.6141
  3.5962
  1.6141
  1.4442
  1.4158
  1.3592
  1.7556
  2.2370
  2.0105
  1.8972
  1.7840
  1.5857
  2.3786
  2.8883
  1.7840
  1.8406
  1.5857
  1.5857
  1.8406
  1.6141
  1.5008
  1.4158
  1.6990
  2.0954
  2.1521
  2.0954
  1.5291
  1.5008
  1.4158
  1.3026
  1.2176
  1.2743
  1.2743
  1.3592
  1.2743
  1.2743
  1.8972
  4.2192
  2.9733
  4.7006
  2.3220
  3.1149
  3.8511
  4.0776
  2.2653
  2.1521
  2.0954
  2.0954
  1.7556
  1.6707
  1.5857
  1.6990
  2.1804
  2.6618
  6.0881
  3.2281
  2.6335
  2.4069
  2.2370
  2.1521
  2.1521
  2.5485
  2.4636
  2.0105
  1.8972
  1.7556
  1.8406
  1.7840
  1.6707
  2.1804
  3.3414
  2.0954
  1.8406
  1.7556
  2.0954
  2.8034
  1.8406
  2.7184
  4.5590
  2.4919
  3.5113
  8.4101
  4.0210
  6.1731
  3.1998
  4.4174
  2.4919
  2.1521
  5.4368
  7.3057
  4.6440
  3.9077
  2.9450
  2.4069
  2.8034
  9.1180
  3.5113
  4.8705
  4.9838
  6.7394
  5.3802
  3.2281
  2.9450
  3.2281
  6.0032
  2.8034
  2.4919
  2.2370
  2.1804
  2.0671
  2.2370
  2.2370
  2.4919
  3.1998
  2.7467
  2.4069
  2.0671
  2.1521
  2.1521
  3.5113
  2.8883
  2.6335
  2.8034
  4.6440
  4.3325
  6.0032
 15.6875
 10.0242
  5.6634
  4.3325
  3.5962
  3.2848
  2.8600
  2.6618
  2.6335
  2.5485
  2.4069
  2.2653
  2.0954
  2.6335
  2.0954
  3.4263
  3.4263
  3.4263
  3.4263
  3.4263
  3.4263
  3.4263
  3.4263
  2.6618
  2.3220
  4.8988
  3.3697
  2.8600
  2.9450
  2.9733
  2.6335
  2.5485
  2.4069
  2.2370
  2.0954
  2.0105
  2.2370
  1.6707
  1.6707
  1.6707
  1.6707
  2.4919
  1.9822
  2.2653
  2.1804
  1.8972
  2.0105
  1.9255
  1.8406
  1.7840
  3.2848
  3.1432
  2.6335
  2.2370
  2.0105
  2.0954
  2.6335
  2.1521
  1.9255
  1.8972
  1.9822
  1.8972
  1.8972
  1.7840
  1.7840
  2.8600
  4.4174
  2.2653
  2.4636
  2.0671
  2.9733
  2.0954
  2.4636
  2.0105
  1.8972
  1.8406
  1.8972
  1.8972
  2.0954
  2.0954
  2.0105
  2.0954
  2.2370
  2.1804
  2.8600
  2.8883
  3.1432
  2.4919
  2.1804
  2.5485
  2.0954
  2.8034
  2.2653
  2.2653
  2.2653
  2.2653
  2.2653
  2.2653
  2.2653
  2.2653
  2.2653
  2.2653
  2.2653
  2.7184
  2.9450
  1.8406
  3.1998
  2.1804
  1.8406
  1.8406
  1.8406
  4.4741
  3.2281
  2.9450
  2.3786
  2.7467
  3.5396
  2.5485
  2.4636
  2.6335
  2.1804
  3.9927
  2.5485
  2.1804
  2.1804
  2.1804
  3.5962
  2.4636
  2.0105
  1.8406
  1.8406
  1.6707
  2.4069
  2.2370
  2.0105
  3.7095
  2.9733
  2.1804
  2.7184
  7.3624
  2.5485
  7.0226
  3.3414
  2.4636
  2.1804
  2.0105
  1.8406
  1.6707
  1.8406
  1.6707
  2.0105
  1.8406
  1.6707
  2.0105
  2.0105
  2.0105
  1.5008
  1.5008
  1.3592
  1.3592
  1.3592
  2.5768
  2.6335
  2.1804
  1.5008
  1.5008
  1.8406
  2.1521
  1.8406
  2.4636
  1.8406
  1.6707
  4.8705
  4.8139
  2.9450
  4.4174
  1.6707
  1.8406
  1.8406
  1.6707
  2.5768
  2.3786
  9.4578
  7.1075
  2.8883
  2.6335
  3.2281
  2.8883
  2.6335
  5.8616
  2.7467
  2.8883
  3.2848
  2.8034
  2.6335
  6.8810
  3.8228
  2.6335
  2.4636
  2.4919
  2.5768
  2.1804
  2.0105
  1.8406
  1.8406
  1.8406
  1.8406
  1.6707
  1.6707
  2.1804
  3.0582
  2.3786
  2.0105
  6.5412
  2.7467
  2.8883
  2.5485
  2.1804
  3.5396
  2.1804
  2.0105
  2.3786
  3.2848
  2.3786
  2.1804
  2.0105
  2.3786
  2.0105
  2.9450
 10.9586
  3.9927
  9.8543
  3.6812
  2.7467
  2.4636
  2.6618
  2.3786
  2.3786
  2.1804
  2.0105
  2.0105
  1.8406
  1.8406
  1.8406
  1.6707
  2.1804
  1.6707
  2.0105
  1.6707
  1.6707
  3.5962
  2.5768
  2.0105
  1.6707
  1.6707
  1.6707
  2.1804
  2.5768
  2.0105
  1.6707
  1.6707
  1.5008
  1.5008
  1.5008
  1.5008
  1.5008
  1.3592
  1.3592
  1.3592
  1.5008
  1.3592
  2.1521
  1.5008
  1.3592
  1.3592
  1.5008
  2.0954
  1.5008
  1.6707
  1.3592
  1.6141
  1.3592
  1.9822
  1.5008
  1.6707
  1.3592
  1.5008
  1.4442
  1.4442
  1.4442
  1.4442
  1.4442
  1.8406
  1.8406
  1.8406
  1.8406
  1.8406
  1.8406
  1.5008
  1.5008
  1.5008
  1.5008
  1.5008
  1.5008
  1.5008
  2.2370
  2.2370
  2.2370
  2.2370
  2.2370
  2.2370
  2.2370
  2.2370
  1.8406
  1.8406
  1.5008
  1.6707
  2.1804
  1.6707
  1.6707
  1.5008
  1.8406
  1.6707
  2.3220
  2.0105
  1.5008
  1.5008
  2.3220
  4.9554
  7.4473
  3.2848
  6.1731
  3.4547
  3.2848
  3.0582
  3.1149
  2.4636
  3.1432
  2.5485
 33.6970
  9.3446
  4.5590
  4.9554
  3.9077
  4.7855
  2.8883
  3.3697
  2.8883
  2.4636
  2.5485
  7.1075
  3.9077
  2.7467
  2.4636
  2.3786
  2.0105
  2.3786
  2.0105
  2.1804
  8.4667
  3.8511
  2.8600
  2.8600
  2.4919
  2.1804
  2.0105
  1.8972
  1.8972
  1.7556
  1.8972
  2.0671
  1.7556
  1.7556
  1.8972
  1.6141
  3.8228
  3.8511
  5.0687
  7.2208
  3.0582
  2.2653
  2.0105
  3.0582
  5.2103
  2.4919
  4.8139
  4.3042
  3.5113
  3.3414
  2.4919
  2.4919
  2.0105
  1.8972
  1.8972
  1.7556
  1.6141
  1.6141
  1.5008
  1.5008
  1.5008
  1.5008
  1.4158
  1.4158
  1.4158
  1.4158
  1.4158
  1.8406
  1.5008
  1.4158
  1.5008
  1.5008
  2.8600
  2.3220
  2.6618
  2.7184
  3.6246
  2.0105
  1.7556
  3.1149
  2.3786
  1.8972
  1.6141
  1.6141
  1.5008
  1.5008
  1.4158
  1.4158
  1.4158
  1.4158
  1.4158
  1.3026
  1.4158
  1.3026
  1.4158
  1.5008
  1.6141
  1.5008
  1.5008
  1.4158
  1.5008
  1.5008
  1.3026
  1.4158
  1.3026
  1.4158
  1.4158
  1.4158
  1.4158
  1.6141
  1.9822
  2.2370
  1.4158
  1.4158
  1.6141
  1.7556
  1.7556
  1.7556
  1.5008
  1.4158
  1.4158
  1.4158
  1.3026
  1.3026
  1.1893
  1.3026
  1.3026
  1.6141
  2.0105
  4.1059
  2.1804
  2.2653
  1.6141
  5.1820
  2.4919
  2.0105
  1.8972
  1.6141
  1.6141
  1.5008
  1.7556
  1.6141
  1.7556
  2.1804
  1.6141
  1.6141
  2.0105
  1.6141
  1.6141
  1.5008
  2.6335
  1.7556
  1.9255
  2.0105
  1.8972
  1.6141
  2.0954
  1.7556
  1.5008
  2.8883
  4.5873
  2.5485
  2.0954
  1.7840
  1.6707
  1.6707
  1.5857
  1.5857
  1.5857
  1.5857
  1.5857
  1.5857
  1.5857
  1.5857
  1.5857
  1.6707
  1.5857
  1.5857
  1.5857
  1.9822
  1.6707
  1.5857
  1.4442
  1.4442
  1.4442
  1.5857
  2.1804
  1.4442
  1.4442
  1.5857
  1.4442
  5.3802
  3.5962
  6.8810
 25.0038
  4.9838
  2.8883
  2.3786
  2.3786
  2.0954
  2.0954
  1.9255
  3.9927
  1.4442
  1.4442
  1.5857
  2.5768
  2.2370
  3.4263
  1.7840
  1.6707
  1.5857
  1.5857
  1.5857
  1.5857
  2.9733
  9.0614
 32.2812
 19.0856
 15.4610
 12.0913
  4.8705
  5.2103
  9.6277
  4.5873
  4.0776
  3.0582
  3.4263
  3.2281
  6.7111
  3.2848
  2.8883
  2.5485
  2.6335
  2.6335
  2.6335
  2.6335
  2.6335
  2.6335
  2.6335
  2.6335
  2.6335
  2.6335
  2.6335
  2.6335
  2.6335
  2.6335
  2.6335
  2.6335
  2.6335
  2.6335
  2.6335
  2.6335
  2.6335
  2.6335
  2.6335
  2.6335
  2.6335
  2.6335
  2.6335
  2.6335
  2.6335
  2.6335
  2.6335
  1.3026
  1.3026
  1.3026
  1.3026
  1.3026
  1.3026
  1.3026
  1.3026
  1.3026
  1.3026
  1.1893
  1.2743
  1.2743
  1.5008
  1.1893
  1.1893
  1.1893
  1.1893
  1.1893
  1.6990
  1.1893
  1.1893
  1.1893
  1.1044
  1.2743
  2.1521
  1.2743
  2.8600
  2.0671
  1.9255
  1.4158
  1.2743
  1.2743
  1.2743
  1.1893
  1.1893
  1.2743
  1.6990
  1.4158
  2.7467
  2.7184
  2.8883
  1.9255
  1.6141
  2.7184
  1.7556
  1.6141
  1.5008
  1.6141
  1.4158
  7.5889
  4.9838
  2.6618
  2.1804
  1.8972
  1.7556
  2.7184
  2.1804
  1.8972
  1.6141
  1.6141
  1.7556
  2.1804
  1.8972
  1.6707
  2.6335
  1.7556
  1.8972
  2.1804
  5.1820
  3.0299
  2.6618
  2.0105
  1.7556
  2.1804
  2.1804
  2.1804
  1.7556
  1.6141
  1.6141
  1.5008
  1.7556
  1.5008
  1.4158
  1.4158
  1.4158
  1.4158
  1.5008
  1.6141
  1.9822
  1.5008
  1.5008
  1.5008
  1.4158
  1.4158
  1.2743
  1.2743
  1.2743
  1.2743
  1.4158
  1.4158
  1.2743
  1.2743
  1.1893
  1.1893
  1.1893
  1.1893
  1.1893
  1.1893
  1.1893
  1.1893
  1.1893
  1.1893
  1.1893
  1.1893
  1.1893
  2.1521
  1.6990
  2.2653
  1.5008
  1.9822
  1.5008
  2.5485
  2.1804
  4.0210
  2.4636
  2.4636
  6.5412
  4.4741
  2.8883
  4.3325
  5.9465
  3.2848
  2.8883
  2.8883
  2.1804
  2.0671
  1.9255
  2.1804
  2.4919
  1.9255
  1.6141
  1.5008
  1.4158
  7.4473
  2.4919
  1.9255
  1.7556
  2.4069
  3.0582
  3.1432
  2.6335
  3.0582
  2.8600
  2.0671
  1.7556
  1.6141
  1.5008
  1.5008
  1.7556
  1.6141
  1.5008
  1.5008
  1.7556
  1.5008
  1.4158
  1.2743
  1.2743
  1.4158
  2.4069
  1.5008
  1.5008
  1.6141
  1.4158
  2.2653
  1.6141
  1.4158
  1.4158
  1.2743
  1.2743
  1.5291
  1.2743
  1.1893
  1.2743
  1.5857
  2.1804
  1.6990
  2.3786
  1.5291
  1.5008
  1.4158
  1.6707
  1.2743
  1.4158
  1.5008
  1.2743
  1.2743
  1.2743
  1.1893
  1.4442
  1.2743
  1.4158
  1.1893
  2.0954
  1.4158
  2.0671
  1.4158
  1.1893
  1.1893
  1.2743
  1.8406
  1.6141
  5.1253
  2.5485
  1.2743
  1.0194
  1.0194
  0.8495
  1.1893
  2.2653
  1.1044
  1.3026
  1.1044
  1.4442
  0.9061
  0.9061
  1.7556
  1.1893
  1.1044
  1.0194
  0.8495
  1.1893
  0.8495
  2.0954
  1.0194
  1.1044
  1.0194
  1.2176
  2.3786
  3.8228
  6.2580
  2.7184
  1.5008
  1.2743
  1.1893
  1.1044
  1.1044
  2.0954
  6.4846
  1.7556
  1.2176
  1.1044
  1.0194
  1.1044
  0.9061
  4.5873
  1.4158
  1.1893
  1.1044
  1.6990
  1.1893
  1.0194
  1.1893
  0.9628
  0.9061
  1.7840
  1.1044
  1.0194
  1.5008
  3.8511
  3.9077
  5.2669
  3.9077
  2.1804
  1.7556
  1.4158
  1.2743
  1.1893
  1.1893
  1.1044
  1.1044
  1.1044
  0.9061
  1.9822
  3.3414
  1.6141
  1.1893
  5.2103
  3.9927
  2.5768
  1.7556
  1.3026
  1.2176
  1.2176
  1.1044
  1.1327
  0.9628
  1.0194
  0.9061
  4.2192
  1.2176
  3.5962
  1.5008
  1.1327
  1.0477
  0.3398
  0.3681
  0.3115
  0.2832
  0.2832
  0.3681
  0.3398
  0.3115
  0.3115
  0.3681
  0.4814
  0.3964
  0.3398
  0.3115
  0.3115
  0.3115
  0.3398
  0.3398
  0.3115
  0.4248
  0.6796
  0.4531
  0.7079
  0.4531
  0.3681
  0.3398
  0.4814
  0.3398
  0.3398
  0.3398
  0.3398
  0.3398
  0.3115
  0.3398
  0.3681
  0.5380
  0.3964
  0.3681
  0.3681
  0.3681
  0.4248
  0.3964
  0.3964
  0.3681
  0.3681
  0.3681
  0.3681
  0.4531
  0.7929
  0.4814
  0.5947
  0.9628
  0.5380
  0.4531
  0.4814
  0.4248
  0.4248
  0.4248
  0.4248
  0.5663
  0.4814
  1.1327
  0.9628
  0.6796
  0.5663
  0.5097
  0.7929
  0.5663
  1.6707
  0.6230
  0.6513
  0.7646
  1.8972
  0.9061
  9.1180
  5.4652
  2.0105
  1.3026
  0.9061
  0.8495
  0.7362
  0.6796
  0.6513
  0.6230
  0.6230
  0.6796
  0.7929
  0.6796
  0.6230
  0.5663
  0.5380
  0.5097
  0.5097
  0.5663
  0.5097
  0.4814
  0.4814
  0.4814
  0.4531
  0.5097
  0.4814
  0.5663
  0.4814
  0.4814
  0.5380
  0.5947
  1.0194
  2.6335
  2.6335
  2.6335
  2.6335
  2.6335
  2.6335
  2.6335
  2.6335
  2.6335
  1.0477
  1.0477
  1.0477
  1.0477
  1.0477
  1.0477
  1.3026
  1.3026
  1.3026
  1.3026
  1.3026
  1.3026
  1.3026
  1.3026
  1.3026
  1.3026
  1.3026
  1.3026
  1.3026
  1.3026
  1.3026
  1.3026
  1.3026
  1.3026
  1.3026
  1.3026
  1.4158
  1.4158
  1.4158
  1.4158
  1.4158
  1.4158
  1.4158
  1.4158
  1.4158
  1.4158
  1.4158
  1.5008
  1.5008
  1.5008
  1.5008
  1.5008
  1.5008
  1.5008
  1.5008
  1.5008
  1.5008
  1.5008
  1.5008
  1.5008
  1.5008
  1.5008
  1.5008
  1.5008
  1.5008
  1.5008
  1.5008
  1.5008
  1.5008
  1.5008
  2.4069
  2.4069
  2.4069
  2.4069
  2.4069
  2.4069
  2.4069
  1.4158
  1.3026
  1.1327
  1.0477
  1.3026
  1.0477
  0.9628
  1.5291
  1.0194
  0.6230
  0.7646
  6.6261
  7.0226
 19.1422
 33.4139
  6.1731
  6.5695
  5.5218
  3.0582
  1.6707
  1.3026
  1.1327
  3.0299
  1.7556
  1.0477
  0.8778
  4.2475
  5.1820
  1.4442
  1.7556
  1.4158
  1.2176
  1.2176
  1.2176
  1.2176
  1.2176
  1.9255
  1.9255
  1.9255
  1.9255
  1.9255
  1.9255
  1.9255
 14.8947
 14.8947
 14.8947
 14.8947
 14.8947
  2.4069
  2.4069
  2.4069
  2.4069
  2.4069
  2.4069
  2.4069
  2.4069
  2.4069
  2.4069
  2.4069
  2.4069
  2.4069
  3.0582
  3.0582
  3.0582
  3.0582
  3.0582
  3.0582
  3.0582
  3.0582
  4.5024
  2.6335
  2.1804
  1.9822
  1.8406
  1.3592
  1.5291
  0.8778
  1.1327
  2.9733
  1.1327
  1.7556
  1.6707
  1.6141
  1.6141
  1.6990
  2.4069
  1.6707
  1.6141
  1.5857
  1.5291
  1.5291
  0.5663
  0.5097
  0.4814
  0.5097
  0.7079
  0.8778
  0.6796
  2.1804
  1.4158
  1.5857
  1.1327
  1.5857
  1.1044
  0.8212
  0.9061
  0.9628
  0.7362
  0.7362
  0.8495
  0.7362
  0.6796
  0.6230
  1.0194
  1.6990
  0.7929
  1.1044
  1.9822
  2.1521
  1.5857
  1.1327
  0.9061
  0.9628
  1.1327
  1.0194
  0.8495
  0.8212
  0.7646
  1.1327
  3.5962
  1.4442
  1.1327
  1.3026
  2.9450
  1.4442
  1.0194
  1.0477
  0.9061
  0.8778
  0.8495
  0.9628
  0.9061
  1.7840
  1.8406
  1.5008
  1.8972
  1.1327
  2.3220
  1.3026
  1.0194
  1.8972
  1.3026
  1.0477
  1.2176
  2.5768
  5.0687
  1.4158
  1.3026
  1.2176
  3.5962
  9.1463
  2.6335
  1.4158
  1.7556
  1.1327
  1.1327
  2.2370
  1.2743
  1.3026
  1.1893
  0.9061
  0.8495
  0.7929
  0.7646
  0.7079
  0.6796
  0.6513
  0.6513
  0.6230
  0.5947
  0.7362
  1.7556
  0.7646
  1.1327
  1.0477
  4.7289
  3.7095
  1.5857
  4.5590
  3.9927
 13.1957
  2.5768
  1.2743
  1.0194
  0.8495
  0.8778
  0.9061
  1.4158
  3.6812
  1.8406
  4.8988
  3.7095
  1.9255
  1.5008
  3.5396
  1.8406
  3.8511
  3.0582
  1.3592
  1.1327
  4.8139
 14.1018
  7.5040
  4.0210
  1.9822
  1.4158
  2.4636
  3.1998
  1.5008
  2.9450
  1.5008
  1.2176
  3.5396
  5.7483
  2.1521
  1.6141
  3.3414
  1.5291
  1.3592
  1.1327
  1.0194
  0.9628
  0.8778
  0.8495
  0.7929
  0.7362
  0.6796
  1.1893
  1.3026
  0.8495
  1.3026
  0.9061
  0.5947
  0.5663
  0.5380
  0.5097
  0.5663
  0.5380
  0.5097
  0.6230
  1.1327
  0.5947
  0.5380
  0.5097
  0.5663
  2.5768
  0.6230
  0.5663
  0.7929
  0.5663
  0.5947
  0.5380
  0.5097
  0.5097
  0.5097
  0.4814
  0.5097
  0.4814
  0.6796
  2.7467
  0.7929
  0.6230
  0.5947
  0.5663
  3.5113
  1.1327
  0.7646
  0.9628
  0.9628
  0.7646
  1.0477
  3.0582
  1.3026
  1.1327
  2.4636
  1.3026
  1.1327
  1.0477
  0.9628
  1.1044
  4.3042
  1.8406
  1.5857
  1.1327
  1.0477
  1.7840
  3.5396
  1.3026
  1.3026
  1.1327
  5.1253
  5.4368
  1.7556
  1.3026
  1.2176
  1.8406
  1.6141
  1.3026
  1.1327
  1.0477
  0.9628
  1.8406
  0.9628
  0.8778
  0.8495
  0.8212
  2.6335
  1.3026
  1.1327
  1.0194
  0.9628
  2.0954
  9.2879
  3.9360
  2.6618
  5.3519
  3.5113
  1.6990
  1.4158
  1.2176
  1.1044
  1.0477
  0.9061
  0.8778
  0.8778
  0.8212
  0.8778
  0.8778
  3.6812
  4.3891
  1.5857
  1.2176
  1.3026
  1.4158
  2.0105
  2.3220
  4.8988
  1.4158
  1.1327
  1.0477
  1.2176
  0.9628
  1.4158
  1.5291
  1.1327
  6.0032
  1.5857
  1.1044
  0.9628
  0.9061
  0.8778
  0.8495
  0.7929
  1.0477
  0.8495
  0.7929
  0.8778
  0.9061
  1.0477
  1.0194
  0.8778
  0.7646
  0.7362
  0.6796
  0.7362
  2.4069
  1.3592
  1.9822
  1.2176
  1.0194
  1.5291
  0.9628
  0.8495
  0.8778
  7.3624
  1.5008
  1.3592
  1.0477
  0.9061
  0.8495
  0.8778
  0.7646
  0.7079
  0.6796
  0.6513
  0.6513
  1.2176
  1.0477
  0.6796
  1.1893
  0.7929
  0.6513
  0.6230
  0.5947
  0.5380
  0.5380
  0.5097
  0.4814
  0.4814
  0.5663
  0.6513
  0.6513
  0.6513
  0.5380
  0.5380
  0.5380
  0.5380
  0.5380
  0.5380
  0.5380
  0.5380
  0.5380
  2.4069
  2.4069
  2.4069
  2.4069
  2.4069
  1.1327
  1.1327
  1.1327
  1.1327
  1.1327
  1.1327
  0.7362
  0.7362
  0.7362
  0.7362
  0.9628
  0.9628
  0.9628
  0.9628
  0.6513
  0.6513
  0.6513
  0.6513
  0.6513
  0.6513
  0.6230
  0.5947
  0.5380
  0.5097
  0.5097
  0.5097
  0.4531
  0.4531
  0.4248
  0.3964
  0.3964
  0.3964
  0.3964
  0.3964
  0.3964
  0.3681
  0.3964
  0.3964
  0.3964
  0.3964
  0.5097
  0.4248
  0.4248
  0.4248
  0.4248
  0.8495
  0.5663
  0.4248
  0.4248
  0.4248
  1.9822
  2.2370
  1.1327
  0.7646
  5.3519
 25.5701
  3.6246
  1.5291
  1.1327
  0.9628
  0.8778
  0.8212
  0.8212
  0.8212
  1.0477
  1.1044
  1.2176
  0.9061
  0.8212
  1.3592
  0.9061
  0.8778
  0.8212
  0.7929
  0.7362
  1.2743
  1.2743
  0.8212
  0.7929
  0.9628
  1.1044
  1.5857
  1.5008
  1.2176
  0.9061
  0.8778
  0.9628
  1.9822
  0.9628
  0.8212
  0.7646
  0.8212
  0.7362
  1.1893
  0.7646
  0.7079
  0.6230
  0.6230
  0.5947
  2.2370
  0.6230
  0.5663
  0.5947
  0.5663
  0.5380
  0.5380
  0.5380
  0.5097
  0.4814
  0.5097
  0.5097
  0.4814
  0.4814
  0.4531
  0.4814
  0.5097
  0.7362
  2.0954
  0.6796
  1.0477
  1.3026
  2.4636
  0.9628
  0.8778
  0.7362
  0.7362
  1.1044
  2.3786
  3.1432
  3.2281
  4.9838
  2.6335
 10.7887
  5.8616
  2.1521
  3.3414
  1.7840
  1.3026
  1.1327
  0.9628
  1.0194
  0.9061
  0.8495
  0.8778
  0.8495
  0.7362
  0.7362
  0.7079
  0.6796
  0.7362
  0.7079
  0.7362
  0.8212
  0.9628
  1.1893
  1.3592
  2.3786
  1.0194
  0.8212
  0.8212
  0.7362
  0.7362
  0.7079
  0.6796
  0.6513
  0.6230
  0.6230
  0.6230
  0.6230
  0.6230
  0.6230
  0.7079
  1.1327
  1.6707
  1.5291
  0.8212
  0.7362
  0.7079
  0.6513
  0.6230
  0.6230
  0.5947
  0.5947
  1.1327
  0.7079
  1.8406
  3.2281
  0.9628
  0.7646
  0.7079
  0.6513
  0.6230
  0.6230
  0.6796
  1.1893
  1.2176
  0.7079
  1.6707
  1.4442
  1.1327
  1.6990
  1.2176
  1.5291
  1.0194
  0.8778
  1.2743
  2.4069
  1.7840
  1.4158
  2.0105
  1.5008
  1.2176
  1.7840
  3.4263
  8.9481
  4.7289
  2.4636
  2.0105
  1.3592
  1.1327
  1.3592
  0.9061
  0.8495
  1.0477
  1.5291
  1.6707
  0.8778
  0.7929
  0.8212
  0.7362
  0.7079
  0.9628
  2.0105
  0.9628
  1.5008
  1.4442
  1.0477
  0.8212
  0.9628
  0.8778
  0.7362
  0.7362
  2.4636
  4.2192
  5.0687
  3.1149
  2.0105
  1.2743
  1.1044
  5.8333
  1.2176
  0.9061
  0.8212
  3.4547
  7.0226
  5.7766
  2.0954
  1.5291
  1.8972
  1.3026
  2.6335
  2.1521
  2.8600
  1.8406
  1.6990
  2.1521
  1.2176
  0.9628
  3.1432
  1.6990
  1.6141
  1.1327
  3.2281
  3.1149
  4.3891
  3.1149
 11.0436
  5.0687
  3.3697
  1.8972
  1.5857
  1.5857
  1.1893
  0.9628
  1.2176
  4.8139
  1.2176
  0.9628
  1.1327
  2.8883
 13.5355
  5.5218
  2.9733
  2.2653
  3.3697
  3.4263
  2.2653
  2.3220
  1.5291
  1.3026
  1.2176
  1.5291
  1.3026
  1.2176
  5.1253
  0.5097
  1.4158
  0.5097
  0.4814
  0.5380
  0.5947
  0.8212
  0.5380
  0.4814
  0.4814
  0.4248
  0.4248
  0.4531
  0.4248
  0.4531
  0.5380
  0.5097
  0.4814
  3.2848
  6.4846
  0.8495
  0.6796
  0.5947
  0.5380
  0.5380
  0.5380
  0.5097
  0.5097
  0.5097
  0.4814
  0.5097
  0.4814
  0.4814
  0.4814
  0.5380
  0.5380
  0.5380
  0.5380
  1.3026
  1.3026
  1.3026
  1.3026
  1.3026
  1.3026
  1.3026
  0.5663
  0.5663
  0.5663
  0.5663
  0.5663
  0.5663
  0.5663
  0.5663
  0.4248
  0.4248
  0.4248
  0.4248
  0.4248
  0.4248
  0.4248
  0.4248
  0.3964
  0.3964
  0.3964
  0.3964
  0.3964
  0.3964
  0.3964
  0.3964
  0.3964
  0.3964
  0.3964
  0.3964
  0.3964
  0.3964
  0.3964
  0.5663
  0.5663
  0.5663
  0.5663
  0.5663
  0.5663
  0.5663
  0.5663
  0.5663
  0.8778
  0.8778
  0.8778
  0.8778
  0.8778
  0.8778
  0.4814
  0.4814
  0.4814
  0.4814
  0.4814
  0.4814
  0.4814
  0.4814
  0.4814
  0.4814
  1.2176
  1.2176
  2.8600
  2.8600
  0.7362
  0.7362
  0.7362
  0.7362
  0.7362
  2.6335
  2.6335
  2.6335
  2.6335
  0.8212
  0.8212
  0.8212
  0.8212
  0.8212
  0.8212
  1.3026
  1.3026
  5.2669
  5.2669
  5.2669
  5.2669
  1.5008
  1.5008
  1.5008
  1.5008
  1.5008
  1.5008
  1.5008
  1.5008
  1.1044
  5.2669
  2.1804
  9.1180
  3.5113
  1.9255
  4.3891
  4.6440
  6.9659
  4.7006
  2.1804
  3.3414
  1.5291
  5.0404
  2.4636
  1.3026
  1.1044
  0.9628
  0.8495
  1.6707
  2.5485
  2.4069
  3.5113
  4.0210
  1.7556
  6.2580
  8.1836
  2.3220
  3.4547
  3.6246
  4.7289
  1.9822
  1.5008
  2.0105
  1.3592
  2.2653
  5.6634
  2.5485
  1.3592
  1.0477
  1.7556
  1.3592
  2.6335
  4.2192
  2.1804
  1.5008
  1.1327
  1.0194
  0.9628
  2.1521
  1.5857
  1.5291
  2.1804
  2.2653
  1.6707
  1.2176
  1.5008
  1.3592
  1.8406
  1.4442
  2.4636
  1.4442
  1.3026
  1.0477
  0.9061
  4.1626
  1.0477
  0.8212
  0.9061
  1.5857
  4.8988
  4.5590
  3.8228
  2.9733
  5.5218
  1.8972
  4.1059
  2.6335
  2.7184
  8.6366
 10.8737
  2.8034
  2.0105
  2.9733
  3.2848
  4.2475
  2.4636
  3.4547
  2.1521
  2.4636
  2.0105
  1.5857
  1.3026
  3.4547
  1.8972
  1.3026
  1.2176
  1.3026
  1.1893
  3.8228
  1.4442
  1.0477
  3.4547
  1.3026
  1.2743
  2.7184
  5.7483
  1.8406
  2.1521
  1.4158
  1.5008
  1.3026
  0.9628
  2.4069
  5.3519
  2.2653
  1.6707
  1.2176
  0.9628
  1.2176
  0.8778
  0.9061
  0.8212
  0.8212
  0.7929
  0.7362
  0.9628
  0.8212
  0.7079
  1.2176
  0.7079
  0.6230
  0.5947
  0.5663
  0.5380
  0.5380
  0.5380
  1.1044
  0.5947
  0.5380
  0.5097
  0.6230
  0.8495
  1.3592
  1.3592
  1.4158
  0.7362
  1.3592
  1.7840
  0.8778
  1.6141
  0.9628
  3.6812
  1.5008
  1.4158
  0.9628
  0.8212
  0.9628
  2.1521
  1.7840
  2.9450
  1.3026
  0.9628
  0.8778
  2.0954
  1.0194
  0.8212
  0.7646
  1.1044
  1.1327
  0.9628
  0.7362
  0.7362
  0.7929
  0.9061
  2.3220
  0.9628
  0.7362
  1.5857
  1.3592
  0.8778
  3.7661
  1.4442
  1.5291
  1.1327
  1.2176
  1.6707
  1.7840
  2.8600
  1.8406
  1.4158
  1.5857
  0.9628
  0.8778
  1.1327
  1.0477
  1.5291
  1.1893
  1.1044
  0.7929
  0.8212
  0.8212
  0.7079
  0.7079
  0.7362
  0.7646
  0.6230
  0.5947
  0.5663
  0.7646
  3.5396
  3.3414
  1.5291
  0.9061
  1.5291
  0.9628
  0.7362
  0.7079
  0.6796
  0.6796
  0.6230
  0.6230
  0.7079
  0.5947
  0.5663
  0.5380
  0.5380
  0.5380
  0.5380
  0.5097
  0.5097
  0.5097
  1.2176
  3.7095
  2.0671
  1.4158
  1.2743
  1.1327
  1.0477
  1.0477
  1.1327
  1.2743
  0.9628
  0.8778
  0.8212
  1.6141
  1.7556
  1.2176
  2.0954
  1.0477
  0.9061
  0.8778
  1.0477
  1.0477
  1.1327
  0.9061
  0.8778
  0.8778
  2.1804
  1.3592
  1.3592
  1.0477
  1.0477
  0.8778
  1.3026
  2.6335
  1.5291
  1.5008
  1.5008
  1.0477
  1.0477
  2.3220
  1.6990
  1.8406
  1.2176
  1.4442
  5.0687
  2.8883
  2.4919
  1.6707
  2.0954
  2.0671
  1.4158
  1.1893
  1.0194
  0.9628
  0.8495
  0.8778
  0.7646
  0.7362
  3.9077
  6.3147
  1.4442
  1.4158
  2.1521
  2.3786
  1.6990
  2.6618
  2.0105
  6.6545
  2.9733
  2.0105
  1.5291
  1.4442
  1.3026
  1.1044
  0.9628
  0.9628
  1.0194
  1.0477
  0.8212
  0.7646
  0.7362
  0.8495
  0.9628
  1.4442
  0.9628
  1.4158
  1.2176
  2.0105
  1.4442
  1.3026
  1.6990
  2.0954
  2.7184
  1.3026
  2.8034
  1.6141
  1.4158
  1.0477
  1.5857
  1.1327
  1.3026
  0.9628
  0.8778
  0.7929
  1.0194
  0.8778
  0.9628
  1.5291
  1.3026
  0.9628
  1.0194
  0.8778
  0.8212
  1.0194
  1.0194
  1.1044
  1.4158
  1.9822
  1.2176
  1.1327
  2.7467
  1.4158
  1.6141
  1.6707
  2.0105
  1.5008
  1.6707
  2.1804
  1.1327
  1.0194
  1.0477
  1.1327
  1.1327
  0.8212
  0.7362
  0.7362
  0.6513
  0.7362
  0.7079
  0.7079
  0.7646
  0.5947
  0.5663
  0.5380
  0.5380
  0.5380
  0.5097
  0.5097
  0.5097
  0.5947
  0.5663
  0.5380
  0.5097
  0.5380
  0.6230
  0.5380
  0.6230
  0.7929
  1.1327
  0.5380
  1.9822
  0.7362
  0.6230
  0.7362
  0.6796
  1.0194
  0.7646
  0.5663
  0.6796
  0.5947
  1.1327
  0.7079
  0.5663
  0.7079
  0.6513
  0.5947
  0.5947
  0.5380
  0.5380
  0.5380
  0.7646
  0.5663
  0.5380
  0.3115
  0.5947
  0.5947
  0.4531
  0.4248
  0.4248
  3.5396
  1.7840
  0.7079
  2.1521
  2.8883
  0.7646
  0.5097
  0.9628
  0.5947
  0.5947
  0.7929
  0.4531
  0.4248
  0.4248
  0.4248
  0.6513
  0.5380
  6.6545
  7.5040
 16.2822
  8.4101
  2.5485
  1.7556
  1.3026
  1.0477
  1.3592
  0.8212
  0.9628
  1.9255
  4.0210
  4.5024
  1.8406
  1.2743
  1.5857
  2.0954
  1.1893
  0.9061
  1.1327
  3.8228
  3.9360
  1.2176
  1.6990
  1.0477
  1.0194
  0.8212
  0.7079
  0.6230
  0.5947
  0.5380
  1.8972
  0.6513
  0.5380
  0.5380
  0.5097
  0.6230
  1.0477
  1.1893
  3.4547
  8.3535
  2.4069
  9.5145
  2.3220
  2.0954
  2.0954
  1.8406
  1.6990
  1.6990
  1.5008
  1.1327
  1.2176
  0.7079
  1.0194
  2.2653
  1.5857
  1.5008
  0.9628
  0.9061
  1.3592
  3.3414
  2.6335
  1.0477
  1.0477
  1.1893
  5.3519
  1.6707
  1.0194
  0.8495
  0.7646
  0.6796
  0.6513
  0.9911
  5.1253
  5.6634
  1.8972
  1.5291
  2.6335
  2.5485
  1.7273
  2.0105
  1.7556
  2.0671
  0.9345
  0.8495
  0.8495
  0.7079
  0.6796
  2.5485
  0.8212
  0.6796
  0.8212
  1.7556
 11.0719
  2.0105
  1.1044
  0.7929
  0.8495
  0.7929
  0.8212
  0.9911
  0.7362
  0.9061
  0.7079
  0.6230
  0.6230
  0.5663
  0.5097
  0.5663
  1.1044
  0.5380
  0.4814
  0.4814
  1.2743
  1.1893
  0.6796
  0.6230
  1.2459
  0.7362
  0.5947
  0.5097
  0.4814
  0.4531
  0.5380
  0.4531
  0.4248
  0.3964
  0.3964
  0.6513
  4.4741
  4.3325
  3.5113
  0.9061
  0.7929
  1.0194
  0.7646
  0.8495
  0.7079
  0.9061
  3.8228
  4.5590
  1.4158
  0.9911
  2.4069
  0.8495
  0.8495
  1.8406
  1.5008
  0.9345
  1.6990
  0.9628
  3.1998
  1.1610
  0.8495
  0.8495
  0.7362
  0.6796
  0.6230
  1.6707
  0.5663
  0.5380
  0.5097
  0.7929
  0.6513
  0.5380
  0.5097
  0.7646
  1.2176
  0.6230
  0.5380
  0.8212
  1.2176
  1.5291
  2.8600
  7.3624
  7.5323
  4.4174
  2.4919
  1.7840
  1.3026
  1.7273
  1.4158
  0.9911
  0.9911
  0.7646
  0.6796
  0.6230
  0.5947
  0.5380
  0.5097
  0.5097
  0.4814
  8.6650
  4.7006
  1.1327
  0.7929
  0.7646
  0.7646
  0.6230
  0.6230
  0.5663
  0.5947
  0.5380
  0.5097
  0.6230
  0.9061
  0.6230
  0.5663
  0.5097
  0.5380
  0.6513
  0.4814
  0.4531
  0.4248
  0.4248
  0.4814
  0.4531
  0.4531
  0.4814
  0.4814
  0.5097
  0.5947
  0.4248
  1.6141
  1.4158
  1.1327
  1.0477
  0.7079
  0.5663
  0.6230
  0.5663
  0.5097
  0.4814
  0.4814
  0.4531
  0.4248
  0.4248
  0.4531
  0.7646
  0.6796
  0.5380
  0.4814
  0.5947
  0.4814
  1.7556
  1.3309
  1.5857
  0.9628
  0.7362
  0.7079
  0.5663
  0.5380
  1.0194
  0.6230
  0.6230
  0.7362
  0.6796
  0.7929
  0.8495
  0.9061
  1.8972
  1.9255
  0.9345
  0.7646
  0.6796
  0.6230
  0.5947
  0.5947
  0.6513
  0.6230
  0.5380
  0.5663
  0.4814
  0.5380
  0.5380
  0.7079
  1.3309
  0.5380
  2.5768
  0.9345
  1.2459
  1.5857
  2.6618
  5.0404
  1.3875
  0.9345
  0.7929
  0.7079
  0.6796
  0.6796
  0.6796
  4.6440
  0.9911
  1.4158
  2.0105
  0.7929
  0.7362
  0.7079
  0.6230
  0.6796
  4.7289
  5.4368
  1.2743
  1.3875
  1.5857
  0.9628
  0.8495
  0.7929
  0.7362
  0.6796
  0.6513
  0.5947
  1.3309
  1.1893
  0.7079
  0.6513
  0.6796
 11.3551
  1.7840
  1.1044
  0.9061
  2.2370
  1.2176
  0.8495
  0.7362
  0.7929
  0.7362
  0.6230
  0.7929
  0.8495
  0.6513
  0.5947
  0.5380
  0.5097
  1.2459
  1.5574
  3.4547
  0.9911
  2.9733
  1.3592
  0.9061
  0.7929
  0.5663
  0.4814
  0.4531
  0.4248
  0.5380
  0.8495
  0.5097
  0.4531
  0.5663
  0.4531
  0.4248
  0.4248
  5.4368
  1.1327
  0.9061
  1.3026
  1.2459
  0.8212
  0.6796
  0.5947
  0.5663
  0.5663
  0.5380
  0.5097
  0.5097
  1.3875
  0.6796
  0.5663
  0.5947
  1.0477
  1.0194
  1.1327
  0.7362
  0.6230
  0.6230
  2.5485
  2.0105
  2.9450
  3.7095
  2.3786
  1.1327
  0.9061
  0.8778
  0.9911
  2.2370
  4.0210
  3.9360
  3.2848
  2.4069
  1.6990
  1.6424
  1.4158
  2.0105
  1.5857
  1.4442
  1.1044
  0.9061
  3.0582
  0.9061
  0.7362
  1.4725
  0.7362
  0.6796
  0.6513
  0.5947
  0.5663
  0.5663
  0.5380
  0.5380
  0.4814
  0.4814
  0.4814
  0.4814
  0.4248
  0.4814
  0.4248
  0.3964
  0.3964
  0.4531
  0.6796
  0.4248
  0.3681
  0.3681
  0.5097
  1.3592
  0.4814
  1.0477
  2.4069
  0.5947
  0.4814
  0.3964
  0.5663
  0.4248
  0.4248
  0.5947
  1.1044
  1.1327
  3.5113
  3.2281
  2.0671
  1.5008
  2.0105
  1.1893
  0.9061
  1.0477
  2.0105
  2.8034
  1.0760
  1.1327
  1.0194
  1.0760
  1.7840
  1.7273
  1.7840
  4.0210
  8.3252
  6.0032
  2.2653
  1.5291
  1.7556
  2.4069
  1.6990
  1.1893
  1.3026
  1.5008
  2.7467
  1.1893
  0.8778
  1.2176
  1.2176
  1.4158
  1.2459
  4.4741
 14.0735
  3.1998
  1.6707
  1.2176
  2.3220
  1.3875
  1.5291
  0.9911
  2.5768
  2.7467
  1.0477
  0.9061
  1.2176
 20.9261
  6.0032
  2.5768
  1.7556
  2.6335
  2.5485
  2.0954
  1.3875
  1.2743
  2.3786
  1.5008
  2.8600
  1.3026
  1.0477
  3.0299
  1.4725
  0.8778
  0.8212
  0.7929
  0.9061
  0.8495
  1.5008
  3.2281
  3.3414
  1.6141
  1.1044
  1.4158
  0.9628
  0.8495
  0.7929
  0.7362
  0.7929
  6.9093
  2.6618
  1.3592
  1.3026
  1.9255
  0.8212
  0.8212
  1.1327
  0.8495
  0.8212
  0.8212
  1.0760
  0.8495
  0.9061
  1.4442
  1.3026
  1.4158
  0.9628
  0.9061
  2.3786
  1.3309
  1.8406
  4.2192
  1.0194
  6.1731
  2.2370
  0.9061
  1.5574
  1.0194
  1.0194
  0.9061
  1.0194
  2.8883
  3.9360
  9.1463
 17.7547
 13.6770
  4.8988
  3.9077
 18.3210
 12.0913
  4.0210
  1.0477
  3.0582
  1.6141
  1.4158
  1.1893
  1.0477
  1.0477
  0.9628
  0.9628
  0.8495
  0.8212
  0.8212
  0.9911
  2.9733
  3.7661
  1.1893
  1.0194
  1.0760
  1.7556
  1.2459
  0.8212
  0.8212
  0.7929
  0.7646
  0.7646
  0.7362
  0.7362
  0.7362
  0.7362
  0.7079
  0.7362
  0.7646
  0.9061
  0.6796
  0.5947
  0.5947
  0.5380
  0.5380
  0.5380
  0.5380
  0.5097
  0.5947
  0.5380
  0.5097
  0.5097
  0.5097
  0.5097
  0.4814
  0.5097
  0.7079
  0.8495
  0.5380
  0.5097
  0.4814
  0.4248
  0.4531
  0.7079
  2.3220
  1.3592
  2.6618
  3.6812
  1.0477
  2.3786
  1.1610
  0.9628
  1.0760
  0.8212
  0.8212
  1.1327
  3.3414
  4.4174
  1.6990
  1.3026
  2.4919
  1.6707
  1.5008
  1.4158
  1.0477
  2.5768
  1.9255
  1.8406
  1.1893
  1.7840
  1.5291
  1.1044
  2.0105
  5.0404
  5.1253
  2.4069
  1.5857
  1.7840
  1.1044
  0.9628
  0.9061
  0.8212
  1.0477
  1.1327
  0.8212
  0.9628
  2.7184
  8.3252
 17.9529
  2.3220
  1.5008
  1.2176
  1.0477
  0.9628
  0.9628
  0.8212
  0.8212
  0.9061
  0.8778
  1.7556
  2.6335
  1.2176
  0.9628
  0.8212
  0.7929
  0.8495
  1.2743
  1.0194
  1.1893
  1.4158
  1.0477
  0.8212
  0.7362
  0.7929
  1.1610
  0.6796
  0.6230
  0.5947
  0.6796
  0.5947
  0.5663
  0.5380
  0.5380
  0.5097
  0.6230
  0.6796
  0.8212
  1.1327
  0.8212
  0.9628
  8.1836
  1.0477
  1.2176
  3.4263
  1.4442
  1.6707
  1.0477
  5.0404
  5.0404
  1.5291
  1.3026
  3.0299
 14.4699
  8.8915
  3.1149
  2.8600
  1.9822
  1.5857
  1.3026
  1.2743
  1.0477
  1.0477
  0.9061
  0.8212
  0.7646
  0.7079
  0.6796
  0.5380
  1.0477
  0.6796
  0.6230
  0.6796
  0.8212
  1.2176
  2.1521
  2.1521
  3.4547
  1.2176
  0.9061
  1.2459
  1.5008
  1.5008
  1.1893
  1.0194
  1.2743
  1.5857
  1.2176
  1.0194
  0.8212
  0.7646
  0.7079
  0.6796
  0.7362
  2.5485
  0.7929
  0.6796
  0.6230
  1.4442
  4.3891
  1.1044
  1.3592
  1.6141
  1.5008
  2.6618
  8.8065
  5.6917
  2.6335
  1.4442
  1.1327
  1.0194
  0.9628
  0.9061
  1.3309
  7.0226
  6.2297
  2.6335
  1.3592
  1.5857
  1.7556
  1.1893
  1.4442
  1.1893
  0.9628
  0.9061
  0.9628
  0.9061
  0.7929
  0.7362
  0.6796
  0.6513
  0.6796
  0.6513
  0.8495
  0.9061
  1.4158
  4.8988
  0.9061
  0.7929
  0.7646
  2.3786
  3.0582
  1.5291
  0.9628
  0.8212
  0.9628
  1.3026
  1.2743
  1.1044
  2.0671
  1.0477
  1.0194
  0.8212
  0.7362
  0.6796
  0.6796
  1.2459
  0.6796
  0.6230
  0.9061
  0.7079
  0.9061
  0.6230
  0.6230
  2.8883
  0.9628
  1.3592
  0.7079
  0.6230
  4.6440
  1.1327
  0.8778
  0.7362
  0.9628
  4.7006
  6.7960
  2.9450
  1.2743
  1.8972
  1.5857
  2.4636
  1.0477
  1.0477
  3.9927
  3.9360
  4.7855
  2.0671
  2.1804
  2.4919
  2.3220
  2.4636
  1.9822
  1.8406
  1.7556
  1.6141
  0.9061
  0.9061
  0.8778
  0.6513
  0.7929
  3.3414
  0.6796
  0.6796
  1.1044
  1.9822
  1.2459
  0.9628
  0.8212
  0.6796
  0.6230
  0.5663
  0.5380
  0.7079
  0.5663
  0.5380
  0.5380
  0.5947
  0.5947
  0.5097
  0.5380
  0.5947
  0.5380
  0.5380
  0.4814
  1.7556
  1.1044
  0.6513
  0.4814
  0.4531
  1.5857
  0.6513
  0.5097
  2.4636
  8.8065
  5.3802
  1.6990
  1.3592
  1.0477
  0.7646
  0.6796
  0.6796
  0.5947
  1.8972
  3.4547
  5.1820
  1.6990
  2.0105
  3.3697
  1.2743
  1.0194
  0.9911
  3.4263
  5.0687
 17.0751
  8.8349
  5.6634
  3.5113
  2.6335
  2.2653
  2.0105
  1.7840
  1.6141
  1.6141
  1.5574
  1.6707
  2.2653
  3.6246
  6.3147
  3.3414
  2.2653
  2.0105
  1.9255
  1.3592
  1.4158
  2.7184
  2.3786
  2.0671
  3.4263
  1.7556
  4.4741
  1.3026
  1.1610
  1.1044
  1.0760
  1.0477
  0.7362
  0.7079
  0.9061
  0.7079
  0.6513
  0.9061
  0.6230
  0.5947
  0.9911
  0.6513
  0.6230
  0.5947
  0.6513
  0.5947
  0.5663
  1.5574
  4.8705
  4.8988
  1.4725
  1.9822
  8.0137
  2.5485
  1.1610
  1.0760
  1.2176
  3.9077
  1.5008
  1.1044
  0.9345
  1.1044
  0.6796
  0.6230
  0.6230
  0.6230
  1.3026
  2.4636
  1.0194
  0.7646
  1.8972
  1.9255
  0.8212
  0.6230
  0.7646
  0.6230
  1.1044
  0.7362
  1.6141
  0.9345
  1.0194
  1.1044
  0.6513
  0.6230
  1.6141
  2.1804
  3.7095
  2.1804
  0.9345
  0.7079
  0.6230
  0.6230
  0.6230
  0.6230
  0.6230
  0.6230
  0.6230
  0.6230
  0.6230
  0.6230
  0.9911
  0.8212
  1.2459
  0.6230
  0.6230
  0.6230
  0.6230
  0.6230
  0.6230
  2.4919
  0.6513
  0.6230
  0.6230
  0.6230
  0.9345
  0.6230
  0.8212
  0.7362
  0.6796
  0.6230
  0.6230
  0.6230
  0.6230
  1.3026
  1.4725
  0.8778
  0.6230
  0.6230
  0.6230
  0.6230
  5.2953
  2.5768
  1.2459
  1.3875
  0.6513
  0.6230
  0.6230
  0.6230
  0.6230
  0.6230
  0.6230
  0.5947
  0.6230
  0.6513
  0.5947
  0.5947
  0.5947
  0.5947
  0.5947
  0.5947
  0.5663
  0.5663
  0.5663
  0.5663
  0.5663
  0.5380
  0.5380
  0.3964
  5.9182
  0.7079
  0.5663
  0.5097
  0.4531
  0.4248
  0.4248
  0.3964
  0.3964
  0.3964
  0.3964
  0.4814
  1.8406
  0.6513
  6.7111
  3.7095
  8.4101
  8.9764
  3.4263
  1.8406
  1.5008
  1.1327
  1.0477
  0.8778
  1.2459
  0.8212
  0.7362
  0.6796
  0.6230
  1.8406
  3.5962
  2.4069
  1.2459
  0.9345
  0.8212
  0.7646
  0.7079
  5.5501
  9.8543
  6.4279
  2.2653
 13.5355
  2.8600
  1.8972
  1.4725
  1.2743
  1.1044
  1.0194
  0.9345
  0.9911
  0.8495
  1.1044
  1.0477
  1.2176
  1.1610
  0.9345
  1.0760
  1.5574
  0.8778
  0.7929
  0.7929
  1.0194
  0.8778
  1.7556
  1.0194
  0.8212
  0.7362
  0.6796
  0.8212
  0.8778
  0.7929
  0.6796
  0.6796
  0.6513
  0.6230
  0.8495
  0.7362
  0.6513
  0.5663
  0.6796
  0.5663
  0.8778
  0.7646
  0.9345
  1.5291
  0.9628
  0.7646
  0.7362
  0.7079
  0.6796
  0.6230
  0.6230
  0.8495
  1.7556
  1.1327
  1.2743
  1.6990
  1.3875
  1.0477
  1.1044
  1.2743
  1.0194
  1.2176
  2.0105
  1.4158
  1.0194
  0.9061
  0.9628
  1.5008
  7.3057
  1.3026
  1.1044
  0.9345
  0.8495
  0.7929
  0.7646
  0.7646
  0.9061
  1.5291
  2.7467
  5.3519
  4.3325
  2.0671
  2.0671
  1.9255
  1.3875
  1.1610
  1.2459
  2.6618
  3.7661
  1.5857
  1.2743
 13.5921
 21.4642
  2.8034
  2.3786
  2.7184
  3.6812
  2.1521
  3.4263
  1.7840
  1.3875
  1.2459
  1.2743
  1.3592
  2.5768
  1.2743
  1.2176
  1.2176
  1.6141
  2.4919
  1.6990
  2.4919
  3.0299
  1.7273
  4.0210
  4.2192
  1.7840
  2.0105
  1.5008
  1.4158
  1.2176
  1.0760
  1.0760
  0.9911
  1.0194
  0.8778
  1.2176
  1.0477
  0.8495
  0.7929
  0.7646
  0.7362
  0.7079
  0.6796
  1.2176
  0.7929
  3.5113
  0.9061
  0.8212
  0.7646
  3.1998
  0.7079
  0.6513
  0.6230
  1.6141
  0.9061
  0.5947
  0.5380
  0.5097
  0.4814
  0.4814
  0.4531
  0.4531
  0.4814
  0.4814
  0.4531
  0.4814
  2.5768
  1.2176
  1.4158
  1.0477
  0.6513
  0.5380
  0.5097
  0.4814
  0.4814
  0.4531
  0.4531
  0.4248
  0.4248
  0.3964
  0.3964
  0.3964
  0.3964
  0.4248
  0.9911
  0.4814
  6.0032
  4.8988
  1.3875
  1.3592
  1.5574
  1.5291
  1.8406
  1.3026
  1.5008
  1.3875
  2.0105
  3.2281
  1.2743
  0.9061
  1.0477
  0.7929
  1.1044
  0.8212
  0.7362
  1.5008
  3.8228
  2.5485
  1.0760
  0.8778
  0.7646
  0.7079
  0.6796
  0.6230
  0.5663
  0.5663
  0.5097
  2.2370
  1.1893
  0.6230
  0.4814
  0.8495
  0.7929
  0.5380
  0.4814
  0.4531
  0.4248
  0.4248
  0.4248
  0.7929
  0.4531
  0.5663
  0.4248
  1.2176
  1.0760
  2.4636
  0.7929
  0.5947
  0.5097
  0.5380
  1.0194
  8.1553
  1.5574
  1.6707
  1.7273
  1.1044
  0.9061
  0.7362
  0.8495
  0.7079
  1.2176
  0.6796
  0.5663
  0.5380
  0.4814
  0.4814
  0.6796
  1.1893
  0.6513
  1.8406
  4.3891
  0.8212
  0.6513
  0.6796
  0.6513
  0.5097
  0.4814
  0.4531
  0.4531
  0.4531
  0.4248
  0.5663
  0.4531
  0.3964
  0.5097
  1.7556
  1.2743
  3.5962
  1.5857
  3.1432
  7.7871
  7.8721
  2.0954
  1.1327
  0.9061
  0.7646
  0.6796
  0.7362
  0.5947
  0.5663
  0.7362
  1.7840
  2.4069
  1.2176
  2.6335
  1.7840
  0.8212
  0.6796
  0.6230
  0.5947
  0.8495
  0.9628
  1.5574
  2.6335
  5.1253
  4.4741
  1.7840
  1.2176
  8.8915
 11.0719
  9.3729
  2.5768
  2.2370
  1.5008
  2.4636
  1.2176
  1.0194
  0.9345
  2.3786
  1.2176
  1.0194
  0.9628
  0.9061
  1.5857
  0.8212
  1.7840
  2.5768
  1.6990
  4.0210
  2.7184
  3.0582
  1.5008
  1.2743
  1.1044
  1.0477
  1.1044
  1.9822
  2.5485
  1.3026
  1.0477
  0.9061
  1.1044
  1.9822
  7.4473
  6.5695
  3.9360
  2.7184
  2.6335
  1.8406
  1.5291
  1.2743
  1.1327
  1.3592
  1.1044
  1.3592
  1.1327
  5.2669
  8.3252
 10.9586
  3.5113
  3.9360
  2.3786
  1.7556
  1.6141
  2.5485
  3.5113
  1.7556
  1.1044
  1.0477
  1.1044
  0.9061
  0.9061
  0.7929
  0.9628
  0.7929
  0.7646
  1.0194
  0.7362
  0.6796
  0.6796
  1.3592
  1.1610
  1.6707
  1.4158
  1.0194
  0.9061
  0.7646
  0.6796
  0.6796
  3.9927
  0.9345
  0.9911
  0.7929
  0.8495
  1.3309
  0.7362
  0.6796
  0.6796
  0.6796
  0.7079
  0.6513
  0.5663
  1.1893
  4.1059
  0.9628
  1.6990
  0.9061
  0.9911
  2.4919
  3.0582
  1.2743
  1.1044
  9.6844
  2.1804
  1.3875
  1.1044
  0.9911
  0.8778
  0.8495
  0.9061
  2.8883
  3.5962
  2.0954
  1.3026
  1.0194
  1.3026
  0.9061
  0.9345
  0.7362
  0.9345
  1.5008
  0.9061
  0.9911
  0.9061
  1.7840
  1.5008
  1.1610
  0.9345
  0.7929
  0.7362
  0.7079
  0.6513
  0.6513
  0.6230
  0.5947
  0.5947
  0.7362
  2.9733
  0.9061
  0.6513
  0.5380
  0.5380
  0.6796
  0.6513
  0.7929
  0.9061
  0.8212
  4.2475
  1.9255
  0.8778
  0.7929
  0.7079
  0.8495
  0.9911
  0.7929
  0.7362
  0.6513
  1.9255
  0.8495
  0.6796
  0.6796
  0.8778
  0.9911
  3.4263
  0.9911
  0.7646
  1.6707
  1.2176
  0.7646
  1.0194
  0.6796
  0.6513
  0.6796
  1.0477
  0.6796
  1.1044
  0.8778
  0.6796
  0.5947
  0.5947
  0.5663
  0.5380
  0.7362
  1.0194
  0.6230
  0.7079
  0.5663
  0.5663
  2.9733
 14.8380
 10.4206
 17.8396
  2.3786
  1.4158
  1.1327
  1.9255
  1.2743
  1.1610
  0.8212
  0.7362
  0.7079
  0.6796
  1.7273
  0.8778
  0.7079
  0.7079
  1.7556
  1.8972
  1.0194
  1.9255
  1.1044
  1.5857
  0.9911
  0.8212
  0.6796
  1.5857
  1.1893
  1.1893
  0.8495
  1.4725
  1.1044
  1.4725
  0.9345
  0.7929
  0.7079
  0.6513
  1.5291
  1.6990
  0.9628
  0.6796
  0.7362
  0.5947
  0.5663
  0.5380
  0.5097
  0.5097
  0.5947
  0.5097
  0.5380
  0.4814
  0.5097
  2.2653
  0.5947
  1.7556
  2.3220
  2.0671
  2.4636
  1.8406
  0.9061
  3.9927
  1.1044
  0.7362
  0.6513
  0.5947
  0.5663
  2.0954
  0.7646
  0.5947
  1.4158
  2.0954
  1.3026
  4.5873
  7.0509
  1.5574
  1.1610
  1.8406
  0.7646
  3.5962
 21.2093
  4.8139
  2.8034
  1.7840
  1.5008
  1.3026
  1.2459
  1.1044
  1.0477
  1.2459
  1.1327
  2.2370
  1.1044
  1.0194
  1.0477
  1.3026
  1.2176
  1.8406
  4.2192
  1.4158
  1.1893
  1.0194
  1.0194
  1.9255
  5.7483
  1.5574
  2.3220
  2.9450
  2.7184
  2.9450
  4.7855
  2.9733
  1.8972
  2.8034
  1.5291
  2.6335
  5.4368
  1.7273
  1.4725
  1.3026
  1.5008
  4.8988
  3.3697
  3.5962
  2.0954
  2.0671
  2.0671
  1.7840
  1.6424
  1.7273
  1.4725
  1.9822
  1.5008
  1.4158
  1.3309
  1.5008
  1.5857
  1.3309
  1.2743
  0.9345
  1.5857
  4.8139
  1.6990
  2.1521
  1.3592
  1.3592
  2.8600
  1.0477
  1.0194
  3.3697
 17.6414
  1.6707
  1.0477
  0.9345
  0.9345
  1.9255
  0.8495
  0.7929
  0.7079
  0.6796
  0.7079
  2.4919
  1.1044
  0.7646
  0.7079
  0.7929
  0.9628
  0.7929
  1.3026
  2.9733
  0.9345
  5.1253
 13.3939
  1.9255
  1.2176
  0.9911
  0.9061
  0.8212
  0.8778
  0.8495
  0.9061
  1.0194
  0.9061
  0.7929
  0.7929
  0.6796
  0.6230
  0.6230
  0.8212
  0.9061
  0.9911
  0.6230
  0.5663
  0.5663
  0.5380
  0.5663
  0.5380
  0.5380
  0.5947
  1.0194
  0.8495
  2.3786
  4.6440
  3.3697
  0.9061
  0.7929
  0.7079
  0.6513
  0.6230
  0.5947
  0.5663
  0.5947
  0.5380
  0.5663
  0.7929
  1.2176
  0.6796
  0.8212
  0.6230
  0.6796
  0.5663
  0.9628
  0.7929
  0.5663
  0.5097
  0.5097
  0.4814
  0.4814
  0.5097
  0.4531
  0.4531
  0.4248
  1.3875
  3.4263
  2.0105
  0.7929
  2.4919
  1.9822
  0.9628
  0.9061
  3.5962
  1.0194
  1.0194
  3.3414
  1.6141
  0.9628
  1.3026
  0.8495
  0.9061
  4.1059
  3.6246
  3.0299
  1.3592
  1.0194
  1.4158
  0.9061
  0.7646
  1.2176
  0.7929
  0.9061
  0.7079
  0.6230
  0.6230
  0.5947
  0.5663
  0.6230
  0.8495
  1.5008
  0.5663
  0.5097
  0.5097
  0.7079
  0.6230
  0.6796
  1.6990
  0.5947
  0.4814
  0.9061
  0.5097
  0.5947
  0.4814
  0.5097
  0.4814
  0.4814
  1.0194
  0.4814
  0.5097
  0.5380
  0.7929
  0.6796
  0.5097
  1.5574
  0.7362
  0.7929
  1.4442
  1.9822
  1.6707
  4.3325
  1.7556
  0.9911
  0.7362
  0.7079
  1.2459
  0.7362
  1.2176
  1.2176
  1.7556
  0.7646
  0.7079
  0.6513
  0.6230
  0.5947
  1.3875
  1.8406
  0.9628
  3.1149
 10.3923
  1.8972
  1.6707
  1.1327
  0.7929
  0.7929
  0.7362
  0.6796
  0.6230
  0.6230
  0.5663
  0.5380
  0.5380
  0.5380
  0.5663
  0.6230
  0.5380
  0.5097
  0.5097
  0.5663
  0.5380
  0.7646
  0.5097
  0.4814
  2.0105
  0.6796
  0.5380
  0.5097
  0.5663
  0.6230
  0.5947
  0.8212
  0.9061
  0.7362
  0.6796
  0.6230
  1.3026
  0.6796
  0.5663
  0.5947
  0.5097
  0.5097
  0.4814
  0.4814
  0.4814
  0.4531
  0.4531
  0.4248
  0.4531
  0.4814
  0.4531
  0.4814
  0.4531
  0.6230
  0.8495
  0.8495
  0.4814
  0.4814
  0.4814
  0.7079
  0.5097
  0.4531
  0.3964
  0.3964
  0.3964
  0.3964
  0.3964
  0.3964
  1.6707
  1.5574
  9.2030
  3.5113
  4.5024
 13.7054
  5.6917
  3.0299
 18.8307
  4.3325
  2.1521
  1.7840
  1.7840
  1.7840
  3.4547
  5.8333
  3.6812
  2.0105
  1.5857
  1.4158
  1.3026
  8.0703
 13.6204
  2.6335
  6.1448
  3.9360
  4.3891
  3.0582
  2.0954
  1.7556
  2.8600
  2.1804
  1.7556
  1.5291
  1.4158
  1.2176
  1.1327
  1.1893
  1.0477
  0.9628
  0.9061
  0.8212
  0.7929
  0.7362
  0.7362
  1.1044
  0.9061
  0.7362
  0.7079
  0.6513
  0.7362
  0.6513
  0.6230
  0.5663
  0.5663
  0.5380
  0.5380
  0.5380
  0.5380
  0.5380
  0.5380
  0.5380
  0.5380
  0.5380
  0.5380
  0.5663
  0.5380
  0.5380
  0.4814
  0.5380
  0.4814
  0.4814
  0.5380
  0.6230
  1.3026
  0.7362
  0.5663
  0.5380
  0.4814
  0.5380
  0.6230
  0.5380
  0.5663
  0.5380
  0.4814
  0.6230
  0.7929
  0.6513
  0.5663
  0.5380
  0.5097
  0.4814
  1.9822
  1.9255
  0.7362
  0.6513
  0.5947
  0.5097
  0.4814
  0.4814
  0.4814
  0.5380
  0.4814
  0.4814
  0.4814
  0.4814
  1.0477
  0.5097
  0.4814
  0.4814
  0.5097
  0.4814
  0.7362
  3.4547
  3.4263
  2.4069
  1.4725
  0.7646
  0.6796
  0.5947
  0.7362
  0.6513
  0.8212
  1.6990
  0.7079
  0.6513
  2.3786
  2.6335
  0.9911
  2.1804
  2.8600
  1.2176
  0.9911
  1.1610
  0.8495
  1.6990
  1.7840
  1.4442
  1.0760
  1.2743
  1.1893
  1.1044
  0.9345
  0.9345
  0.8495
  2.6335
  1.6990
  0.9345
  0.8495
  0.7929
  1.0194
  0.8495
  0.7362
  0.7362
  0.6796
  0.6513
  0.6513
  0.6796
  0.9061
  0.7079
  0.8495
  0.6513
  0.6513
  0.5663
  0.5947
  0.5663
  0.5947
  7.2774
  1.3026
  0.7929
  0.7362
  0.6796
  0.6230
  0.5947
  0.5663
  0.6796
  1.7273
  0.7646
  0.6513
  0.8495
  0.7079
  2.0105
  0.8778
  1.8406
  2.5768
  5.0687
  1.8406
  2.8034
  1.5857
  2.0954
  2.4069
  1.5008
  1.0194
  0.9345
  0.8495
  3.2848
  1.3026
  0.9345
  7.5323
  7.3057
  7.0226
 12.7143
  8.7216
  4.9554
  2.1521
  3.5113
 13.3089
  2.2653
  2.0954
  1.5008
  1.4158
  1.2743
  2.0105
  1.1327
  0.9061
  1.6707
  0.8212
  0.7646
  0.7362
  0.7079
  0.6796
  0.6796
  0.6230
  0.6230
  0.5947
  0.5947
  0.5663
  0.5380
  0.5380
  0.5380
  0.5380
  0.5097
  0.5380
  0.5097
  0.4814
  0.4814
  0.4814
  0.4814
  0.4814
  0.4531
  0.4248
  0.4248
  0.4248
  0.4248
  0.4248
  0.4814
  0.5663
  1.2743
  1.5291
  0.4814
  0.4531
  0.5380
  1.8406
  0.6230
  0.5380
  0.4814
  0.6513
  0.4814
  2.5485
  0.5380
  0.4814
  0.4814
  0.5097
  0.5947
  1.6141
  0.9628
  1.0194
  0.7362
  1.3026
  0.7362
  0.6796
  0.5947
  0.5380
  0.5663
  1.3026
  0.7929
  0.9911
  0.6230
  1.3875
  1.1044
  0.8212
  2.7184
  1.5291
  0.8212
  0.7079
  0.9061
  0.9061
  0.7929
  0.6796
  2.0105
  1.6424
  1.0477
  0.9061
  0.7362
  3.4263
  8.1836
  1.1327
  0.8495
  0.8778
  0.8212
  1.1327
  5.2953
  2.4919
  1.4442
  1.1327
  0.9061
  3.4547
  1.9255
  2.3786
  0.9911
  1.2176
  1.5008
  1.0194
  0.8495
  0.9061
  0.8778
  0.7079
  0.8495
  1.3592
  0.7646
  0.8495
  0.9061
  1.5008
  0.7079
  0.6513
  0.8212
  0.5947
  0.5663
  0.5663
  0.8212
  0.8212
  0.8778
  0.7929
  0.7929
  0.6230
  2.8600
  0.7929
  0.7079
  1.2459
  0.7079
  0.8495
  0.7079
  1.5008
  0.8778
  0.6796
  0.6230
  0.5947
  0.5947
  0.5663
  0.5947
  0.6230
  1.0760
  0.9345
  0.7079
  0.5947
  0.5947
  0.5947
  0.5663
  0.5663
  0.5380
  0.5097
  0.5097
  0.6513
  0.7929
  0.9345
  0.5947
  1.6707
  0.8495
  2.0105
  0.8778
  0.7362
  0.9061
  1.3592
  1.1893
  1.1893
  0.9911
  4.0776
  1.3592
  0.9628
  0.8212
  0.7362
  0.7079
  0.6230
  0.5947
  0.6230
  0.5947
  0.5380
  0.5380
  0.5380
  0.5380
  1.0194
  0.5380
  0.4814
  0.4814
  0.4531
  0.4531
  2.7467
  5.2953
  4.6440
  1.6141
  0.9061
  0.7362
  0.6796
  0.6796
  0.7079
  0.6230
  0.5947
  0.5947
  1.0194
  0.8495
  0.6230
  3.7095
  2.4919
  1.6424
  0.7079
  4.0210
  0.8495
  0.8495
  0.9061
  0.7079
  0.6513
  0.6796
  0.6230
  0.9345
  0.6230
  0.5663
  0.5380
  0.4814
  0.4814
  0.4531
  0.4248
  0.4248
  0.4248
  0.3964
  0.3964
  0.3964
  0.3964
  0.3964
  0.4531
  0.4531
  0.7079
  0.4531
  0.3964
  0.4531
  0.4248
  0.3964
  0.9061
  0.8495
  0.5947
  0.5380
  1.1044
  1.2459
  1.4725
  0.9628
  1.3026
  2.3220
  2.1521
  1.7273
  1.7840
  1.5008
  1.8406
  2.5485
  1.6141
  1.5857
  1.0194
  0.9628
  2.4636
  2.0105
  3.5962
  2.0105
  1.1893
  1.1893
  1.0194
  0.8495
  0.7929
  0.6796
  0.6796
  0.6230
  0.5947
  0.7929
  0.6513
  0.5947
  0.8778
  7.1358
  0.9911
  0.6513
  0.6230
  0.5380
  0.7929
  0.4814
  1.0477
  0.5947
  0.5947
  0.5947
  0.5663
  0.4814
  0.5663
  0.7362
  0.7079
  0.9911
  0.6796
  6.7960
  1.0194
  0.8495
  4.9838
  0.8495
  3.4263
  0.8495
  0.8212
  1.1893
  0.9061
  2.2370
  7.6739
 12.1479
  3.1998
  1.4725
  1.1893
  1.3026
  1.0194
  1.0194
  1.5008
  5.1253
  5.6634
  1.4158
  2.9733
  3.5396
  1.4158
  1.1044
  0.9628
  0.9628
  3.9927
  2.5485
  1.2459
  0.9061
  0.8495
  1.0194
  0.7929
  0.7079
  0.6796
  0.6230
  0.5947
  0.5947
  0.5663
  0.5380
  0.5097
  0.5097
  0.5097
  0.5380
  0.5947
 25.8533
 13.2240
  9.7127
 11.6099
  3.9360
  3.4547
  4.0776
  2.5768
  2.2653
  2.0954
  4.2475
  5.1253
  2.8034
  2.9450
  3.6246
  3.2281
  2.6618
  2.0671
  1.9255
  2.0671
  1.8406
  1.7273
  2.0671
  4.3042
  6.5695
  2.1804
  2.2653
  1.7840
  2.3786
  3.9360
  5.6917
  3.8228
  8.2685
  2.8600
  2.9733
  2.3786
  2.0954
  1.8406
  1.7840
  1.8406
  1.7840
  2.7184
  2.3220
  1.7273
  1.6141
  1.9255
  2.6618
  3.1998
  4.7289
  4.0210
  3.7661
  2.2653
  5.6067
  8.6650
 10.9586
  4.8139
  5.6634
  8.8065
  3.4547
  2.8034
  8.7499
  3.4547
  3.3697
  2.5768
  2.3220
  2.1521
  3.3697
  2.1804
  1.9822
  1.8406
  1.9255
  2.3786
  4.9554
  2.4636
  2.0954
  1.9822
  1.7840
  2.8883
  2.8034
  1.9255
  2.1521
  1.8972
  1.7273
  1.6990
  1.6424
  1.3026
  1.1044
  1.4442
  1.9255
 16.8768
  2.3786
  0.9628
  2.4069
  3.2281
  1.6141
  1.4442
  1.5291
  1.1893
  2.1521
  2.2653
  1.1044
  0.9345
  4.8139
  2.8600
  1.0760
  3.7095
  1.5008
  2.0671
  1.4158
  1.0760
  1.0194
  1.0194
  1.7556
  0.9061
  0.7646
  0.7362
  0.7079
  0.7079
  0.5097
  0.6230
  0.6230
  0.7079
  0.6230
  0.5947
  0.6513
  2.1804
  7.3907
  0.8212
  1.1044
  0.6513
  0.6230
  0.7079
  1.8972
  1.8972
  5.4368
  0.9911
  0.9061
  7.6739
  9.2879
 11.1285
  3.7661
  3.4547
  1.7840
  1.5008
  1.3026
 11.7515
  9.9109
  7.1358
  4.8988
 15.0362
  4.5024
  2.8034
  1.9822
  2.1804
  1.6990
  3.6812
  1.5008
  1.3309
  1.5857
  5.4368
  1.6141
  1.3026
  1.2176
  1.1327
  1.2176
  1.0760
  0.9911
  0.9628
  0.9628
  1.0194
  0.9628
  0.9628
  1.0194
  0.7646
  1.8406
  2.1804
  2.3220
  1.8406
  1.4725
  4.7855
  4.0210
  1.8972
  1.5857
  2.0671
  1.8972
  1.6424
  1.5291
  1.5008
  1.4442
  1.4158
  1.3309
  1.3026
  1.7556
  2.5768
  2.0671
  1.5574
  1.7840
  1.6707
  1.3309
  1.3026
  1.3875
  1.5008
  1.5008
  1.2743
  3.8511
  4.1626
  4.0776
  1.7556
  1.6141
  1.4725
  1.3875
  1.3026
  1.6990
  1.5574
  1.2743
  1.2459
  1.2176
  1.1893
  1.1044
  1.5008
  1.1327
  0.8778
  0.4248
  0.4248
  0.3964
  1.3875
  1.1044
  0.4814
  1.2459
 10.1941
  1.3592
  1.0194
  0.9061
  0.8778
  0.9345
  0.8212
  0.7929
  1.0477
  1.8972
  1.3875
  4.6440
  1.8406
  1.3026
  1.1044
  0.9628
  0.8778
  0.8495
  0.8495
  0.8212
  0.7646
  0.7079
  0.7079
  0.6796
  0.6513
  0.9345
  0.7079
  0.8495
  0.7646
  0.7646
  1.0477
  0.6513
  0.7079
  0.6796
  2.0671
  3.1998
  2.7467
  2.0954
  0.9911
  1.6990
  1.1893
  0.8495
  1.0194
  2.0954
  2.3220
  2.2653
  1.7556
  1.9822
  2.1521
  4.0210
  1.6990
  1.3026
  1.1893
  1.0194
  0.8778
  0.8495
  1.0477
  1.9822
  0.9061
  2.1804
  1.1327
  0.8778
  0.8495
  0.7929
  0.7646
  0.7646
  0.7646
  0.8495
  0.8778
  1.3026
  1.2459
  0.8212
  1.0194
  1.1044
  2.0105
  0.9061
  0.8778
  0.8495
  1.3026
  0.8778
  0.7079
  1.2459
  0.8778
  0.6796
  0.9911
  1.1327
  1.7273
  0.8212
  0.8778
  0.8495
  0.6796
  0.7079
  1.1893
  1.3026
  1.9255
  2.0671
  2.0671
  4.5873
  3.8511
  1.4725
  1.0194
  1.0194
  0.8495
  0.7646
  0.7079
  0.6513
  0.6230
  0.5947
  0.5947
  0.5663
  0.5380
  0.5380
  0.5380
  0.5097
  0.6513
  0.5380
  0.5097
  0.5097
  0.4814
  0.4814
  0.4814
  0.5097
  0.4814
  0.4814
  0.5097
  0.4814
  0.7929
  0.4814
  0.4814
  0.4814
  0.5380
  0.4814
  0.4814
  0.4248
  0.4248
  0.4248
  0.4248
  2.4919
  1.6141
  3.1149
  3.7661
  1.7273
  1.5008
  9.9392
  5.9182
  2.2653
  1.8406
  1.6990
  1.4725
  5.6917
 13.6770
  3.9927
  9.9109
  6.8244
  3.0582
  2.3786
  2.0671
  3.6246
  7.3624
  9.7693
  5.1820
  6.6545
  5.4652
  7.5889
 13.5921
  4.2475
  2.8883
  3.0582
  2.7184
  2.8600
  2.8883
  2.5485
  2.0671
  1.6424
  4.9838
  2.0671
  1.8406
  1.7556
  1.6990
  2.8034
  1.8406
  4.7006
 10.3073
 16.9901
  7.8721
  4.5024
  4.9554
  4.6440
  2.5485
  2.5768
  2.0671
  2.1521
  3.5396
  2.8883
  1.9255
  1.7556
  1.8406
  1.6990
  1.5291
  1.5008
  1.5008
  1.4725
  1.3875
  1.3309
  1.3026
  1.3309
  1.6990
  2.2653
  1.8972
  1.9822
  1.7840
  1.3592
  1.2743
  1.3026
  1.3026
  1.2176
  1.1893
  1.1893
  1.3309
  1.2459
  1.5008
  1.8972
  3.4263
  2.5485
  2.1804
  1.9255
  1.4442
  1.3026
  1.2176
  2.0671
  1.3026
  1.2176
  1.1893
  1.2176
  1.1610
  1.1893
  1.1044
  1.2459
  1.4442
  1.1327
  0.4248
  0.4814
  0.6513
  0.5663
  1.1893
  0.7646
  0.6513
  0.5097
  0.4814
  0.9061
  0.5947
  2.0671
  1.1610
  0.6230
  0.5947
  1.9255
  0.8495
  0.6796
  0.7646
  0.7362
  1.4158
  0.7362
  2.9733
  0.7929
  0.5947
  1.1044
  0.8495
  0.7646
  1.3309
  0.6513
  0.5380
  0.4814
  1.2743
 22.4269
 23.4747
 36.8119
  6.0315
  2.8883
  2.0671
  1.6141
  1.3875
  1.2176
  1.1044
  0.9345
  0.7079
  0.7079
  0.8212
  0.5947
  0.5663
  0.5380
  0.7079
  0.5380
  0.4814
  0.7929
  0.5380
  0.4814
  1.1327
  0.8212
  0.6513
  1.1610
  6.4279
  2.6618
  1.2176
  0.9061
  0.8495
  1.0760
  1.9822
  0.8778
  0.6796
  0.5947
  0.5380
  0.5097
  0.4814
  0.4814
  0.4531
  0.4531
  0.4248
  0.4248
  0.3964
  0.3964
  2.3786
  6.1448
  7.6172
  4.7289
  2.7184
  2.5485
  2.3786
  2.1804
  2.2653
  2.4636
  3.4547
  5.8616
  2.1804
  2.9450
  2.0671
  1.9255
  1.8406
  1.7556
  3.2281
  2.8883
  2.5485
  2.5768
  1.8406
  1.6990
  1.6990
  1.6424
  1.5857
  1.8972
  3.4547
  2.6335
  1.9255
  2.2370
  2.0954
  1.6990
  1.6141
  1.5008
  1.4725
  1.4442
  1.4158
  1.1044
  0.7646
  0.5663
  0.5380
  0.5097
  0.5097
  0.5380
  0.5097
  0.6513
  0.6513
  0.5380
  0.4814
  0.4814
  0.4814
  0.5097
  0.4814
  0.4814
  0.5097
  0.4531
  0.4531
  0.5380
  0.4248
  0.4248
  0.4248
  0.3964
  0.4248
  0.4248
  0.4531
  0.5663
  0.4248
  0.4248
  0.4248
  0.4248
  0.4531
  0.5380
  0.4531
  0.4531
  0.8778
  0.5663
  0.4531
  0.4248
  0.3964
  0.4248
  0.4248
  0.4248
  0.4248
  0.4248
  0.4248
  0.4248
  0.4248
  0.4814
  0.4248
  0.4531
  0.5663
  0.4248
  0.4531
  0.4248
  0.4248
  0.3964
  0.3964
  0.3964
  0.3964
  0.4248
  0.4248
  0.4531
  0.7079
  0.4814
  0.6513
  0.4248
  0.3964
  0.3964
  0.4531
  0.3964
  0.3964
  0.7646
  1.5857
  0.8212
  2.1804
  1.5857
  1.4442
  1.1044
  1.4158
  1.0194
  0.8212
  1.0194
  1.0194
  1.1327
  2.0954
  5.5501
  7.1925
  2.1521
  2.7467
  1.7556
  1.2459
  0.9345
  0.8495
  1.2176
  1.2176
  2.2653
  1.3026
  0.9061
  0.7646
  0.8778
  2.5485
  0.7646
  1.2176
  1.7840
  1.2176
  0.9061
  1.0194
  1.4725
  1.7840
  1.3026
  1.5008
  1.5008
  2.0671
  1.2459
  0.9061
  1.6141
  1.0477
  0.7929
  5.7483
  2.9733
  2.0105
  1.1610
  0.9911
  0.8778
  0.7929
  0.7362
  0.6513
  0.6230
  0.7646
  1.1327
  0.7362
  1.0477
  2.1804
  0.7646
  0.6230
  0.6513
  0.5947
  0.5663
  0.4814
  2.0671
  1.0194
  1.8406
  1.7556
  2.1804
  1.7556
  1.6707
  1.6141
  1.5008
  1.5008
  2.3786
  1.7840
  1.5008
  1.5008
  1.4158
  1.5291
  8.5800
  7.3907
  4.5590
  3.5962
  3.4547
  2.2653
  2.0954
  1.7840
  1.6990
  1.7840
  1.7556
  3.6812
  3.8228
  2.0954
  2.8034
  1.7840
  1.7273
  1.9255
  1.6141
  2.0954
  1.5857
  1.5291
  1.5008
  1.7840
  1.5291
  1.5008
  1.5857
  1.4725
  1.3592
  1.3592
  1.3026
  1.3592
  1.3309
  1.3026
  1.2743
  1.2743
  1.2459
  1.2459
  1.6424
  1.3309
  1.7273
  1.4725
  2.4919
  3.5113
  1.6990
  1.4158
  1.4158
  1.9255
  4.9838
  2.8883
  2.9450
  1.9255
  1.9255
  2.2653
  4.2475
  2.2653
  2.0954
  3.2848
  2.9733
  1.9255
  1.7556
  2.2370
  1.9255
  1.6707
  1.5857
  1.5008
  1.4158
  1.3875
  1.4158
  1.3592
  1.3026
  1.2743
  1.2459
  1.2459
  1.2459
  1.2176
  1.2176
  1.1893
  1.5857
  1.4158
  1.3026
  1.5008
  1.3026
  1.2176
  1.4158
  2.0105
  1.5857
  1.3026
  1.2176
  1.1327
  1.1327
  1.1327
  3.3697
  1.6707
  1.7556
  1.4158
  1.3026
  1.2176
  1.0477
  1.0477
  0.9628
  0.9628
  0.8778
  0.8778
  0.8778
  0.8778
  0.8212
  0.8212
  0.8778
  0.8778
  4.3891
  2.0105
  1.3026
  1.7556
  1.1327
  1.2176
  1.4158
  1.0477
  0.9628
  0.8778
  0.7929
  0.5663
  1.3875
  0.9061
  0.6796
  0.5097
  0.6796
  0.5097
  0.7362
  0.4814
  0.5097
  0.4531
  0.5097
  0.7646
  0.4531
  2.2653
  1.5574
  0.6230
  1.1610
  0.7079
  0.7929
  0.5663
  0.4814
  0.4248
  0.4248
  0.5663
  0.4814
  0.4814
  0.4814
  0.9061
  0.9061
  1.3026
  0.6796
  0.5663
  0.5947
  1.3875
  1.7273
  0.7929
  0.6513
  0.5380
  0.5097
  0.4814
  0.4531
  0.4814
  0.4814
  0.4814
  0.4248
  0.4248
  0.3964
  0.4248
  0.7646
  0.5663
  0.8212
  0.4814
  0.3964
  0.4248
  0.4248
  0.3964
  0.3681
  0.4814
  0.3964
  0.3681
  0.7929
  0.4814
  0.5097
  0.4814
  0.4814
  0.4248
  0.3964
  0.3681
  0.5380
  0.3681
  0.4248
  0.3681
  0.3964
  0.3964
  0.3681
  1.1327
  0.3964
  0.3681
  0.3681
  1.4725
  1.0760
  0.6513
  0.4814
  0.4248
  0.8212
  1.5574
  1.1893
  0.5097
  0.5380
  0.7929
  1.9822
  0.7929
  0.5380
  0.4531
  0.4248
  0.4248
  0.3964
  0.4531
  0.4248
  0.3964
  0.6513
  0.9061
  0.4814
  0.4248
  0.5380
  0.4531
  0.4248
  0.3681
  0.3681
  0.3681
  0.3398
  0.3398
  0.3398
  0.3681
  0.3398
  0.3115
  0.3964
  0.4248
  1.3875
  0.5663
  0.4248
  0.3681
  0.3398
  0.3398
  0.3398
  0.3398
  0.3398
  0.3115
  0.3398
  0.3115
  0.3398
  0.3115
  0.3964
  0.5947
  0.4248
  0.3681
  0.4814
  0.4248
  0.7929
  0.9628
  0.5097
  0.4531
  0.4248
  1.5008
  0.6513
  0.5097
  0.4531
  0.3964
  0.3964
  0.3964
  0.3964
  0.3964
  0.3964
  0.3681
  4.5024
  9.6277
  1.9255
  0.9345
  0.7079
  0.6230
  0.6513
  0.7929
  0.6796
  0.5947
  0.5097
  0.5097
  5.6917
  3.3697
  1.0194
  0.7646
  0.6796
  0.6513
  1.1327
  0.9628
  0.8212
  0.7362
  0.6796
  0.8212
  0.7362
  0.5663
  0.5097
  0.5097
  0.4814
  0.4814
  0.4814
  0.6796
  0.5097
  0.4531
  0.4814
  0.4814
  0.6513
  1.8972
  2.4919
  1.0760
  2.2370
  3.4263
  2.8600
  1.9822
  6.0032
  2.8034
  2.2653
  1.4725
  1.6141
  1.1893
  1.6707
  1.1327
  1.8972
  2.0105
  1.3875
  1.2459
  1.0477
  0.9061
  0.9345
  1.7556
  3.8228
  1.3026
  1.3309
  1.3875
  1.1610
  1.1893
  0.8495
  0.7362
  0.6796
  1.1610
  2.2370
  0.7646
  1.5857
  1.0477
  0.9345
  0.9061
  2.1521
  1.5008
  1.2459
  2.2370
  1.1893
  0.8495
  0.7646
  0.7646
  0.7646
  2.4636
  4.5590
  4.3325
 10.0242
  2.0105
  1.4725
  1.4442
  1.2743
  2.6335
  1.1893
  1.5008
  1.0477
  1.9255
  1.0760
  1.0194
  0.9061
  1.1327
  0.8778
  1.4725
  3.8228
  7.2208
  2.2653
  1.6424
  1.1610
  1.0760
  1.0760
 11.1285
  3.1432
  2.4636
  2.4919
  1.7840
  2.0954
  2.8034
  2.1804
  1.8972
  1.7273
  2.1804
  1.5857
  1.4158
  4.2475
  2.6335
  3.0299
  7.1925
  3.7095
  2.4636
  3.7095
  2.0954
  1.7556
  1.9255
  2.8034
  1.7840
  1.5008
  1.4158
  2.0105
  1.5857
  2.0954
  1.9255
  1.5008
  1.7556
  1.5857
  2.4919
  2.7467
  1.4725
  1.3026
  1.2743
  2.6618
  1.7273
  1.5857
  1.6990
  2.0671
  2.1804
  2.0954
  1.5008
  1.4158
  1.3026
  1.4725
  1.2743
  2.5768
  1.5008
  1.4158
  1.2743
  1.1610
  1.1044
  2.9733
  5.2669
  5.2953
  2.0954
  1.7840
  1.6990
  1.5291
  1.5008
  1.4725
  1.4158
  1.3875
  1.3875
  1.3875
  1.8406
  2.5768
  3.5396
  5.4368
  2.6618
  2.1521
  1.7556
  1.9255
  1.9255
  2.3220
  3.2848
  2.9450
  2.4069
  5.8333
  4.0776
  6.7394
  3.5396
  2.2653
  2.6335
  2.9733
  2.0954
  1.9255
  1.9255
  1.7840
  1.7273
  1.7273
  1.7840
  1.6990
  1.6707
  1.6141
  1.6990
  1.5008
  1.4725
  1.4158
  2.5768
  2.4919
  9.9958
  3.6812
  2.0954
  2.0954
  2.3220
  4.3042
  3.9077
  7.1358
  8.3535
  4.0210
  2.8883
  2.6335
  2.4919
  1.9255
  2.0954
  1.9255
  1.7840
  1.6990
  1.6990
  1.5291
  1.5008
  1.6141
  1.5008
  1.6707
  1.9255
  2.1521
  1.5857
  2.3786
  1.6990
  2.4919
  3.2848
  2.9733
  1.7840
  1.6141
  2.3786
  2.3220
  1.6707
  1.6990
  1.5008
  1.7273
  2.0105
  1.6141
  1.5857
  1.9822
  1.5291
  1.6990
  1.4158
  7.9854
  2.1521
  2.6335
  1.8972
  1.8972
  1.8972
  2.0954
  2.1521
  2.6618
  3.8228
  3.8511
  3.0582
  2.8034
  2.1521
  2.2653
  1.8972
  1.7556
  1.6990
  1.7556
  2.4919
  2.5768
  2.9733
  2.6335
  7.9854
  2.8034
  2.8883
