0.0130
0.0176
0.0176
0.0176
0.0176
0.0396
0.0218
0.0176
0.0176
0.0176
0.0176
0.0130
0.0130
0.0130
0.0130
0.0130
0.0130
0.0130
0.0130
0.0218
0.0218
0.0176
0.1048
0.0263
0.0263
0.0176
0.0176
0.0176
0.0176
0.0130
0.0130
0.0130
0.0130
0.0130
0.0130
0.0130
0.0218
0.0934
0.0218
0.0218
0.0311
0.1841
0.0396
0.0263
0.0218
0.0176
0.0176
0.0176
0.0130
0.0130
0.0130
0.0130
0.0263
0.0218
0.0263
0.0218
0.0176
0.0176
0.0130
0.0130
0.0130
0.0130
0.1303
1.1044
0.3681
0.0651
0.0651
0.0651
0.0651
0.0651
0.0651
0.0651
0.0651
0.0651
0.0453
0.1897
0.0793
0.0736
0.0623
0.0481
0.0453
0.0396
0.6230
0.7929
0.1501
0.1104
0.4531
0.1699
0.1501
0.1529
0.3115
0.2067
0.1841
0.1218
0.1133
0.1104
0.1019
1.1327
0.9061
0.2010
0.3681
0.4531
0.1529
0.1218
0.2010
0.3398
1.8406
2.1804
2.1804
2.8600
1.2176
0.7646
0.8212
0.8212
0.4814
0.3681
0.3115
0.6513
0.4531
0.2832
0.2633
0.2237
0.1982
0.1926
0.1841
0.1926
0.1671
0.1501
0.1444
0.1501
0.1529
0.1416
0.1303
0.1359
0.1359
0.1133
0.1104
0.1048
0.1104
0.0963
0.0934
0.0934
0.0963
0.0963
0.0878
0.0878
0.0878
0.1529
0.2464
0.0963
0.0821
0.0736
0.0736
0.0651
0.0623
0.0623
0.0566
0.1218
0.1897
0.4814
0.1218
0.2095
0.7079
1.1044
0.7362
0.2152
0.1671
0.1359
0.1189
0.3681
0.5947
0.2265
0.1359
0.1841
0.2633
0.2265
0.3115
0.1756
0.1274
0.1133
0.1048
0.0963
0.0934
0.0340
0.0340
0.0340
0.0263
0.0263
0.0263
0.0963
0.0453
0.0311
0.0263
0.0263
0.0453
0.0396
0.0263
0.2492
0.0963
0.0793
0.0566
0.0453
0.0340
0.0453
0.0340
0.0340
0.0396
0.0340
0.0396
0.1133
0.0538
0.0340
0.0340
0.0538
0.0453
0.0481
0.0878
0.0481
0.0340
0.0311
0.3964
0.6513
0.1019
0.2662
0.1218
0.0934
0.0793
0.0708
0.0623
0.0566
0.0538
0.0481
0.0538
0.0651
0.0538
0.0538
0.0793
0.0963
0.2067
0.1586
0.0736
0.0623
0.2549
0.2067
0.0821
0.0708
0.0708
0.0623
0.0651
0.0878
0.0708
0.4248
0.3115
0.2549
0.1133
0.1501
0.4814
0.4814
0.1841
0.1274
0.1104
0.1019
0.0934
0.0878
0.0878
0.5380
1.1893
3.7378
1.0194
0.5097
0.3398
0.2633
0.2237
0.1926
0.1671
0.1529
0.1416
0.1444
0.5097
2.0671
1.3026
0.4248
0.4814
0.8212
0.6796
0.5947
0.4531
1.1044
4.7006
6.0032
4.3891
1.9255
1.0194
0.8212
1.6990
0.6796
0.5097
0.4248
0.3398
0.3115
0.2832
0.3964
0.2775
0.2152
0.4814
0.3398
0.3681
0.2379
0.2010
0.1926
0.1841
0.1614
0.1501
0.1416
0.1303
0.1218
0.1218
0.1189
0.1104
0.1048
0.1019
0.1019
0.1019
0.1019
0.0934
0.0963
0.3398
0.1444
0.1048
0.0934
0.0878
0.0878
0.0821
0.0793
0.2492
0.8778
0.1586
0.1303
0.1359
0.1303
0.1019
0.0963
0.0934
0.0878
0.0878
0.0821
0.0793
0.0793
0.0793
0.1529
0.1019
0.0821
0.0793
0.0736
0.0793
0.0793
0.6513
0.2180
0.1133
0.0934
0.0878
0.1444
0.2010
0.3964
0.1303
0.1501
0.0538
0.0218
0.0130
0.0130
0.1671
0.1274
0.0340
0.0176
0.0130
0.0130
0.0130
0.0088
0.0088
0.0088
0.0088
0.0088
0.0088
0.0088
0.0088
0.0088
0.0088
0.0088
0.0088
0.0130
0.0453
0.0176
0.0088
0.0088
0.0453
0.0340
0.0453
0.0736
0.0453
0.0311
0.0176
0.0130
0.0130
0.0088
0.0088
0.0088
0.0088
0.0088
0.0088
0.0088
0.0088
0.0088
0.0088
0.0088
0.2237
0.0396
0.0218
0.0821
0.6796
0.1133
0.0538
0.0453
0.0263
0.0218
0.0176
0.0176
0.0130
0.0130
0.0130
0.0263
0.0176
0.0130
0.0130
0.0088
0.0088
0.0088
0.0218
0.3681
0.1671
0.0963
0.0538
0.7929
0.1841
0.0821
0.0623
0.0481
0.0453
0.8778
0.8778
0.8778
0.8778
0.1671
0.1671
0.1671
0.1671
0.1671
0.1671
0.0453
0.0453
0.0453
0.0453
0.0453
0.0453
0.0453
0.0453
0.0453
0.0453
0.0453
0.0453
0.0453
0.0453
0.0453
0.0453
0.0453
0.0453
0.0453
0.0453
0.2832
0.2832
0.2832
0.2832
0.2832
0.2832
0.2832
0.7362
0.7362
0.7362
0.7362
0.8778
0.8778
0.8778
0.3398
0.2464
0.2010
0.1841
0.1586
0.1444
0.1303
0.1444
0.2095
0.1359
0.2407
0.1444
0.1218
0.1133
0.1104
0.1019
0.1019
0.0963
0.1133
0.1133
0.0934
0.0878
0.0878
0.8778
0.3681
0.1614
0.1444
0.1303
0.1274
0.1189
0.1416
0.2464
0.4814
0.8212
0.3115
0.1756
0.1444
0.1416
0.1274
0.1189
0.1274
0.1529
0.1189
0.1189
0.1104
0.1048
0.1019
0.2095
0.1189
0.1019
0.1019
0.0934
0.0934
0.0934
0.0821
0.0821
0.0263
0.0311
0.1586
0.0651
0.0340
0.0311
0.0263
0.0263
0.0263
0.0263
0.0263
0.0218
0.0218
0.0218
0.0263
0.0263
0.0218
0.0218
0.0218
0.0538
0.0821
0.0396
0.0623
0.1982
0.0708
0.0453
0.0340
0.0311
0.0263
0.0263
0.0263
0.0263
0.0263
0.0263
0.0263
0.0396
0.0311
0.0708
0.2265
0.0651
0.0453
0.3964
0.1444
0.1982
0.1104
0.0821
0.1048
0.1756
0.2662
0.1926
0.2832
0.1501
0.1019
0.0821
0.0708
0.0623
0.0623
3.8228
0.9061
0.5947
0.3398
0.2464
0.2010
0.1699
0.1529
0.1359
0.1274
0.1189
0.1104
0.1048
0.1019
0.0963
0.0934
0.0878
0.0821
0.0821
0.0793
0.0736
0.0736
0.0708
0.0708
0.0651
0.0651
0.0623
0.0623
0.0623
0.0623
0.0566
0.0566
0.0566
0.0538
0.0538
0.0538
0.0651
0.0934
0.0708
0.0538
0.0538
0.0538
0.0538
0.0793
2.0105
5.6634
3.9927
1.1893
3.6812
1.5291
1.1327
1.9255
1.0477
1.1044
0.9628
0.5663
0.4248
0.3398
0.3115
0.4814
0.5097
1.1893
0.7929
0.4531
0.3398
1.8972
0.7079
0.4531
0.3681
0.3115
0.2832
0.2549
0.2379
0.3398
0.8212
0.2464
0.2152
0.7929
0.2633
0.2152
0.4248
0.2718
0.2010
0.1841
0.1671
0.1529
0.1501
0.8495
0.5097
0.4814
0.3681
0.2549
0.2379
0.2095
0.2095
0.2010
0.1897
0.1756
0.1586
0.1529
0.2464
1.4442
1.7556
0.9628
0.7079
0.3681
0.5663
0.3115
0.2718
0.2407
0.2265
0.2152
0.1926
0.1841
0.1699
0.1586
0.1529
0.1671
0.1756
0.2095
0.6796
0.1841
0.1444
0.8778
2.9733
0.8778
0.1926
0.0566
0.0340
0.0311
0.0263
0.0311
0.0340
0.0218
0.0263
0.0263
0.0263
0.0263
0.0263
0.0263
0.0263
0.0263
0.0340
0.1019
0.0538
0.0311
0.0263
0.0263
0.0263
0.0218
0.0218
0.1416
1.1327
0.8212
0.1189
0.0736
0.1416
0.1218
0.0708
0.4814
0.2803
0.1444
0.1699
0.0963
0.0708
0.0708
0.0651
0.0538
0.0566
0.0821
0.1218
0.0793
0.0623
0.0538
0.0538
0.0453
0.0453
0.0453
0.0396
0.0396
0.0340
0.0340
0.0340
0.0340
0.0340
0.0340
0.0340
0.0340
0.0340
0.0453
0.0396
0.0340
0.1133
0.0538
0.0453
1.8406
1.0477
0.9061
1.0194
1.6990
1.0477
0.9628
0.2464
0.2803
0.5380
0.3398
0.1982
0.1586
1.6707
0.5380
0.5097
0.4248
0.3681
0.3398
1.0194
0.3398
0.3115
0.3115
0.2180
0.2379
0.1897
0.1671
0.1586
0.1444
0.1416
0.1303
0.1303
0.1416
0.1274
0.1189
0.1444
0.1926
0.1218
0.1303
0.1133
0.1048
0.1019
0.0934
0.0934
0.0878
0.0821
0.0821
0.0821
0.0821
0.0793
0.0793
0.0793
0.0793
0.0821
0.0793
0.0708
0.0708
0.0708
0.0651
0.0623
0.0623
0.0566
0.0566
0.1444
0.3398
0.1359
0.0821
0.0708
0.5097
0.2464
0.1189
0.0934
0.0821
0.0793
0.0793
0.1133
0.1699
0.1444
0.0963
0.0934
0.0878
0.0878
0.0878
0.0878
0.0878
0.0821
0.0934
0.0878
0.0821
0.0793
0.0736
0.0708
0.0878
0.0821
0.0708
0.0651
0.0821
0.1104
0.1189
0.0736
0.0708
0.1274
0.1218
0.0708
0.0708
0.0934
0.0708
0.0623
0.0623
0.0623
0.0623
0.0538
0.0538
0.0263
0.0263
0.0263
0.0263
0.0263
0.0263
0.0263
0.0263
0.0263
0.0263
0.0311
0.0453
0.0311
0.0263
0.1048
0.0651
0.0453
0.0340
0.0311
0.0263
0.0340
0.1019
0.0340
0.0311
0.0311
0.0263
0.0263
0.0263
0.0311
0.0311
0.0263
0.0263
0.0263
0.0263
0.0453
0.2464
0.0934
0.0453
0.0340
0.0311
0.0566
0.4248
0.0708
0.0538
0.0453
0.0340
0.0340
0.0311
0.0311
0.0311
0.3681
0.3115
0.1019
0.0623
0.0538
0.0481
0.0396
0.0340
0.1841
0.0566
0.0453
0.0538
0.0396
0.0340
0.0311
0.0311
0.0311
0.0311
0.0263
0.0263
0.0311
0.6513
0.3681
2.3786
1.5291
0.6230
0.8212
0.6230
0.8212
0.3964
0.6513
0.4814
0.3115
0.2549
0.2549
0.3398
0.2492
0.1982
0.1756
0.1586
0.1501
0.1416
0.1303
0.1586
0.1416
0.1303
0.1189
0.1133
0.1133
0.4814
0.7929
0.7362
0.2577
0.7646
0.3964
0.3398
0.2577
0.2265
0.1926
0.1784
0.1671
0.1501
0.1416
0.1303
0.1303
0.1218
0.1189
0.1104
0.1048
0.1019
0.0963
0.0934
0.0878
0.0821
0.0821
0.0821
0.0821
0.0793
0.0736
0.0736
0.0736
0.2718
0.1189
0.3115
0.1529
0.1274
0.0878
0.0821
0.0793
0.0736
0.0708
0.0708
0.0708
0.0708
0.0708
0.0708
0.0651
0.0651
0.0623
0.0623
0.0623
0.0623
0.0623
0.0566
0.0566
0.0566
0.0566
0.0566
0.0566
0.0538
0.0538
0.0538
0.1699
0.1019
0.0934
0.0623
0.0566
0.0538
0.0538
0.0538
0.0821
0.3681
0.2237
0.8212
0.2067
0.0453
0.2832
0.1841
1.3592
1.4442
0.4248
0.2464
