0.2350
0.2435
0.2577
0.2379
0.2464
0.2379
0.2407
0.2520
0.2605
0.2633
0.2549
0.2577
0.2690
0.2775
0.2832
0.2832
3.5113
2.6051
0.4248
0.2407
0.2067
0.1982
0.2124
0.2209
0.2322
0.2549
0.2718
1.5291
1.4442
0.5097
3.1432
0.7362
0.3115
0.2803
0.5947
2.0105
0.8212
2.2653
2.0954
0.9061
0.4814
0.3398
0.3115
0.7079
0.3964
0.3681
0.3398
0.3398
0.3398
1.8123
0.7929
2.8600
6.9659
4.5873
1.1327
0.6230
0.4248
0.3681
0.3681
0.6796
1.0760
2.6901
1.0477
0.7079
0.7646
14.6115
7.5889
1.7840
1.1610
0.5663
0.5097
0.3964
0.2775
0.2577
0.2492
0.6513
0.5380
0.3681
0.3398
0.3398
0.3398
0.3681
0.3681
0.3964
0.6230
2.3220
4.6156
29.7327
8.6933
3.3697
1.6990
0.9628
0.7646
0.7362
0.6230
0.5380
0.4531
0.3398
0.3115
0.3115
0.3115
0.2832
0.2633
0.2549
0.2520
0.2520
0.2633
0.2549
0.4531
0.4814
0.3115
0.2633
0.2520
0.2379
0.2237
0.2577
0.2379
0.2464
0.2379
0.2464
0.2407
0.2322
0.2237
0.2350
0.2350
0.2180
0.2180
0.2322
2.0671
1.0194
0.3681
0.3115
0.2803
0.2803
0.3115
0.2690
0.2322
1.2459
0.3115
0.2747
0.2605
0.2605
0.3681
0.3398
2.4352
1.0477
0.3398
0.5947
2.8883
8.6366
1.8689
0.6513
11.9780
7.6172
7.0226
6.3996
15.1212
5.4368
1.9822
2.9450
1.3875
0.7079
0.6230
0.5947
0.6796
0.5947
0.4814
4.4174
2.6051
0.9345
0.7646
0.7079
0.4814
0.3681
0.3115
0.3115
2.1238
5.2386
8.3535
5.0687
5.2953
2.9166
0.3115
0.3681
0.7079
0.4248
0.3398
0.3964
0.3964
0.3398
0.3115
0.3398
0.3115
0.3115
0.2832
0.2832
0.2718
0.2520
0.2803
0.5663
0.6230
0.3398
0.2435
0.4814
0.6230
0.9911
37.9446
9.4861
2.5768
2.4352
2.1804
4.5590
15.7725
4.4174
1.5008
1.8972
1.9822
1.8689
1.5008
0.8778
1.3875
7.3341
5.1253
5.9465
1.8689
0.9061
1.1893
2.3503
1.3875
1.3026
1.0760
1.0477
0.9911
0.8495
0.7646
1.4442
1.5008
0.5947
1.8406
1.9255
1.8972
1.8406
1.6141
1.3309
2.1238
2.8600
2.0671
20.3315
143.8496
44.1743
13.4222
24.9471
14.7248
8.9198
5.0404
3.6529
2.7184
2.2937
1.9822
1.6424
1.4442
1.2743
1.1610
1.0760
0.9628
0.9061
0.9628
0.8778
0.8495
0.7929
0.7362
0.7929
0.7362
0.7362
0.7079
0.6513
0.6796
0.7079
2.1521
2.6618
2.8317
1.3026
0.7362
0.7646
3.9077
1.3592
0.7079
0.6513
0.6796
2.4636
1.6990
0.7646
0.6230
0.6230
0.6230
3.0865
3.7378
2.3786
1.3309
5.2386
1.1610
0.6230
15.2628
28.6000
35.3961
38.2277
20.9828
13.5921
15.6875
10.3073
25.4002
25.5418
10.8454
7.4756
7.1075
4.8705
4.4174
4.1059
4.7289
4.1059
3.4547
14.8947
4.0776
2.2087
1.6990
1.3875
1.1893
1.0760
1.0477
7.3624
4.1626
2.4069
2.0388
1.4725
1.1610
1.0760
3.0582
2.2087
1.3309
4.0210
2.0954
1.5857
1.1610
1.6990
1.3592
6.7111
5.5784
15.8574
3.6812
9.2879
12.3745
9.5711
5.2386
3.4263
2.4069
1.9822
1.7840
1.6707
3.2848
2.3220
8.3252
3.1715
9.3162
12.7143
0.3398
0.3115
0.3115
0.3964
0.4531
0.4531
0.4248
0.3964
0.3964
1.2459
0.6513
0.4531
0.4531
0.4814
0.7362
0.5097
0.4814
0.4814
0.4248
0.4248
0.4531
1.3026
1.1610
2.3786
0.9345
2.4636
0.8495
1.3026
1.6141
2.9733
2.3220
1.4158
0.5947
0.3964
12.7426
5.8050
1.2743
0.6796
0.7929
0.7646
1.2459
1.3875
1.1327
11.3834
16.6503
9.6277
1.6424
1.3592
1.3875
0.8778
0.5947
0.5380
0.4814
0.4531
0.4248
0.3964
0.3964
0.3681
0.3681
0.3964
1.7840
0.8495
0.4248
1.0194
1.3875
0.4248
11.0436
64.5624
22.9083
43.0416
12.8275
4.5024
11.4966
8.7782
8.0703
3.9360
17.3865
17.0467
17.7263
6.0032
33.9802
101.6575
177.2635
27.6372
26.4196
17.1317
9.8543
6.7394
4.9554
4.5024
5.6067
8.0420
5.5218
6.5978
8.1269
14.0452
9.7410
6.3996
4.9271
5.5784
4.3608
3.1432
2.5485
2.2370
1.6990
1.8972
1.2459
3.7661
2.1238
1.6424
1.4158
1.0760
0.8778
0.8212
0.7929
0.7079
0.7079
0.6796
0.6513
2.2087
3.2564
2.7184
1.5291
1.2176
1.3592
2.4069
1.6990
1.1893
1.1610
2.3220
1.4725
2.2087
2.7184
1.9822
1.7273
1.5008
1.3875
1.3592
1.3875
1.0760
0.6230
0.5947
0.5380
0.5380
0.5380
0.5380
0.5380
0.8495
0.7929
1.1044
0.9345
0.7646
1.2459
0.7362
8.3818
2.6335
1.0760
0.8212
1.7556
1.7273
0.7646
0.6513
0.5663
0.5663
0.5663
0.4814
0.4814
0.5380
0.5097
0.4814
0.4531
0.5663
0.4814
0.4531
0.5380
1.7273
0.6230
7.4190
13.7337
4.6156
1.5857
1.3875
1.0194
0.5663
0.3964
0.3398
0.3398
2.0671
0.9345
0.3681
0.3681
0.3398
0.3964
0.3964
0.3398
0.3681
0.4248
0.5663
0.4248
0.3115
0.4814
0.5663
0.5097
0.3964
0.3115
0.2832
20.1050
13.1673
13.4788
3.5679
1.1893
0.6230
0.5380
0.9061
0.5947
0.5947
0.4814
0.4531
0.4814
0.3681
0.3115
1.2743
3.5113
37.9446
44.7406
86.9327
62.0139
20.4164
7.9570
5.0404
3.0299
1.9255
1.3026
0.9061
0.7362
0.6513
0.7929
6.0032
2.1521
1.1893
0.6513
0.5663
0.5097
0.5380
0.6230
5.8050
5.5218
2.3503
2.6901
1.5291
1.2743
0.4814
0.5380
2.8883
22.8800
5.4935
18.8024
11.1002
69.0931
69.3763
21.3509
20.0483
29.7327
7.8438
4.3608
4.3891
4.9271
3.2564
2.3220
3.4263
2.6051
1.8689
2.0954
1.7840
1.3875
0.9911
18.3210
5.2103
3.1998
2.6335
2.5768
5.9749
4.6440
2.1804
0.8212
1.1044
0.7079
0.5097
0.5097
0.9345
9.8259
4.6156
2.0388
1.5291
1.2743
37.9446
23.1349
89.7644
31.7149
45.5901
74.4733
151.4951
78.7208
48.1386
21.2660
11.9214
11.5816
7.4756
6.2863
5.1537
4.8422
5.6351
9.7410
6.9659
4.5024
3.6529
3.1715
2.6901
2.3220
2.2653
1.8972
1.6424
1.4442
1.5008
1.4725
1.8406
1.3875
1.2176
1.9539
4.8422
2.8317
2.0671
2.9733
3.2848
3.1715
2.8034
2.1238
2.9450
1.7840
2.1804
3.5113
4.3325
3.8228
4.1343
37.3782
17.8396
26.3064
12.0630
24.8339
15.6875
17.1034
7.0509
3.2281
27.0992
46.4396
32.5644
39.3604
15.3760
7.9004
11.0436
6.6261
7.5323
10.1374
7.7022
6.3713
0.3398
0.3398
0.4248
0.5380
2.4919
1.8689
0.4531
0.3681
0.3398
0.2832
0.2832
0.2832
0.3681
0.3398
0.3964
0.3964
1.0760
0.4531
0.3115
0.6230
1.8406
1.6707
9.9675
2.3220
1.2459
1.1327
2.8883
10.1657
3.8228
12.0630
6.9093
2.6051
0.8495
4.9554
1.9539
0.7079
0.4531
2.6618
6.8810
2.0671
1.0194
5.0121
14.2434
7.0226
2.6051
1.3592
1.0477
6.5695
2.5485
1.1044
0.7929
0.6513
1.7556
6.2014
5.8899
5.7200
13.2806
15.7158
8.4951
15.3760
11.4400
67.1109
15.9990
7.8154
8.6366
11.2418
8.4101
5.0121
5.6067
30.8654
39.6436
15.3477
10.5622
21.7473
11.3551
16.1123
5.8616
10.5339
8.2685
6.1448
12.4877
14.4133
12.3461
7.1642
23.8994
11.7515
7.8721
6.3996
8.9198
13.5638
20.1050
8.9764
6.7111
6.5695
4.4174
2.1521
2.8883
20.9261
8.2968
44.7406
43.8911
18.0378
10.8170
8.0703
10.7887
13.0541
66.5446
150.0793
111.2852
102.2238
118.3644
169.3347
40.7763
26.6462
18.7458
15.0646
12.4311
12.0630
18.9440
12.9691
8.8915
7.5323
6.8527
5.7766
5.7200
5.1253
4.7572
4.7855
7.7022
37.9446
129.1248
106.1882
43.6079
27.1842
18.6608
17.7263
13.5921
14.3566
13.4788
10.9586
8.6650
7.1075
6.0881
5.2669
4.7289
4.2475
3.7661
3.5113
3.3414
3.5396
3.7661
9.0331
10.3073
7.1075
6.0598
3.6246
3.5962
4.3325
12.9974
5.2103
3.7095
3.5113
4.2758
12.0347
4.2758
3.5113
3.4547
3.4263
3.3697
3.2848
3.4547
3.5113
13.6770
11.4400
9.9675
11.0153
11.5250
8.2119
10.4772
9.7410
7.9004
7.3341
0.2832
0.2832
0.2832
0.3115
0.4248
0.5380
0.3964
0.5380
4.1909
2.6901
0.6796
0.5947
0.4248
0.3681
0.3681
0.3964
0.5663
0.4248
0.5097
0.5097
0.4814
0.4248
0.3681
0.3681
0.3681
0.3681
0.3398
0.3398
0.3398
0.3398
0.3681
0.3681
0.3681
0.5947
10.6471
8.5517
7.3341
14.7248
4.8705
0.9911
0.4531
0.3681
10.0808
8.4667
6.0881
17.8679
3.9077
1.8406
1.9822
1.7556
1.4158
0.6230
0.4248
0.3681
0.3681
0.3681
0.3681
0.9061
0.5097
0.3681
0.3681
1.7840
0.9345
1.2743
1.1327
0.5380
0.4531
0.4248
0.9628
3.3697
1.5574
0.7929
0.5097
4.3608
6.7960
3.0016
13.4505
51.5367
27.2408
4.7289
2.6618
1.7840
1.5857
8.7216
8.4667
2.5202
1.7840
1.6141
2.9450
4.4741
6.1164
2.6051
1.5291
8.1836
4.9271
2.5768
1.6707
23.9561
26.5895
40.7763
40.4931
43.6079
49.8377
28.0337
15.0646
8.9764
6.1448
4.8705
4.5307
4.1059
3.6812
3.3414
3.9927
71.3585
32.5644
14.6115
12.0630
17.5281
7.9004
6.5129
5.5218
4.7572
4.1059
3.7661
3.5113
3.2848
3.1432
28.6000
47.8555
29.7327
14.0168
9.4295
7.0226
5.8616
5.0404
4.2192
4.0210
3.5962
3.0865
2.9450
3.0016
2.7467
13.8186
8.5517
15.5459
5.2386
3.0865
2.4919
2.0954
1.8972
2.4919
2.9166
1.6990
1.3875
1.3875
2.2087
2.7184
1.2743
1.1610
31.1485
12.3461
5.2953
3.7378
2.7467
2.1804
1.9255
1.6424
1.4442
1.3592
1.2743
1.0194
3.6529
1.7273
2.6335
12.5727
3.2564
3.5962
7.9854
2.6335
19.1705
3.9077
3.8228
0.5947
0.5663
0.5663
0.6230
0.7929
0.6230
0.5380
0.5947
0.5380
1.2743
1.0194
0.7079
0.6230
0.6230
0.5947
0.5663
0.5663
0.5663
0.5380
0.5380
0.5097
1.8123
1.1610
1.6707
1.7556
0.7079
0.7079
0.6513
0.6513
0.5663
0.4814
0.4814
0.6230
0.5663
0.5097
0.5097
0.4814
0.4814
0.4814
0.4814
0.4531
0.4531
0.4531
0.4248
0.6513
0.6230
0.5663
0.5380
0.5097
5.2103
11.1568
3.3980
1.5291
1.1893
1.0194
1.0760
1.6707
1.6707
1.0760
0.7929
0.6796
0.6230
0.6513
7.4756
6.2297
3.4830
3.6246
2.6901
1.6424
1.4158
1.1044
1.1610
6.7960
3.3131
1.9255
1.1610
0.9345
1.5008
1.0477
0.6230
0.5097
0.4814
0.4814
0.5097
0.5097
0.5380
0.4814
0.4531
1.8406
10.8170
9.7976
6.5412
8.0986
4.2192
2.0671
1.5008
1.1893
1.0477
1.0477
0.8778
0.7929
0.6796
0.6796
6.1731
6.0881
83.2515
103.3565
42.1921
8.2402
6.9659
3.3131
2.0954
1.7556
5.2953
7.8438
4.5590
3.2564
2.8883
2.6618
2.4636
2.2937
2.6335
2.0105
1.1610
1.0194
0.8778
0.8778
0.8212
0.6796
0.5947
0.5947
0.5380
0.5097
0.4814
0.6230
0.5097
0.4814
0.9911
1.6990
3.1149
2.8883
31.4317
107.0377
20.4448
7.8154
5.6067
5.0970
3.1998
2.6335
8.8915
25.6834
33.4139
66.5446
69.9426
29.7327
66.2614
22.0022
14.4133
9.9675
8.1836
7.2774
92.3129
100.5248
33.4139
19.5386
15.6592
10.7604
8.7216
6.9943
10.7321
13.1390
122.3288
32.8475
16.7919
27.9487
33.6970
78.4377
43.3248
91.4634
28.0337
16.5654
11.9214
1.3026
1.0477
0.8212
0.6796
0.5380
0.4814
0.4248
1.0477
25.7117
7.1358
1.5291
0.7929
0.8495
0.6513
0.5097
0.5097
0.5380
0.4814
0.5380
3.9927
14.4982
4.1626
3.8228
12.5727
3.1432
5.2103
13.7054
8.7782
49.2713
52.3862
11.4400
12.7143
6.7677
4.4741
3.6529
2.8034
2.3503
3.0582
6.0598
16.1406
32.5644
16.7353
6.6261
5.8616
7.7022
2.8600
2.0671
1.8406
3.0299
9.0614
3.9644
5.1537
10.2507
2.9450
1.9255
1.7273
1.3026
1.7556
2.5202
1.7273
1.7556
1.4725
1.0760
0.9911
1.8123
2.4636
1.5574
2.5768
1.8972
2.0105
27.3824
7.3057
6.4846
10.0525
6.0598
46.4396
211.5268
113.8337
40.4931
26.1648
15.0646
10.3923
7.3057
5.4368
5.9182
5.2669
4.3325
4.1909
3.7378
4.5873
63.9961
72.4911
15.4610
8.6366
15.6026
17.9246
10.6471
7.6739
7.5040
5.8333
14.4133
15.1778
15.8574
15.0079
10.3356
10.5622
7.1642
5.7200
5.2953
3.7378
151.4951
25.5418
13.5638
9.9675
8.6083
6.7677
5.6634
4.1059
3.7661
3.0299
2.6335
2.4636
2.3220
2.1804
1.9822
1.8972
1.6424
1.5574
1.4442
1.5574
1.4725
1.3875
1.4158
1.4442
1.1893
1.0194
0.9628
0.9345
0.9628
1.1044
2.3503
5.8333
2.9733
1.1044
1.0477
5.8050
2.2370
1.2743
1.8689
1.2176
2.4919
1.1044
2.6051
5.4085
1.1327
3.3414
31.4317
6.3996
3.5113
6.6828
9.1463
6.4279
7.2774
18.8024
47.0060
33.6970
10.4489
6.1448
6.4846
5.2386
3.8511
4.3325
7.4756
3.2281
2.4919
1.8123
1.8689
2.1521
57.4832
76.4555
14.9796
6.4562
3.9360
0.4814
0.4531
0.4248
0.3964
0.3964
0.4531
0.3964
0.3681
0.3681
0.3398
2.0105
0.5097
0.4531
0.5663
26.5612
9.5994
2.6051
12.2895
3.2281
1.5857
1.2743
1.0194
1.3309
4.4741
21.2376
5.9749
1.6141
1.1044
2.3503
7.9004
3.4263
5.6634
2.8034
1.1610
0.8778
0.7929
1.4442
0.8495
0.7646
0.6796
0.8495
15.8858
5.5218
3.1998
2.6335
5.5218
8.3535
2.4919
25.8816
6.9376
7.9854
2.3503
1.6141
1.3026
1.0760
0.7646
0.6513
3.2564
2.4919
1.9822
14.4982
9.3162
12.7426
2.4636
4.8422
4.3891
2.9450
1.6990
0.9628
0.6796
0.6230
0.5947
0.5663
0.5663
0.5380
0.5380
0.5097
0.5097
0.5097
6.1164
10.4206
4.5307
2.5485
1.4725
1.0477
0.8495
0.7079
0.6230
0.6230
0.5663
0.5097
0.4814
0.5097
2.1521
2.2087
2.2653
1.0477
0.9345
7.9854
1.8972
1.3026
2.8034
3.7945
1.8972
1.1610
0.8778
0.8212
0.7929
0.7362
0.6796
0.6796
0.6513
0.6230
0.6230
0.5380
0.5380
1.0194
0.6513
0.5380
0.4814
0.4814
1.1044
0.6230
0.4814
0.4531
0.3681
0.3681
0.3398
0.3398
0.3398
0.3398
0.3398
0.3681
0.3398
0.3115
13.3089
22.6252
3.7095
4.9554
3.1715
1.6424
5.2669
3.6529
2.2653
1.2459
0.7362
1.3309
1.3592
0.5097
0.9911
2.0954
1.9822
0.6230
12.8275
60.0317
13.5921
26.7028
7.3624
3.5396
2.8317
2.2937
1.8972
1.4442
1.6424
1.8123
0.9911
0.8212
2.9733
2.0388
1.5291
0.8212
1.0194
0.7362
0.5947
2.6051
0.9911
0.7929
5.4368
7.9854
3.8511
2.1238
1.1044
0.5663
0.5097
0.5097
0.4248
0.3964
0.3964
0.3681
0.3398
0.3398
0.3681
0.3681
0.3398
0.3398
0.4531
0.9911
1.7840
0.5097
0.4248
0.8495
0.4248
0.3681
0.3115
0.3398
0.3398
0.3115
0.3115
0.3115
0.3115
0.3115
0.4814
0.4248
0.5663
0.4814
0.3964
0.3681
0.3398
0.3398
1.0760
0.6513
0.3964
6.2580
4.1059
0.5097
0.3115
0.2832
0.8495
35.6792
23.9561
3.6529
2.6051
1.5008
0.7362
0.5947
0.4814
0.5097
1.0194
0.6513
0.5097
0.4531
0.5947
0.4248
0.3681
0.6230
0.4531
3.7378
2.1521
0.7362
3.3980
1.4158
2.1238
0.9911
1.2743
0.6513
32.8475
3.2564
1.1327
0.7362
0.5947
18.9157
3.3697
2.8883
3.4547
1.8689
1.5291
1.1044
0.9061
9.0048
9.9958
2.4919
1.3592
1.0477
0.9061
4.8705
9.9109
3.3131
1.5574
8.0137
2.1804
1.0760
0.7646
0.6796
0.7079
0.5663
0.5380
0.5097
0.4814
0.4248
0.3964
0.3964
8.2402
6.1448
0.9345
19.6519
7.9287
3.3980
1.7840
2.7751
2.0105
0.9345
0.6513
0.6230
11.8648
2.9166
2.1238
1.5574
0.9911
0.8212
8.1836
3.7945
1.8123
1.1610
0.8778
0.7646
0.7362
0.6513
1.3026
5.8899
3.8511
2.6335
2.1521
1.1044
0.8778
0.7079
0.5947
36.5287
43.8911
5.2669
3.1998
7.0509
4.3891
67.9604
105.6218
26.6745
11.8364
11.7798
39.3604
19.9067
14.9796
14.5832
14.0168
8.4384
7.3341
3.7661
2.6901
2.4069
1.8406
1.3592
1.1327
1.0194
0.9061
0.9628
1.0194
0.9061
1.2743
0.8495
0.7362
0.7079
0.6796
0.7079
0.6230
0.6230
0.5947
0.3681
0.3681
0.3681
0.3681
0.5097
0.4814
0.5663
1.8406
2.2937
2.1238
8.6083
6.0315
1.5574
0.6513
0.3964
0.3681
0.3398
0.4814
0.4248
0.3115
0.4248
0.5097
1.3592
0.5663
0.3964
0.3115
0.3115
0.3115
0.4248
0.5947
6.0881
2.4069
0.5380
0.3964
0.3398
0.3398
0.3398
0.3398
0.3398
0.3115
0.2832
0.2803
0.2633
0.2379
0.2520
0.9345
0.4248
0.2832
0.2379
0.2379
0.2379
0.2662
0.3115
0.5947
0.3398
0.5947
0.3398
9.6560
219.4556
32.2812
30.8654
11.0436
35.6792
13.9036
30.2990
50.4040
85.2337
27.2408
50.1208
15.4327
11.1852
7.9287
15.5459
4.9554
10.1374
9.5145
30.0159
8.6366
4.0210
2.9450
3.1432
3.0016
23.1349
15.3760
4.7289
2.6618
2.2087
1.8406
2.0388
24.8905
10.0525
43.0416
12.4594
12.2612
9.7976
15.0646
4.3608
1.8972
1.5008
1.1610
0.9061
0.7646
3.2848
72.7743
7.9287
4.3325
3.5962
2.2653
2.1804
3.9360
1.9255
5.2953
114.1169
14.2151
6.7960
4.7855
3.6529
3.0016
6.5695
2.6618
2.0671
1.9255
1.6990
1.5291
2.0105
10.4206
11.6949
3.2848
43.0416
48.1386
10.9303
4.5590
2.9450
2.1238
12.9125
6.9943
2.8883
3.2564
2.0671
2.5485
7.6172
7.0226
4.3042
2.5202
8.6650
42.1921
11.2701
25.9382
14.7248
6.4846
3.9644
2.9450
2.4069
2.7751
12.0063
16.8202
5.5501
3.8228
17.6414
12.5160
4.9271
8.0703
21.7190
9.0048
4.1626
17.7263
7.3624
3.5113
3.3414
2.5202
1.9539
1.5008
5.6634
8.3252
8.3818
5.2953
2.8034
1.8689
1.2743
1.2743
1.2743
1.8123
0.5663
3.6529
3.2564
6.0315
2.0105
1.1893
1.0760
0.9628
0.8495
0.5380
0.4531
0.4248
0.3681
0.9345
0.4248
2.8317
9.4861
1.4442
0.7362
0.5947
0.5097
0.5097
0.4814
0.4531
0.7362
0.6796
0.5097
0.5947
1.5857
12.7426
2.3220
1.1610
0.8495
0.7362
0.6513
0.6513
0.7646
0.5663
56.9169
69.3763
22.0022
84.9505
240.9764
42.1921
22.1438
19.0289
15.7158
52.1030
39.3604
20.8978
17.2166
26.3630
22.1438
16.5087
8.4951
5.2953
4.4741
3.9077
3.5679
3.2564
2.9450
2.7184
7.8721
8.6083
3.7661
2.4919
1.8689
1.4158
1.1893
1.2176
1.2459
1.1327
1.0194
0.8778
0.9345
0.9345
0.8778
0.7646
0.7646
92.5961
86.6496
111.5684
50.6872
17.4715
11.8364
9.1747
6.7960
5.3519
4.8139
4.7006
14.6964
9.2879
5.5218
4.7006
4.4741
3.6529
3.2848
2.8883
2.5485
2.3503
2.1804
2.0671
30.5822
154.3268
68.8099
24.4374
37.0951
35.1129
13.9036
8.8632
6.7960
5.5218
4.7006
4.0210
4.4457
4.7572
33.9802
44.1743
34.8297
11.2418
9.3729
32.2812
14.3283
9.7693
7.5040
6.3147
5.7483
5.6634
13.6204
7.7588
6.2297
4.8422
5.9182
6.7394
25.5701
47.0060
38.5109
23.8145
224.2694
231.6318
124.8773
41.0594
21.1527
15.3194
10.7604
20.0200
76.7387
130.8238
212.0932
67.3941
42.1921
20.5863
36.2456
17.7830
12.7709
9.6844
6.5412
5.6634
5.7766
9.5145
9.5711
7.2774
6.0598
4.7855
3.3980
2.8600
3.0865
3.0865
7.9570
4.9554
3.0582
2.7467
3.1998
4.7006
2.4919
7.1358
6.0881
14.1584
8.4101
4.5590
2.8600
3.7378
4.6156
0.5097
0.5097
0.5663
6.2297
3.8228
1.7840
0.5663
0.5380
0.7646
0.7929
0.4814
0.5097
0.5097
7.4473
5.6917
5.6067
17.1883
5.2103
1.5574
1.0760
4.4174
13.5638
76.1723
39.6436
6.2297
3.1998
3.3980
3.4263
2.4069
6.6545
9.7127
2.5202
1.2743
1.2743
6.4279
7.3341
1.8972
1.2176
0.8495
0.7646
0.7079
0.6513
1.2743
0.9911
1.0760
6.8527
10.4489
5.7483
4.8988
4.1343
2.9733
6.5978
4.6440
3.4830
2.8600
2.6901
2.9733
3.2564
4.0210
2.6335
55.7842
54.3683
32.8475
19.1139
8.4667
5.2953
38.2277
23.0499
11.1852
10.3923
23.8428
13.6487
9.6277
7.2774
6.0032
7.1642
7.5040
7.1642
5.6917
4.7006
3.9077
3.6246
3.5113
3.3980
3.3131
2.8883
2.8317
2.7184
3.1715
3.1998
2.8317
2.6901
2.5485
2.2087
1.8689
1.8123
2.1238
1.9822
8.1553
16.8202
17.0467
3.6246
7.5323
5.0970
3.1715
6.1731
37.9446
9.1463
61.7307
137.9030
33.4139
23.3897
89.1981
53.5188
26.7028
39.9268
27.5240
13.4788
10.0808
9.0048
24.0127
98.2595
15.7725
13.9602
17.3865
72.2080
109.5862
68.5268
31.1485
24.1826
24.5507
13.1107
11.6665
21.4642
13.8753
14.9513
15.7725
8.9198
7.4473
5.4368
10.0808
5.0687
4.6440
4.5590
4.0210
4.7289
4.4741
4.1059
3.3414
2.6335
2.2370
2.0388
2.3786
2.2653
1.5008
1.2743
1.3309
1.1044
1.1610
1.6707
1.6141
1.1893
1.3875
1.3592
1.9539
2.6335
2.0105
3.9077
3.2848
1.6707
1.1327
0.9061
0.8495
1.1893
1.1327
0.7646
0.6796
0.7079
0.6230
0.6230
0.5663
0.5663
0.4531
0.4248
0.3681
0.4248
0.4531
0.5380
0.8495
0.7362
0.4531
0.4531
0.3964
0.3681
0.3681
0.3681
0.3681
0.3964
0.5380
0.9345
0.4814
0.3964
0.3115
0.3115
0.3115
0.3115
0.3398
0.3398
0.3398
0.3398
0.3681
0.3398
0.6230
1.5008
0.5947
0.4248
0.3115
0.3115
0.3115
1.1044
0.9345
0.5947
0.6796
1.7273
1.0477
0.7079
0.4248
0.4814
0.4814
0.4531
0.3681
0.3964
21.8606
17.8396
2.2087
1.1327
0.7929
0.5380
1.1044
2.1238
1.8689
7.5040
80.4198
40.2099
227.1011
48.7050
25.7117
11.5533
11.4400
17.4149
8.5517
11.3834
10.4489
14.6398
11.4966
11.0436
9.3162
14.8097
7.7305
7.2774
14.2151
19.6236
9.9958
3.1998
2.8883
6.5695
6.2863
13.8753
21.2093
6.9659
8.3252
7.0792
3.6812
3.5679
5.6067
2.2653
1.4725
1.2176
1.1893
1.0760
0.9061
0.8212
0.7929
0.7646
0.7079
0.7646
0.7362
0.6796
0.6513
0.5947
0.5663
0.5947
0.5947
0.5663
0.5947
2.1238
2.6335
1.1044
0.6513
0.5663
0.5380
3.9077
6.7960
31.4317
8.2685
2.5485
1.9255
1.4158
1.2743
1.3309
1.0760
1.0760
0.7362
0.7079
0.7079
0.6513
0.7079
0.7079
1.1044
1.9822
1.2176
2.7184
1.4442
0.9061
6.8527
3.6246
2.9450
4.3608
3.7661
2.4069
1.4158
1.3592
27.8638
12.0630
15.4610
6.2014
3.9927
3.2564
2.8034
1.9822
1.6707
4.1909
5.0404
4.9838
2.8034
4.0493
2.3220
1.6424
1.5008
1.3592
1.1610
1.0477
0.9628
0.8778
0.8778
0.9061
0.8495
0.8212
1.8972
4.8705
6.3147
1.8123
1.6424
1.2459
0.3964
0.4248
0.3964
0.3964
0.3681
0.3681
0.3681
0.3398
0.3398
1.2743
3.4263
0.5663
0.4248
0.3398
6.3147
4.7289
6.4562
5.1253
1.8406
1.1044
4.2475
2.8883
100.8080
37.0951
7.8154
2.8317
1.7273
5.6917
3.3131
1.7840
1.3309
1.1327
0.8778
0.9061
0.8212
0.5947
0.5097
0.4248
1.7273
0.6230
14.4416
15.4610
4.0493
2.2087
2.4069
2.4919
1.7840
1.0194
0.8212
5.2386
4.1909
4.6440
1.7556
8.3535
2.1521
0.7929
0.5380
0.5097
0.4248
0.4248
0.4248
0.4248
0.5097
0.3964
0.3964
1.1610
6.0032
1.3309
0.5097
0.3964
0.5097
2.7751
0.6796
0.4531
0.3964
0.3681
0.3681
0.3681
3.4830
1.7273
0.5663
0.3964
1.8972
0.8495
0.3964
0.3681
0.3681
0.3681
2.6901
74.1901
10.2224
18.2644
6.2863
2.9166
8.2119
5.8616
3.5962
2.8317
1.5008
1.4158
1.0477
0.9345
0.7929
3.3414
64.5624
13.3089
5.3519
3.5113
54.9347
46.4396
14.4133
6.3996
4.6440
3.6812
3.2848
2.3786
1.9822
1.6141
1.4442
1.2176
1.0760
0.9345
1.3309
1.4442
1.2176
0.8778
1.2176
1.8689
0.9628
0.8778
0.7079
0.5380
3.0582
7.3907
4.0493
19.1139
4.6156
3.8794
2.7751
2.0388
9.5711
4.8988
2.2653
18.8590
13.1673
4.9271
2.5202
1.6990
2.1804
1.7273
1.2743
0.9911
0.5380
0.5097
0.4248
0.4248
0.3115
0.3398
0.3681
0.3115
0.2747
0.2832
1.1044
1.7840
0.7929
0.4814
0.3398
0.2775
0.2605
0.2549
0.2690
0.2662
0.2662
0.2605
0.2662
0.2718
0.3115
0.2832
0.3115
0.2803
0.3115
0.3964
0.5097
0.4531
0.3681
0.3964
0.3681
0.3398
0.3398
0.3398
0.3398
0.3398
0.3398
0.3398
0.3398
0.3398
0.3398
0.3115
0.3115
0.3115
0.3115
0.2832
0.2832
0.2832
0.2803
0.3398
0.3398
1.1327
1.7556
1.0477
0.5097
0.3681
0.8778
20.1899
62.5802
4.5024
1.3309
1.2459
1.4725
0.9061
33.9802
14.5265
4.1626
2.7751
1.3309
0.9628
0.8495
0.7646
0.6230
0.5097
0.4814
0.4248
0.4248
0.4248
0.4248
0.3964
0.3964
0.3964
0.4248
0.6796
0.4531
0.4248
0.4248
0.3681
0.3964
0.3964
0.3964
0.4531
0.5380
0.5663
0.5663
1.9255
1.7840
0.6513
0.5663
0.9061
9.2030
13.3939
31.4317
35.6792
3.5962
4.3325
6.2863
9.0331
12.8842
2.7184
1.5574
1.8972
14.3283
5.4085
2.0671
1.3592
1.0760
1.0760
1.0194
0.7929
0.7079
0.7646
1.5574
1.6990
2.7184
1.6424
8.4951
18.0378
8.1553
15.8008
23.2481
18.1794
5.9182
4.2192
2.6901
2.0105
1.6707
1.6990
1.3875
1.0477
0.7362
1.2176
1.3309
1.6424
1.7556
2.5768
1.8123
0.7362
0.6230
0.5097
0.5097
0.5097
0.5663
0.5097
0.4531
0.4248
0.3964
0.3398
0.3681
0.3115
0.3398
0.9911
0.9345
0.5947
35.1129
8.1269
10.8737
52.6693
8.0137
3.4263
2.0388
2.6335
1.5857
0.9911
0.8778
0.7646
0.7646
75.3228
25.2020
20.1616
37.9446
15.5176
7.3907
10.5339
91.7466
16.7353
8.3252
5.9749
4.5873
3.7095
2.5202
2.1804
2.0105
1.6990
1.4442
1.5857
2.1238
2.0954
1.1327
0.8212
1.3026
1.0760
1.2459
3.7095
7.9570
6.2014
1.8123
0.9628
0.5947
4.7572
62.5802
7.5889
2.4636
1.2459
0.8495
0.8212
3.9360
1.4442
2.5485
4.1343
1.6990
2.2937
1.2176
0.8778
0.6513
0.5097
0.4814
1.7556
2.6335
1.4725
0.8778
0.5947
0.4248
0.3681
1.8689
2.2370
0.6230
0.3681
0.3398
0.3964
0.4814
0.6230
2.0954
0.4531
0.3398
0.3115
0.3115
0.3115
0.2832
0.2832
55.5010
62.8634
15.0079
3.2281
1.3026
1.3026
1.0760
1.1893
1.6424
1.3309
5.2953
1.4725
3.7095
1.9255
1.0760
0.6796
0.5380
1.4442
5.3236
1.0477
0.8212
1.1610
1.1893
101.6575
14.1584
5.3802
3.7945
3.0299
1.8123
1.5857
1.2743
1.1327
2.9733
3.7661
2.2087
1.1610
0.9345
7.9287
5.1820
1.9822
1.4442
1.1893
1.5291
1.0760
0.8495
0.7929
0.6230
0.5380
0.4814
0.7929
0.8778
3.3131
4.3325
1.8123
0.9911
0.6796
0.5947
0.5380
0.5097
0.4814
0.8212
0.9061
0.5097
0.5097
0.4531
0.4531
0.4531
4.7006
4.0776
0.9628
0.6796
0.4814
0.5380
0.4814
1.2176
59.7485
5.6917
2.0954
1.3592
1.0477
5.6067
6.1448
2.6335
1.5008
1.1044
0.8212
0.6230
0.4814
0.4248
0.4248
1.0477
5.2953
3.2848
1.1610
29.7327
17.9812
8.0703
2.9733
1.4158
2.1521
1.1327
0.6796
2.4069
3.9644
6.3147
4.6440
5.7766
1.8972
1.4725
0.7929
0.6513
1.7273
3.1998
4.0776
1.7273
0.8212
2.0954
3.5679
1.2176
0.7646
0.7079
0.6796
0.5663
0.5097
0.5380
0.6513
0.3964
0.4248
0.3681
0.7079
46.1565
22.3703
3.1149
1.1893
0.8778
1.7556
2.9166
0.8212
2.0388
0.8212
0.6230
0.5097
0.3964
0.9061
0.4814
0.3681
0.3398
0.5380
0.5663
1.6990
4.9554
1.4725
0.9628
0.3681
0.3115
9.8826
28.3168
3.3980
0.8778
0.3964
0.4248
5.2669
5.6067
2.8883
0.8212
0.9628
3.6246
12.0063
4.5590
12.0630
91.7466
23.8145
8.7216
4.6156
3.1715
2.2653
17.6131
5.0121
2.6335
2.3503
1.5291
1.2743
0.9911
0.8495
0.7079
14.2434
30.2990
11.6665
5.5218
4.5873
8.5800
17.5281
24.1826
11.9780
29.1664
7.7871
4.3608
3.4830
10.3073
5.3236
2.9733
2.8317
4.2192
3.4263
2.0388
3.5679
113.2674
125.1605
99.3921
34.8297
13.7054
9.6844
8.0703
8.2685
12.6859
8.0986
9.9109
5.8616
4.8705
4.4457
4.2192
4.3042
3.8794
2.8600
1.6141
1.2459
1.2743
1.1044
0.9628
0.8495
0.7929
0.7079
0.6796
0.5947
0.4814
0.4531
0.4531
1.4158
247.4892
44.7406
12.3178
10.3356
8.6083
5.8899
4.7006
4.1909
3.8228
8.0137
41.6258
13.5355
9.9109
7.4190
7.7871
56.6337
30.2990
12.6293
10.0525
8.3818
7.4190
37.9446
199.3506
30.0159
18.3493
22.8800
13.0541
11.7798
7.6172
6.7111
5.8050
5.0404
4.5024
4.6156
4.1909
3.3697
3.2564
3.9927
3.6812
3.9644
6.6828
10.0525
7.4473
4.9838
5.2669
6.9659
4.6440
3.4263
19.9917
6.9093
4.0210
3.2564
3.8511
3.6529
3.1715
2.8317
3.5679
2.6051
3.8228
7.8438
5.8899
9.2596
4.1626
2.6051
2.0388
5.5501
50.1208
58.6159
80.9862
43.6079
20.6430
21.3226
33.6970
27.2691
20.5863
15.7158
15.7158
7.2491
5.8899
6.7960
5.7200
6.8244
7.7871
4.1626
3.4263
0.2435
0.2379
0.7929
0.9628
0.3398
0.2832
0.2662
0.4248
0.5663
0.4248
0.3681
0.2832
0.2633
0.2690
0.2605
0.2577
0.2549
2.0388
35.9624
6.4562
2.2087
1.1044
0.8212
0.7362
0.5947
0.5380
0.4531
0.4248
0.3681
0.3681
0.3964
0.3964
6.3430
2.1238
0.9911
1.6424
1.0760
0.6796
0.4814
0.3964
0.3964
0.3681
0.3398
0.3115
0.3398
0.3681
0.5947
0.3964
1.2743
0.6796
0.4248
0.3681
0.4814
0.6230
0.6796
0.7646
0.5947
2.6051
10.9303
5.2953
1.5857
1.1610
2.2937
1.0760
0.6513
0.4814
0.4531
0.3964
0.3964
0.4531
1.5008
1.3875
0.5947
1.0477
1.4725
1.4442
0.9345
3.0299
1.7556
1.3875
1.1327
1.0194
2.2370
1.1327
0.7929
0.7929
0.6513
0.5663
0.5097
0.5097
0.4814
0.4814
0.4248
0.4248
0.3964
0.3964
0.5097
0.5380
60.8812
15.6875
4.8422
6.3430
7.8438
4.3325
3.4547
3.0016
5.1253
181.7942
30.8654
9.6277
6.0032
4.7006
3.9077
5.7483
5.1820
56.9169
9.8826
6.0032
4.9271
5.0970
8.2119
13.2806
65.1287
19.3687
9.6277
7.9854
6.1448
6.0598
10.5339
8.7499
7.5323
9.4861
6.3996
4.6723
3.7378
3.3414
3.1715
2.8317
2.4069
2.2653
1.9255
1.6707
1.5574
1.5008
1.7556
2.0671
2.6051
2.0388
1.6990
1.5291
1.8972
3.8794
2.5202
2.0105
1.6141
1.3592
8.9764
6.9376
3.0865
2.7467
7.1925
11.2984
4.3325
2.8317
12.3461
84.3842
218.6061
132.2397
36.2456
13.9319
9.9109
17.3016
19.7652
9.8259
6.0032
6.1448
35.9624
33.1307
9.8826
7.0509
84.1010
30.0159
2.0388
1.6424
12.4311
4.6156
33.9802
4.9271
2.3220
1.4158
0.9628
0.8212
0.7646
0.7362
0.6796
0.6513
0.6513
0.6513
0.6513
0.7646
0.7079
0.6230
1.4158
0.6230
1.3592
1.5291
4.9838
2.4352
0.8212
0.6230
3.6812
1.0194
0.7646
0.7079
0.7079
0.7079
0.6796
0.6796
0.7079
3.6812
1.7273
0.7646
7.1358
1.6707
0.8495
0.6796
0.6230
0.5947
1.3875
0.6513
0.7079
1.1610
1.6707
1.6424
1.6141
1.6424
1.6990
1.8123
1.6424
1.8406
2.0105
1.9539
1.8972
1.8972
1.6707
1.5857
1.6141
1.5857
1.8123
1.8406
1.7840
10.6471
32.8475
4.5307
3.0865
2.4919
2.2937
2.2653
2.1521
2.2937
2.3786
2.0671
0.7929
0.7362
1.2459
3.7945
1.0477
0.7929
0.7929
0.7079
0.7646
0.8495
0.7646
1.0477
9.1463
9.7127
22.5685
80.4198
65.1287
58.8990
10.9020
5.6917
15.5176
22.3420
6.7111
5.5501
4.2758
3.6529
4.8705
8.5800
4.2192
2.4636
2.5768
4.3608
15.5743
4.6723
2.2370
1.2743
1.6990
1.4158
0.9628
0.8212
0.7646
0.9911
0.7646
0.7646
0.7646
0.7362
0.7079
0.6513
0.6230
0.6230
0.8778
0.7079
1.3026
3.0299
11.8931
19.6236
10.7321
6.7677
7.6455
2.6618
1.3026
1.6990
2.5202
1.7840
1.2743
5.2386
2.4919
21.4359
12.9125
4.3608
3.5396
7.6739
16.2539
7.8154
2.8317
1.6141
8.1553
3.4263
12.0913
173.8654
169.0516
39.9268
20.9545
14.8947
7.3907
5.1537
4.0210
3.3131
2.2087
1.8689
6.6261
10.2507
3.9927
10.8170
10.6471
11.0719
10.0242
9.2313
9.0614
6.9943
4.0776
4.3325
9.2879
19.7085
3.0582
2.0388
1.5008
4.3608
8.5234
9.0048
2.5485
1.6141
1.3026
1.1327
0.8212
0.7362
0.6513
2.0388
0.9061
0.7362
1.1610
3.2564
1.2743
0.5663
0.5663
1.8689
4.9838
3.2281
4.0493
7.0509
5.9749
1.8689
14.9230
62.5802
31.1485
45.5901
53.5188
40.2099
40.4931
26.9860
50.4040
65.9783
31.4317
12.5727
6.0881
7.6455
9.5428
4.3042
3.0016
6.3713
4.3042
3.1998
4.8988
2.6618
8.6083
110.4357
15.0646
7.5323
118.9308
92.0298
23.6163
16.2539
10.4772
9.2030
9.6844
7.8721
7.1075
5.6351
3.7095
3.1715
2.8034
2.6051
2.5768
45.0238
47.5723
31.4317
31.1485
52.3862
16.8202
112.4179
29.4495
71.0753
113.2674
30.5822
28.6000
18.8024
73.9070
26.0232
14.4133
10.9586
9.2030
8.0986
7.6739
6.4279
8.4384
5.8616
5.0404
51.8198
5.7483
28.3168
100.8080
17.8679
11.3551
33.6970
147.2476
19.7368
20.6147
61.1644
18.2644
13.4222
11.7798
12.2046
10.3356
8.9764
8.2685
14.6398
9.0331
7.7305
8.4101
6.3713
5.6351
5.0404
5.2953
14.3283
6.4846
6.3147
6.0032
5.1537
9.2879
15.5459
35.6792
12.0913
17.2166
6.3713
6.2580
3.9927
3.8228
3.2848
2.7751
2.5202
2.4352
2.7751
2.3220
1.4725
1.4442
1.8689
2.1521
1.9539
2.0105
2.8600
5.3519
2.2653
1.9822
1.5857
1.2459
5.2103
4.7572
2.0954
1.2176
1.1610
1.0760
0.9628
0.8495
3.7095
3.4830
2.4352
2.6051
2.5202
2.2370
1.9822
1.9539
2.2087
1.8406
1.9255
1.4158
0.7929
0.7079
1.0194
0.9061
0.7079
0.7646
0.7079
0.7079
6.0598
8.3252
0.7646
1.0477
0.7362
0.6230
0.5663
0.5663
0.5663
0.5380
1.8972
2.0388
0.9061
9.9392
3.1432
41.3426
13.4505
4.5873
4.2475
3.2848
12.6293
7.3907
5.2953
3.5679
2.5485
2.0671
1.4442
1.4442
3.0299
9.3729
4.8139
13.1107
5.7766
19.4254
7.8154
3.0299
5.8899
2.0388
2.0671
2.6618
8.9764
3.9927
2.4919
2.4636
5.6634
21.1527
37.6614
30.0159
10.5905
4.8705
3.9077
14.6964
129.4080
16.4238
8.6933
6.3147
6.0032
6.4562
7.7305
9.0048
8.5517
4.3891
3.3131
30.5822
10.8737
5.3802
4.6723
7.6739
56.3505
15.0646
7.7588
11.9780
16.2256
10.2224
4.3042
4.0210
6.6545
7.3341
5.2669
10.6188
6.0598
3.8511
5.1820
13.2523
7.4190
3.5962
2.7751
2.4069
2.6051
2.0954
1.8406
1.6990
4.0776
1.7840
4.1626
1.7556
2.2370
1.6424
1.7556
3.9927
1.4442
1.1893
1.0477
0.8212
0.7362
0.7079
0.6796
0.6230
1.4725
1.0477
0.8212
0.7079
2.6335
5.4368
2.6051
2.4636
1.2176
0.7646
0.7646
0.7362
0.6796
0.5947
0.6230
0.6230
0.5947
0.5947
0.5380
0.6230
1.1610
0.9911
31.1485
29.7327
4.7006
5.2953
3.0582
2.3786
1.8406
2.0954
24.1260
27.2691
7.0509
7.6739
6.5695
3.2564
7.3624
3.6529
2.0954
2.6335
2.1521
2.4919
3.6812
27.6656
7.1358
3.5962
2.3220
1.6424
1.4442
1.3592
1.2176
1.9822
2.0105
1.2176
0.9061
0.7362
0.8495
0.8778
0.6796
0.5947
0.5947
0.5947
0.6230
0.9911
0.9911
0.8778
1.0477
0.6230
0.6230
0.5947
0.5947
0.5947
0.5947
0.5947
0.5380
0.5380
0.4248
0.3964
0.4248
0.4248
0.3964
1.4725
0.6796
0.5380
0.4814
0.4814
9.3729
1.8972
1.2459
1.5857
29.7327
63.9961
20.5014
4.2475
1.8123
1.1044
0.8212
0.7079
0.6513
0.5947
0.5947
0.5663
0.5380
0.5097
0.4814
0.5097
0.5097
2.0105
1.5857
1.7556
79.2872
40.2099
27.2408
14.4982
7.4190
4.2758
2.4919
2.1238
10.5339
3.0582
1.5291
3.0299
3.2564
1.8406
1.3592
1.3309
1.6990
1.7556
1.5574
54.6515
14.4133
9.0048
9.2879
6.9943
3.7095
2.2937
1.8406
1.5574
1.3592
1.2743
23.2481
12.9125
4.3891
2.7467
1.8406
1.5291
1.3309
1.1893
1.1044
0.9911
0.9911
0.9628
0.9345
0.9345
7.6739
3.2281
1.6141
3.7095
4.2192
5.7200
2.5768
3.0016
43.3248
9.1463
20.9261
99.3921
35.1129
33.1307
20.6147
9.6277
24.6073
15.6592
9.0048
8.7499
4.5024
8.6933
4.1626
2.4069
2.1521
27.5240
136.7704
38.2277
9.5994
6.5129
5.0121
3.3131
2.6901
2.3503
1.9822
1.7840
1.6990
33.4139
12.7143
6.0032
3.9927
3.1149
2.7467
4.3325
3.9644
3.0299
1.9822
1.5574
1.4725
1.3592
1.2459
1.2176
1.1327
0.9628
16.5087
30.0159
52.1030
18.9157
28.0903
28.6000
32.2812
9.6844
10.0525
7.2208
5.2386
3.2564
2.2937
1.8689
1.6707
1.5574
1.5574
8.8065
3.7378
2.1804
1.7556
1.3309
1.1893
1.0477
1.3592
2.4352
1.5857
1.3592
1.0477
0.9061
4.0210
7.1358
2.0388
1.1044
0.9628
7.5606
6.1731
2.5768
9.5428
21.8606
58.6159
82.6852
37.9446
20.9828
25.7683
18.4343
22.6535
9.4861
8.0420
6.1448
1.4442
8.8915
2.3220
0.9345
0.7079
0.5947
0.5097
0.5947
0.5663
0.6796
0.5380
0.4814
0.4814
0.4531
0.4248
0.5663
1.0194
0.4531
6.2014
8.8632
4.8139
1.1893
1.0760
0.9628
0.4248
0.3398
0.3398
0.5663
0.3398
0.6230
1.1893
0.3398
0.8495
8.0420
1.1044
0.4248
1.0477
1.0194
1.4158
1.1044
0.9628
1.3309
5.2669
0.8778
0.4531
0.3964
0.3681
0.5097
0.5380
0.5380
7.4190
1.1044
2.0671
19.4537
44.4574
46.1565
31.4317
140.7347
69.3763
30.8654
43.8911
21.2660
43.3248
20.1050
11.3267
8.4384
6.8810
4.5024
130.2575
114.9664
195.9526
90.0476
34.8297
28.3168
23.9561
14.9513
29.7327
109.8694
42.7584
24.6357
14.9513
12.6576
11.5533
166.5031
133.3723
53.5188
25.7400
17.4149
16.1123
22.9650
12.7426
29.4495
15.7725
12.9691
11.7232
12.8275
14.8947
13.0257
8.3252
7.3341
6.8527
6.2580
5.3236
5.0970
6.6261
4.6723
5.8899
52.3862
22.2570
11.4400
8.4951
6.6828
7.8154
21.6341
11.3551
7.7022
6.4562
5.4652
31.7149
21.1244
8.9481
6.5129
5.7483
5.3236
4.5873
4.1343
4.1909
3.8794
3.5962
3.2848
2.8600
2.7751
2.6901
2.6335
3.4547
3.7945
3.3414
46.1565
13.5921
10.1374
10.6755
7.1075
51.8198
148.0971
22.4836
12.7709
8.0420
8.9198
7.7022
5.4368
4.5024
5.3802
4.5024
3.9927
3.3414
2.6618
2.3503
2.3786
2.1804
1.9539
1.8689
2.8317
2.2087
8.8349
10.6755
10.4772
7.2774
200.2001
71.9248
12.8842
8.4667
6.2297
4.5873
3.6812
5.2953
16.2256
20.6996
10.8170
5.4935
5.0404
4.1626
18.0095
6.2863
