0.3398
0.3115
0.3398
0.3398
0.3115
0.5380
0.3681
0.3398
0.5380
0.7362
5.6634
0.5380
0.6513
0.9061
6.1164
2.4352
7.8438
8.5800
5.6634
2.4352
1.8123
1.6707
0.8778
2.2937
0.7079
0.6513
0.5663
0.4814
0.3964
0.3681
0.3681
0.3398
0.3398
0.3398
0.2322
2.4352
0.7929
9.6560
14.7248
0.9628
2.4352
0.7362
0.3964
0.7362
5.6634
1.5291
0.7362
0.5097
0.3964
0.3681
0.5380
0.4531
0.5097
0.5097
0.3964
0.3681
0.3398
0.3115
1.5857
0.3681
0.3964
0.3964
0.4248
0.3681
0.3681
0.3964
0.3681
0.2832
0.3964
0.3115
0.3681
0.3964
0.4248
0.5380
0.3681
0.3398
0.2832
0.5380
0.5663
0.4814
0.3681
0.3398
0.3115
0.3115
0.3681
5.3802
4.0493
0.3681
0.3398
0.3115
0.3115
0.3681
0.3964
0.3681
0.3115
0.9628
1.2459
0.7362
0.3398
0.4248
0.3964
0.3681
0.8495
0.9061
0.8495
0.8495
0.7929
0.7929
0.7929
0.8495
0.8495
0.9061
0.7929
2.3786
16.8485
4.1909
2.6335
1.2459
0.8495
0.7929
0.7929
0.4814
0.9061
5.5218
3.7378
7.3624
8.4384
3.4547
3.9360
4.8422
5.9182
19.0856
15.2061
13.1957
12.4028
10.3640
7.6455
5.9182
4.3608
3.9360
2.3786
2.8883
1.6424
1.4158
1.3026
1.7556
1.5008
1.4158
0.9061
0.6513
0.5380
0.4814
0.3964
0.3115
0.3115
0.3964
0.3398
0.5947
14.1584
0.7362
12.9691
0.7362
0.6513
0.5663
0.5380
0.4248
0.3964
0.3964
0.8495
0.7079
0.3964
0.4248
0.3964
0.4814
0.4248
0.7362
0.6513
0.5663
0.5380
0.5380
0.4814
0.4248
0.3964
0.4814
0.4248
0.8495
1.0194
0.7362
0.7079
0.6513
0.7929
0.5947
0.5663
0.4814
0.3964
0.9061
0.7929
0.7362
0.6513
0.5663
0.4814
0.3681
0.9628
0.7929
0.5663
0.3398
0.3115
0.2832
0.4814
0.9061
0.6513
0.5947
0.5380
0.3964
0.3681
0.3115
0.8495
0.5663
0.5380
0.3681
0.3398
0.3115
0.3115
0.4814
0.4248
0.7929
0.7079
0.5380
0.4814
0.4248
0.4248
0.4814
0.4248
0.3964
0.3964
0.5380
0.4248
1.0194
0.7079
0.6513
0.5947
0.5380
0.4814
0.5663
0.3964
0.3964
0.4814
0.5663
0.3964
0.3964
0.4248
0.3964
0.3681
0.3398
0.2832
31.4317
5.7200
0.9061
0.4248
0.4814
0.4814
0.3964
0.3115
0.2832
0.3681
0.8495
0.7929
0.7079
0.4814
0.4814
0.4248
0.5380
0.4814
0.3964
0.3964
0.3681
0.3115
0.2832
0.2832
0.7079
0.3964
0.3964
0.4814
0.4248
0.5663
0.5380
0.4814
0.4814
0.5380
0.5380
0.4814
0.4248
0.4248
0.3964
0.7079
0.4814
0.4814
0.3964
0.3964
5.9182
3.5679
2.3786
0.8495
0.5663
0.4248
0.3964
0.3681
0.3964
5.9182
4.1909
2.8883
1.5574
0.8495
0.3964
0.5380
0.4248
0.4248
0.3681
0.4814
0.4814
0.4248
0.5380
0.4814
0.3964
0.3964
0.3681
0.2832
0.4814
0.4814
0.4248
0.4248
0.3964
0.3964
0.3398
0.1926
0.2832
0.3681
1.5574
0.3964
0.2265
0.1699
0.1529
0.1529
0.1274
0.1019
0.1274
0.1699
0.1699
0.2265
0.2265
0.1699
0.6513
0.3115
0.4814
0.3681
0.3398
0.3398
0.7362
0.6513
0.3964
0.3964
0.8495
0.7362
0.6513
0.5663
0.5663
0.4814
0.4248
0.9061
0.6513
0.5380
0.6230
0.6513
1.2459
0.9628
0.5380
0.4248
0.3964
0.3681
0.3681
0.3115
0.3115
0.3681
0.3398
0.3115
1.8689
0.7929
0.5380
0.9628
0.5380
0.2832
0.2832
0.4814
0.4248
0.5380
0.4814
17.5848
57.2000
55.7842
4.0493
2.8883
2.3786
0.9628
2.8883
0.3964
0.4531
0.3681
0.2832
0.2832
0.1699
0.1699
0.0850
0.0850
0.0850
0.0850
2.3786
6.7677
8.2685
2.7751
3.4547
0.7362
0.5663
0.5380
0.5380
0.4248
0.4248
0.2265
0.3964
0.3964
0.3681
0.0850
0.0850
0.4814
0.3964
0.2832
0.2832
0.0850
5.3802
0.7362
75.3228
2.3786
2.3786
4.0493
2.3786
0.7362
0.7362
0.3964
0.3964
0.3964
0.3681
0.3681
0.3964
0.5380
0.4814
0.5380
0.5380
0.4814
0.3964
0.4248
0.3964
0.3964
0.3681
0.3681
0.3398
0.2832
0.2549
0.2265
2.3786
0.9061
0.7362
0.5663
0.5663
0.5380
0.4814
0.4814
0.3964
0.3964
0.4814
0.7362
0.5663
0.5663
0.5380
2.3786
1.5574
0.7362
0.5663
0.4814
0.4814
0.3964
0.3115
0.3115
0.3115
0.2832
0.2832
0.2832
0.2832
0.2832
0.2832
0.1699
0.1699
0.1699
0.1699
0.5380
0.2549
0.2549
0.3681
0.3398
1.0194
0.2832
1.2459
3.4547
1.1044
0.2832
0.2265
0.1699
0.1699
0.1699
1.5574
0.3964
0.3398
0.3398
0.2265
0.1699
0.1699
0.1699
1.5574
0.4248
0.2832
0.7362
10.8454
2.3786
3.5679
2.3786
0.9628
0.5947
0.5663
0.5380
0.5380
0.3964
0.2832
0.3115
0.3964
0.3964
0.3681
0.1699
3.4547
2.3786
1.1044
0.2549
0.1699
2.3786
0.3681
0.5380
0.4814
0.2265
0.2265
0.1699
0.1699
36.2456
5.3802
1.1044
0.9628
0.5663
0.5380
0.3964
0.3964
0.3398
0.1699
0.1699
0.3964
0.2832
0.3115
0.2832
0.2832
0.1699
0.1699
0.1699
0.1699
0.1699
0.1699
6.3996
0.9628
0.3964
0.3115
0.1699
0.1699
0.1699
1.1044
0.4814
0.4248
0.4248
0.4814
0.4814
0.3964
0.3115
0.3398
0.2832
0.3115
0.2832
0.2832
0.2549
0.2549
0.2549
0.2265
6.9943
2.9450
0.4531
1.6424
0.6230
0.7079
2.0671
1.3026
1.5857
0.6513
0.5380
0.4814
0.5380
0.5380
0.5380
0.5380
0.5380
0.5380
0.5380
0.5380
0.5380
0.5380
0.5380
0.5380
0.4248
0.4248
0.2265
0.1982
0.1982
0.1982
0.2265
0.2549
0.1982
0.2265
0.2265
0.2832
0.3398
0.3115
0.2832
0.2832
0.2265
0.2265
0.2549
0.2265
0.2265
0.1982
0.1982
0.1982
0.1699
0.1699
0.1699
0.1982
0.1982
0.1982
0.1699
0.1699
0.1699
0.1982
0.1982
0.1699
0.1699
0.1699
0.1699
0.1699
1.9822
2.0954
0.8212
0.7362
0.7079
0.7079
0.4814
0.4248
0.4248
0.4248
0.4248
0.3964
0.3681
0.3681
0.3398
0.3398
0.3115
0.2832
0.2832
0.3115
0.3398
0.3115
0.2832
0.2832
0.2832
0.3115
0.2832
0.2549
0.1133
0.1699
0.1699
0.1133
0.7079
0.9628
0.7079
1.4158
1.2176
1.0477
1.0194
17.5564
9.0614
7.3624
2.3220
2.1804
2.0671
2.0954
4.2192
4.0210
5.3802
2.7467
2.6335
2.3220
2.2653
2.1521
2.1804
2.0954
2.0954
2.0671
2.0954
2.2653
2.2653
2.2653
2.2653
2.3220
2.2653
2.1804
2.2653
1.9822
1.9822
2.0954
2.0954
2.3786
2.6335
89.4812
54.3683
7.2208
4.7006
4.3325
3.3414
3.0299
3.8228
3.9360
4.0210
3.8228
3.9360
4.2475
4.3325
146.3981
56.0674
9.7693
7.7022
6.9093
0.7362
0.7362
0.7362
0.7362
0.7362
0.7362
0.6513
0.6513
0.6513
0.5663
0.5663
0.5663
0.5663
0.5663
0.5663
0.5663
0.5663
0.5663
0.5663
0.4814
0.5663
0.5663
0.5663
0.4814
0.4814
0.4814
0.4814
0.4814
0.4814
0.2633
0.3115
0.3115
0.3115
0.3115
0.3115
0.3398
0.3398
0.7362
0.3398
11.1285
2.1804
0.4248
0.4248
0.3398
0.4814
0.4814
0.3398
0.3115
0.2633
0.2633
0.2633
0.2633
0.2633
0.6513
0.5663
0.5663
6.5695
4.8988
4.2475
2.8883
1.5008
0.5663
0.4814
0.4814
0.3398
0.4248
0.3398
0.6513
0.5663
0.5663
0.5663
0.4814
0.4814
0.3398
0.3115
0.2633
0.2633
0.2633
0.2633
0.4814
0.4814
0.4248
0.4814
0.4814
0.4814
0.4814
0.4814
0.4814
0.5663
0.4814
0.4814
0.4248
0.4814
0.4814
0.4814
0.4814
0.4248
0.4248
0.4814
0.4248
0.4814
0.4814
0.4814
0.4814
11.1285
3.6812
1.3026
1.0477
1.0477
1.0477
0.9628
0.9628
0.9628
0.9628
0.9628
0.8212
0.7362
1.5008
6.9093
4.2475
1.3026
0.8212
0.9628
0.8212
0.7362
5.5218
5.2103
1.1893
1.1893
0.8212
0.9628
0.8212
0.8212
0.9628
1.7840
5.2103
5.5218
6.9093
5.5218
5.2103
5.2103
2.6335
2.4069
2.1804
3.9360
3.4263
4.2475
8.0986
0.7362
0.8212
0.8212
0.8212
0.9628
0.9628
1.3026
1.1893
0.8212
0.8212
0.8212
0.8212
0.6513
0.7362
0.6513
0.7362
0.6513
0.9628
0.9628
1.0477
1.0477
0.7362
0.8212
0.8212
0.7362
0.7362
0.6513
7.7022
6.9093
4.8988
0.9628
1.0477
0.9628
0.8212
0.8778
0.9628
0.9628
0.9628
0.9628
0.8212
4.8988
4.8988
4.8988
4.8988
4.5590
0.9628
0.8212
0.8212
0.7362
1.0477
0.9628
1.0477
0.9628
0.9628
0.9628
0.9628
21.6907
7.7022
3.6812
2.4069
2.1804
2.1804
1.1893
1.1893
0.7362
0.5663
0.5663
0.4814
0.4248
3.6812
0.4248
0.3398
0.3398
0.3398
0.3398
0.3115
0.3115
0.3115
0.6513
0.6513
3.1432
3.4263
3.1432
3.1432
5.5218
5.5218
5.2103
0.7362
0.8212
0.4814
0.4814
0.3398
0.3398
0.5663
0.6513
0.5663
0.4814
0.4814
0.3115
0.3115
0.3115
0.3115
0.5663
0.4814
0.4814
0.4248
0.3398
0.3398
0.3115
0.3115
0.3115
4.5590
0.4814
0.4248
0.4248
0.2633
0.1756
0.1303
0.1303
0.0878
0.9628
0.9628
0.9628
0.9628
0.9628
4.8988
4.5590
5.5218
1.3026
1.5008
0.3398
0.3398
0.3115
0.3115
0.9628
0.9628
1.5008
0.3115
0.2633
0.1756
0.6513
0.9628
0.9628
0.9628
0.9628
0.9628
4.5590
0.8212
0.7362
1.1893
1.1893
1.3026
187.4575
57.4832
30.5822
14.1018
12.4877
2.0105
2.0105
2.0105
1.8406
1.6707
1.6707
8.6650
8.6650
8.2685
7.1075
3.7095
3.4547
3.4547
3.4547
3.4547
3.4547
4.3325
4.3325
4.3325
1.6707
1.6707
1.3592
1.3592
1.3592
1.5008
1.5008
1.3592
1.3592
1.3592
1.3592
1.3592
1.5008
1.6707
1.6707
1.5008
1.5008
1.3592
1.3592
1.2176
7.5040
6.0032
1.1044
0.9628
0.7362
0.7362
0.6513
0.6513
0.6513
0.6513
0.3115
0.3115
0.3681
0.3115
0.3115
4.3325
1.5008
0.8778
0.7362
5.3519
5.6634
5.3519
14.6681
4.0210
85.5169
39.9268
20.6713
5.3519
3.1998
2.4636
1.8406
1.6707
1.6707
1.6707
1.5008
1.2176
1.1044
0.8778
0.6513
0.6513
7.5040
4.3325
1.6707
1.6707
2.0105
1.5008
1.5008
1.3592
1.5008
3.1998
1.6707
1.3592
1.3592
1.3592
0.7362
0.6230
0.5380
0.4248
0.5380
0.6230
0.6230
0.4248
0.5380
0.4248
0.4248
0.4248
0.4248
0.6230
0.6230
0.4248
3.7095
3.7095
3.7095
0.5380
0.5380
0.5380
0.5380
0.5380
0.5380
0.3681
0.3681
0.3681
0.3681
0.3681
0.3681
0.3681
0.3681
0.3115
0.3115
0.3115
0.3115
0.3115
0.3115
0.3115
0.3115
0.3115
0.3115
1.2176
0.6230
0.3115
0.3115
0.3115
0.3115
0.3115
2.2370
1.5008
0.5380
0.5380
0.3681
0.3681
0.3681
0.3681
0.3115
0.3115
0.3115
0.6230
0.3681
0.3115
0.3115
0.3115
0.3115
0.3115
0.3115
0.3115
0.3115
0.2633
0.2633
0.2633
0.2633
0.2633
0.3115
0.3115
0.2633
0.3115
0.2633
0.3115
0.3115
0.3115
0.3115
0.3115
0.3115
0.3115
0.3681
0.2633
0.2633
0.2633
0.2633
0.4248
0.6230
0.4248
0.4248
0.4248
0.3681
0.3681
0.3681
0.3681
0.3681
2.9450
1.6707
1.6707
1.5008
1.5008
1.5008
1.5008
1.2176
1.2176
2.4636
6.0032
20.6713
7.5040
2.4636
1.5008
1.5008
1.3592
1.3592
1.2176
1.2176
1.2176
1.2176
1.2176
3.4547
9.1180
6.0032
1.3592
0.2633
0.2180
0.2633
0.2633
0.2180
0.2180
0.2180
0.2180
0.2180
0.2180
0.2180
0.2180
0.2180
0.2180
0.2180
0.2180
0.2180
0.2180
0.2180
0.2180
0.2180
0.2180
0.2180
0.2180
0.2180
0.2180
0.2180
0.2180
0.1982
0.1982
0.1982
0.1982
0.1982
0.1982
0.1982
5.6634
4.9838
3.7095
7.5040
5.3519
0.7362
0.4248
0.4248
0.4248
0.4248
0.3681
0.3681
0.3681
0.4248
0.4248
0.4248
0.6230
0.6230
0.6513
0.6230
0.6230
0.6230
0.6230
0.5380
0.4248
0.4248
0.3681
0.3681
0.3681
0.9628
0.4248
0.4248
0.7362
4.3325
0.6230
0.5380
0.4248
0.4248
0.4248
0.3115
7.5040
1.1044
1.1044
0.8778
0.8778
0.7362
0.6230
0.6230
0.6230
1.2176
0.8778
4.3325
0.8778
0.7362
0.6230
0.6230
1.3592
1.1044
0.7362
0.7362
0.7362
0.6513
0.6513
0.6513
0.6513
0.7362
1.6707
3.7095
0.8778
0.6230
0.6230
0.4248
0.3681
0.2633
0.2633
0.2633
5.3519
0.6513
0.6513
0.6230
0.6230
0.6230
0.4248
0.4248
0.3681
0.3681
0.3681
0.3115
2.0105
0.8778
0.7362
0.6513
0.6513
1.1044
0.9628
1.1044
0.6513
0.6513
0.6230
0.6230
0.6513
7.5040
2.9450
1.3592
1.1044
1.8406
1.3592
1.1044
1.1044
0.9628
1.1044
1.1044
0.9628
2.4636
1.6707
1.2176
1.1044
0.7362
0.6513
0.2633
0.2633
0.2633
0.2633
0.2633
3.1998
2.2370
9.1180
1.2176
1.2176
4.6440
3.1998
1.6707
0.9628
0.7362
0.2633
0.2633
0.2633
0.2180
1.1044
6.0032
19.9351
15.2345
4.3325
3.7095
2.4636
13.5921
20.6713
9.7127
5.6917
13.7903
9.2313
5.6917
3.9360
2.0954
1.4158
0.9628
0.7079
0.7079
0.7079
0.7079
12.7143
16.6503
1.7556
1.2176
1.1044
0.9628
5.6917
5.2669
1.4158
0.9628
0.9628
0.8212
0.8212
0.7079
0.7079
0.7079
0.2633
0.2633
0.2633
0.2633
0.2180
0.2180
35.1129
15.4327
3.2848
2.7467
0.8212
0.7079
1.2176
6.0881
1.2176
5.6917
106.7545
5.6917
97.1268
14.8947
5.2669
5.2669
4.8988
4.8988
3.2848
3.0299
2.3220
1.4158
1.2176
0.8212
4.5873
33.9802
24.3242
5.6917
4.5873
4.3042
3.9360
3.5962
3.2848
3.2848
22.5685
12.7143
6.9093
5.6917
9.2313
7.3624
11.1568
79.8535
31.1485
24.3242
20.9261
17.9529
16.6503
15.9990
13.7903
13.2240
12.1762
11.6665
9.2313
6.0881
4.8988
17.3016
8.3252
8.3252
7.8438
7.3624
6.4846
6.0881
5.2669
3.9360
4.3042
3.9360
5.6917
4.8988
4.5873
5.6917
5.6917
5.6917
11.1568
20.1616
10.6755
9.7127
9.2313
17.9529
15.9990
76.1723
31.9980
19.3687
13.7903
7.3624
6.9093
6.4846
6.0881
5.6917
4.8988
4.5873
5.6917
5.6917
4.8988
4.3042
3.9360
3.9360
3.2848
1.5857
1.4158
1.1044
1.1044
0.8212
0.6230
0.6230
0.3964
0.3964
0.3681
0.3115
0.5380
0.4814
0.4814
0.4814
0.3964
0.3964
0.3964
0.3964
0.3964
0.3115
0.3115
0.3115
0.2633
0.3115
0.3115
0.2633
0.2633
0.2633
0.3115
0.6230
0.6230
0.7079
0.6230
0.6230
0.5380
0.5380
0.5380
0.4814
0.5380
0.5380
0.5380
0.8212
1.2176
0.9628
1.1044
1.2176
1.2176
1.1044
1.1044
1.1044
14.3566
9.7127
7.3624
4.8988
4.3042
2.0954
1.4158
0.9628
0.9628
0.8212
0.8212
0.8212
0.7079
0.7079
0.8212
10.1941
9.7127
4.8988
3.9360
3.2848
1.5857
1.1044
1.1044
0.9628
0.9628
0.9628
0.6230
0.6230
0.5380
0.5380
0.4814
0.4814
0.4814
0.3964
0.3964
1.4158
1.1044
1.1044
0.9628
0.9628
4.8988
4.8988
4.8988
4.5873
4.3042
3.2848
2.3220
0.5380
0.5380
0.3964
0.7079
0.3964
0.5380
0.5380
10.6755
0.8212
0.7079
0.7079
0.7079
0.4814
0.4814
0.4814
7.3624
3.2848
0.9628
0.7079
4.5873
6.0881
4.3042
1.2176
1.2176
1.1044
0.5380
0.5380
0.5380
0.4814
0.4814
0.3964
0.7079
0.6230
0.5380
0.4814
0.4814
3.9360
2.3220
1.9255
1.7556
0.6230
0.6230
0.5380
0.5380
0.5380
0.3964
0.3964
3.9360
0.5380
0.5380
0.4814
0.5380
4.8988
4.5873
1.2176
0.7079
0.5380
0.5380
0.5380
0.5380
0.5380
0.4814
0.4814
0.4814
0.4814
0.3964
0.3964
0.3964
1.4158
0.6230
0.5380
0.5380
0.5380
0.4814
0.4814
0.3964
0.6230
6.9093
4.5873
4.3042
0.4814
0.3964
0.3964
1.4158
0.5380
0.4814
0.4814
6.0881
1.4158
0.8212
0.7079
6.4846
5.2669
0.9628
0.6230
0.5380
0.6230
0.5380
0.5380
0.5380
0.5380
0.5380
0.4814
6.4846
0.9628
0.7079
0.7079
0.6230
0.5380
0.5380
0.8212
0.8212
0.5380
0.5380
0.7079
0.6230
0.6230
0.7079
1.2176
1.2176
19.3687
10.1941
6.4846
85.5169
5.6917
2.5485
1.5857
1.1044
0.9628
0.9628
37.0951
6.0881
5.6917
8.7499
60.3149
14.3566
6.4846
4.8988
4.5873
3.9360
4.3042
3.9360
0.7079
9.7127
6.4846
5.6917
15.4327
9.9109
6.0881
5.3802
2.4636
1.5857
1.2176
1.1044
0.9628
0.9628
0.9628
5.0687
4.7855
4.4741
1.5857
1.5857
1.4158
16.6503
5.0687
3.3414
2.6618
2.2653
1.6990
2.0671
2.8883
2.2653
1.4158
1.4158
200.2001
69.0931
9.9109
6.8810
5.3802
60.0317
29.1664
10.3356
6.0881
6.8810
8.5800
9.9109
5.0687
4.1626
6.8810
6.0881
9.4578
8.1553
6.4846
3.5962
2.6618
2.6618
2.2653
2.6618
2.0671
2.2653
2.2653
1.8972
1.6990
2.2653
7.2774
1.4158
41.6258
41.6258
5.3802
5.0687
6.0881
6.0881
3.8511
7.2774
5.0687
2.0671
2.0671
3.1149
2.8883
2.2653
7.7022
9.4578
4.7855
3.5962
2.4636
2.6618
2.4636
3.1149
2.2653
2.2653
2.0671
2.4636
3.5962
2.4636
2.2653
2.0671
9.9109
14.3566
11.6665
9.4578
7.2774
6.0881
6.4846
6.0881
3.1149
2.0671
1.5857
1.6990
1.5857
1.1044
2.8883
2.2653
2.2653
1.6990
2.0671
5.3802
2.8883
1.8972
2.0671
2.6618
13.7903
31.1485
15.9990
5.6917
6.0881
2.8883
17.3016
15.9990
9.4578
5.6917
4.4741
3.1149
17.3016
10.3356
7.2774
3.5962
2.2653
1.6990
5.6917
1.6990
1.5857
1.4158
1.2176
1.1044
1.4158
3.8511
2.6618
2.0671
1.6990
22.5685
5.0687
2.8883
6.0881
7.7022
2.6618
1.6990
2.8883
2.6618
1.6990
1.2176
1.6990
1.6990
12.7143
3.8511
2.4636
1.5857
1.4158
1.8972
1.6990
1.5857
2.0671
1.8972
1.5857
2.4636
2.4636
2.0671
1.6990
1.6990
1.4158
1.4158
1.8972
1.4158
1.2176
1.4158
2.6618
27.1559
25.2020
12.7143
3.8511
2.2653
1.8972
1.6990
1.4158
1.8972
5.6917
1.6990
1.8972
9.9109
10.3356
3.5962
3.3414
2.0671
1.8972
6.4846
5.3802
2.8883
2.0671
3.1149
2.6618
9.9109
3.8511
3.1149
2.6618
2.0671
2.8883
2.6618
7.2774
4.1626
3.1149
2.6618
2.2653
3.1149
2.4636
2.2653
6.8810
3.5962
2.6618
2.4636
3.5962
