1.4725
1.6707
1.9539
2.4919
2.5485
2.5768
1.8123
2.5485
3.0299
1.9822
2.8600
2.0954
4.9554
2.6335
2.5485
2.0671
1.8972
2.0954
3.3414
2.9733
4.1626
2.4636
2.0671
1.9822
3.2281
2.0954
1.8972
1.8689
2.2370
2.2653
2.0954
1.7840
1.7840
1.8406
2.0671
3.5396
2.0954
1.7840
2.7184
2.4919
1.9822
5.0404
2.6335
2.7184
2.3220
2.4069
2.8600
2.9733
4.0776
3.0582
2.5768
2.7467
2.0954
1.9822
2.2653
2.1804
2.7184
2.3220
2.2370
1.8406
1.8689
1.8689
1.6990
1.6990
1.7840
1.8123
1.5857
1.5008
1.5008
1.8689
4.8139
4.6440
2.7467
2.0954
2.6618
2.0671
1.7556
1.6990
1.6424
1.6990
1.5857
1.5291
1.6707
1.4725
1.4442
1.4158
1.4725
1.4158
1.4158
1.3309
1.3309
1.3309
1.3309
1.3309
1.4158
1.3026
1.3026
1.2743
1.3026
1.3026
1.3309
1.3026
1.2743
1.2459
1.2176
1.2743
1.3026
1.4442
1.8406
2.9450
3.6246
3.4263
2.8034
2.2653
3.6246
2.7467
1.8972
2.4069
2.3786
2.5768
1.8972
1.8406
1.6990
1.7840
1.5857
1.5574
1.4725
1.4442
1.5574
1.5008
1.3875
1.3309
1.3309
1.3309
1.3309
1.3309
1.3026
2.2370
2.4069
4.1059
17.4432
4.0776
2.8034
2.1804
2.3786
9.5428
5.2669
3.1149
4.2475
3.1432
2.9733
2.2653
2.8883
2.5485
2.4069
3.0299
2.0105
2.0105
2.0105
1.7273
1.6141
1.5857
1.5574
1.5008
1.5008
2.4919
4.7006
10.3073
3.8228
3.4263
2.6618
2.4636
2.8883
2.0954
1.8972
1.7840
1.8406
2.3220
2.4636
2.8883
2.6335
2.8034
8.7216
10.7321
6.6261
29.4495
5.3802
3.4263
2.8034
2.3786
2.0954
2.0105
1.9822
1.7556
1.6707
1.7273
1.8406
2.0954
2.0954
5.2669
6.0032
3.8511
4.3042
5.4652
4.8139
4.5590
4.5590
4.1626
3.8228
3.5962
6.0881
3.3414
3.0582
3.5962
4.5873
4.1626
2.6618
2.7184
2.4069
1.9822
1.8972
1.7840
1.7840
2.2370
5.5501
2.3220
3.5396
2.4636
2.0105
1.9255
2.0954
1.9822
2.0388
2.3220
4.2475
2.7184
3.4547
2.9450
2.0954
1.9822
3.2848
17.4432
2.8600
2.9450
5.7483
9.6277
5.6067
20.5580
27.4107
9.8543
4.6440
3.4263
2.8317
2.4636
2.2087
2.0388
1.8689
1.7556
1.7556
1.7556
2.4069
2.2087
1.7556
1.8123
3.7661
3.3697
2.2370
2.3220
1.9822
1.7840
3.3697
4.6440
3.0582
2.3786
1.9822
4.7289
2.9166
2.1804
2.0388
1.8972
1.7840
1.7840
1.8972
2.0671
1.6990
1.5857
1.0477
2.1238
2.7184
2.0671
3.1149
1.8406
1.6707
1.6141
1.8406
1.8406
1.9255
1.6707
1.6141
1.6141
3.1432
2.2370
2.1804
1.8406
1.8406
1.6141
2.1804
3.6812
2.3786
2.4069
2.3503
1.8406
1.8406
3.2281
2.6618
2.8034
2.1521
2.4069
6.2580
3.9360
3.5113
2.5485
3.0299
2.9733
2.1804
1.9539
1.8406
1.8972
1.7273
1.7840
1.6141
1.5857
5.0404
7.5040
2.2653
2.2370
3.1432
3.3697
2.7184
3.7378
3.0299
8.0137
4.1059
3.0299
2.4069
2.3220
2.1804
1.9822
1.8123
1.8123
1.8972
1.9822
1.6424
1.5857
1.5574
1.7273
1.8972
2.3786
1.8123
2.3786
2.1521
3.1149
2.4069
2.3220
2.7467
3.1998
3.9077
2.3220
3.9927
2.6618
2.3786
1.9822
2.6335
2.0954
2.3220
1.8972
1.7840
1.6424
1.9255
1.7556
1.8972
2.5768
2.2653
1.8406
1.9255
1.7556
1.6990
1.9255
1.8972
2.0105
2.4636
3.1149
2.1804
2.0954
3.9927
2.4069
2.6618
2.7184
3.1432
2.4919
2.6618
3.2281
2.0671
1.8972
1.9822
2.0671
2.0671
1.6990
1.5857
1.5574
1.4725
1.5857
1.5008
1.5574
1.6424
1.4158
1.3592
1.3309
1.3309
1.3026
1.3026
1.3026
1.2743
1.4158
1.3875
1.3309
1.3026
1.3026
1.4442
1.3026
1.4442
1.6707
2.0954
1.3309
3.1149
1.6707
1.5574
1.6707
1.5857
1.9822
1.6990
1.4442
1.6424
1.4725
2.2370
1.6141
1.4158
1.6141
1.5857
1.5008
1.5008
1.4158
1.4158
1.3875
1.7840
1.4442
1.4158
1.6990
1.7840
1.3875
1.4158
1.4442
1.5008
1.7840
1.6990
1.3309
1.3026
1.2743
1.2743
1.3592
1.4158
1.3026
1.1893
1.7840
1.3309
1.2176
1.1893
1.1893
1.1610
1.1610
1.1327
1.1327
1.1327
1.1327
1.1044
1.4158
1.1893
1.1044
3.7378
1.4442
1.3592
1.6990
1.3592
1.2176
1.1610
1.1044
1.3875
1.4725
1.3592
1.1610
1.2743
1.1893
1.1327
1.1044
1.1044
1.1044
1.1893
1.1044
1.0760
1.0477
1.0477
1.0477
5.2103
1.5857
1.2459
1.1610
1.1044
1.0760
1.1327
2.5768
1.6990
4.0210
1.4158
1.2176
1.1893
1.1610
1.1610
1.6990
1.2743
16.9052
2.8034
2.0671
1.7556
1.5857
1.5008
1.4158
1.3026
1.4158
9.6277
3.3414
3.3414
2.4069
1.7273
1.5574
1.4442
1.5008
1.4725
1.3026
1.2743
1.2743
1.5574
1.6424
1.3026
1.2176
1.1893
1.1610
1.1610
1.1327
1.1044
1.3875
1.4442
1.2176
1.1327
1.1327
1.1044
1.1327
1.2459
2.7184
6.1731
12.1762
4.8705
3.9077
2.1804
1.7840
1.6990
1.4725
1.3592
1.3026
1.2176
2.1804
1.5857
1.2459
1.2459
1.2743
1.1610
1.1044
1.1044
1.2176
1.4158
1.1327
1.0760
1.0477
1.0194
1.0194
1.2176
1.2743
1.2176
1.1893
1.6707
1.1610
1.0477
1.0194
1.0477
1.0477
1.0194
0.9911
0.9911
0.9911
0.9911
0.9911
0.9911
0.9911
1.0477
0.9911
0.9628
0.9911
0.9628
0.9628
0.9345
0.9345
0.9345
1.1044
0.9911
1.2176
1.0477
0.9911
0.9628
0.9345
0.9345
0.9345
1.1610
0.9628
0.9628
0.9345
0.9345
1.0760
1.0194
1.2176
1.0194
0.9911
1.4158
1.4725
1.3875
1.2459
1.2176
4.7289
2.9450
1.6990
3.3414
4.1626
1.7273
1.3875
1.9822
1.4725
1.4725
1.6990
1.2176
1.2176
1.2176
1.1893
1.6707
1.4158
8.1553
8.9481
18.1794
10.0242
3.6812
2.8034
2.3220
1.9822
2.3220
1.6707
1.8972
3.0299
5.3519
5.8616
2.8600
2.1804
2.5768
3.1998
2.0954
1.7556
2.1521
5.1820
5.2953
2.2370
2.7467
2.0105
1.9255
1.6990
1.5008
1.4158
1.3592
1.3026
3.0299
1.5008
1.3309
1.3026
1.2459
1.4158
2.0105
2.1804
4.7006
9.9392
3.5962
10.9869
3.2281
2.9450
2.3220
1.8406
1.7273
1.7273
1.5008
1.5574
2.4919
1.5857
2.1521
3.9927
3.3414
2.9450
1.9822
2.0954
2.7184
5.1820
4.3042
2.1804
2.4069
2.4636
7.5040
3.3414
2.1804
1.8972
1.6424
1.5291
1.5008
2.0671
6.6545
7.3057
3.3980
3.0582
4.2192
4.2475
3.2281
3.6246
3.2564
3.6529
2.0954
1.8689
2.0671
1.6141
1.5574
4.1343
2.0671
1.6424
1.8972
3.1432
12.6010
3.0299
2.1521
1.8689
1.9539
1.8689
1.8689
2.2653
1.7273
2.2370
1.8406
1.5574
1.6141
1.4442
1.3592
1.3875
1.9255
1.3309
1.2743
1.2743
2.3503
2.6335
1.8689
2.0105
2.6618
1.9822
1.6141
1.4158
1.3309
1.2743
1.4725
1.2459
1.2176
1.1893
1.1610
1.6990
6.5412
6.1731
5.4368
2.2937
1.9822
2.2653
1.8406
1.9539
1.6424
2.3220
5.4085
6.4846
2.6618
2.0388
4.0210
1.9255
1.9255
3.5396
2.7751
2.1238
3.2281
2.0388
4.6440
2.4352
1.8972
1.9255
1.6707
1.5857
1.5291
3.1715
1.7840
1.5574
1.8689
2.8317
4.2192
2.0671
1.7556
1.5857
1.5008
1.4725
1.3875
1.3592
1.4442
1.3592
2.6618
1.9539
1.5857
4.7572
1.8406
2.5485
3.1998
2.1804
6.5695
2.7467
2.5485
6.6261
6.1448
3.8228
2.6051
2.0671
1.8123
1.6707
1.6424
1.5291
1.5291
2.7751
1.6707
1.6707
1.5008
1.4725
4.3325
3.3697
3.2281
5.6917
3.3131
2.4919
2.1804
1.8972
1.8972
3.5679
4.5024
2.2087
2.3503
2.6901
5.7483
3.3980
3.0299
5.4652
4.4174
3.5396
2.5202
2.1804
2.1238
1.8406
1.6707
1.5857
1.4725
1.4442
1.3875
1.3592
2.0388
6.6545
2.2370
1.7273
1.5857
1.5291
1.4725
1.4158
1.3875
1.5291
1.6141
3.3980
2.9733
4.3325
3.4830
5.2103
5.7766
5.2669
4.3325
2.8600
2.7467
2.7467
3.2281
4.0776
4.0776
2.5202
2.1521
2.3220
5.6067
6.4279
3.4263
2.4919
2.9450
2.3220
1.8972
1.9255
1.7840
1.6141
2.1238
1.6141
1.5291
1.4442
1.3875
2.4069
1.6424
1.3875
1.3309
1.2743
1.3875
1.2743
1.2459
1.6141
1.3026
1.2459
1.2176
1.1893
1.1893
1.1610
1.1610
1.1610
1.1610
1.1327
1.1610
1.1893
1.4442
3.0016
1.2743
1.1893
1.5291
1.2459
1.1893
1.1610
1.2176
1.3875
1.8123
1.5857
1.7273
6.9659
15.5176
15.8008
8.4667
6.7394
4.8422
6.4562
3.3697
2.5202
2.5485
4.6156
2.7751
2.1804
1.8972
3.9644
10.7887
3.3414
2.4636
2.2087
2.9450
2.2653
1.8972
1.7273
1.5857
2.1804
1.8123
3.1149
1.8406
2.1238
3.6246
1.9822
1.6707
1.5574
1.5857
1.6424
1.4725
1.3592
1.3309
1.9822
1.6424
1.4158
1.3309
2.0105
2.5202
1.5857
1.4442
2.0954
1.4725
1.5574
2.8600
7.3907
7.5606
4.4457
2.5202
2.2087
2.1521
2.6335
2.1804
1.8972
1.8123
1.6141
1.5008
1.5008
1.3875
1.3875
1.3309
1.3026
1.2743
10.4772
6.6261
2.4919
1.8406
1.7840
1.7840
1.5008
1.5574
1.4725
1.5857
1.4158
1.3592
2.0105
2.4069
1.6424
1.4725
1.4158
1.5574
1.8972
1.3309
1.3026
1.2459
1.2176
1.3592
1.3026
1.2743
1.4725
1.3026
1.2743
1.4158
1.1893
2.7467
3.1149
2.7467
2.5768
1.8689
1.5574
1.7556
1.6424
1.4158
1.3309
1.3592
1.2743
1.2459
1.2459
1.2743
2.1238
1.7273
1.4725
1.3875
1.7840
1.3309
3.1998
2.9450
3.2848
2.1804
1.8123
1.9255
1.7273
1.5857
2.2653
1.6424
1.8123
1.9255
1.7556
2.2087
1.9255
2.1521
3.5962
3.3414
2.0388
1.8972
1.6424
1.4725
1.4442
1.4442
1.7556
1.6707
1.3592
1.4442
1.2743
1.3875
1.4158
1.8123
2.5768
1.3875
4.3042
2.3503
2.8600
3.1715
4.3891
7.1075
2.7751
2.4636
1.7840
1.6141
1.5291
1.6424
1.7556
6.5695
2.3503
2.9166
3.5396
1.8406
1.6990
1.7556
1.5008
1.5574
6.5695
7.3624
2.4636
2.5485
3.0865
1.9822
1.8123
1.6990
1.6424
1.5574
1.5008
1.4158
2.6335
2.3220
1.6424
1.4725
1.5008
13.4505
3.3980
2.3503
1.9255
3.5396
2.7467
1.9539
1.6990
1.8689
1.6990
1.5291
1.8972
2.0105
1.7840
1.5291
1.4158
1.3309
2.2653
2.6618
4.8139
2.0388
4.5873
2.8600
2.0671
1.7840
1.6141
1.5008
1.8972
1.8972
1.5857
1.6990
1.4442
1.3592
1.3026
3.2848
3.4547
2.1804
4.6156
2.0671
1.6707
1.5857
1.5574
1.4725
1.3592
1.3309
1.3026
3.9644
1.5574
1.3592
1.3026
1.3026
1.5291
1.2459
1.1893
1.1610
1.1327
2.8034
1.3026
1.2459
1.1893
1.1893
1.1327
1.1044
1.1044
1.0760
1.0760
1.0760
1.0760
1.0477
1.0477
1.0477
1.0477
4.5024
5.4652
10.1941
2.6618
1.9539
1.5857
1.4725
1.4725
1.4725
1.3026
1.3875
1.7273
4.5873
6.4846
4.3891
2.3220
2.1804
1.7840
1.6141
1.5291
1.8972
1.6990
8.4951
13.8753
7.0509
3.3414
2.5485
2.0671
1.8123
1.6424
1.5574
1.4725
1.5291
1.3875
1.3309
1.3309
1.2743
1.2176
1.1893
1.1610
1.1610
1.1327
1.1044
1.0760
1.3309
1.5008
3.7945
2.0671
5.6351
4.8705
2.6901
2.0105
1.6424
1.4442
1.6990
1.4158
1.3026
1.4725
1.9255
3.4263
4.0210
2.5202
1.9255
1.5857
1.4442
1.3592
1.3026
1.2459
1.2459
1.1893
1.1610
1.9539
1.3026
1.2176
1.5857
1.1893
3.8228
7.8438
3.0582
2.9450
1.9539
1.6141
1.4442
1.3309
1.2743
1.2459
1.2176
1.1893
1.1610
1.1327
1.1044
1.1044
1.0760
1.0760
1.0760
1.0477
1.0760
1.1327
1.1893
1.4442
1.1044
1.1044
1.0477
1.5291
5.2386
10.4206
14.5549
4.7855
2.9733
2.5202
1.9822
1.7556
2.8883
2.6335
2.1521
2.3220
3.5679
3.3980
2.9450
3.7095
2.6618
2.6051
5.2669
12.6293
3.4263
2.4352
2.0388
1.8123
1.8972
1.5574
1.4442
1.4158
1.1893
1.2743
1.2459
2.1804
1.4158
1.2459
1.2176
1.1610
1.4442
1.9822
1.3026
1.1893
1.4725
1.2459
1.1610
1.1610
7.1358
2.6618
2.2087
2.7184
2.4919
1.8406
1.6424
1.4442
1.3875
1.3592
1.3026
1.2743
1.2459
2.5768
1.5574
1.3592
1.4158
2.2937
2.4069
2.4352
1.6707
1.5008
1.6707
4.0493
3.6246
4.5307
5.3236
3.9644
2.4069
1.9539
2.0671
2.3786
3.8228
5.7483
5.6634
4.9838
4.0210
3.1998
3.1432
2.7184
3.5396
3.1715
2.8600
2.2653
1.9539
4.4457
1.9822
1.7556
2.8600
1.7840
1.6141
1.5857
1.4725
1.4158
1.3875
1.3309
1.3309
1.2459
1.2176
1.3309
1.2743
1.1893
1.3026
1.1893
1.1327
1.1327
1.2459
1.7840
1.1893
1.1044
1.1044
1.2459
2.4919
1.2743
2.2087
4.0210
1.6707
1.3309
1.1893
1.5857
1.2743
1.3875
1.6990
2.4636
2.3786
5.0121
4.9554
3.6529
3.0016
3.6246
2.4636
2.0105
2.1804
3.5396
4.3891
2.2370
2.3220
2.0105
2.0954
2.9733
3.2281
3.3131
5.6351
10.1657
7.7022
3.8794
2.9166
3.2564
4.0210
3.1998
2.3220
2.6051
2.7467
4.2758
2.4919
1.9255
2.4919
2.4919
2.8034
2.5485
5.9749
15.9990
4.7855
3.0582
2.4919
3.8228
2.7467
2.9450
2.0671
4.1059
4.3608
2.3786
2.0671
2.5768
22.7667
7.3907
3.7945
2.9166
3.8228
3.7661
3.3414
2.5202
2.3786
3.5396
2.6618
4.0776
2.4636
2.1804
4.3042
2.6618
1.9822
1.8972
1.8689
2.0105
1.9255
2.6618
4.5024
4.6156
2.8317
2.2653
2.6051
2.1238
2.0105
1.8972
1.8123
1.8972
8.3252
3.9360
2.5485
2.4919
3.1432
2.0388
1.8406
1.7273
1.6990
1.5291
1.5291
1.5008
1.4442
1.4158
1.7556
1.5574
1.3875
1.5857
1.3592
1.3309
1.3309
1.2743
1.2743
2.9450
1.5857
1.4158
10.6188
9.0048
6.0598
5.7483
7.6739
16.1123
12.4311
5.6067
3.4547
2.7751
2.6618
2.1804
2.0105
2.0105
3.0865
2.6618
5.1820
2.8034
2.4636
2.8600
2.9450
2.1521
2.1238
4.5307
2.4069
2.0388
2.4636
1.9822
1.8123
1.8972
1.9822
1.6990
3.8511
1.8689
1.6990
1.5857
1.5291
1.4725
2.4636
1.5857
1.5574
1.8406
1.8123
1.8123
2.5485
4.7006
6.0315
3.5679
8.1553
4.5024
3.0582
2.7751
2.7467
9.2313
3.8511
2.6618
2.5768
2.3786
2.1804
2.3503
3.3414
2.9450
2.2937
3.8511
3.0299
2.5485
2.2653
2.3220
8.6650
10.2507
8.1269
5.3802
4.5024
3.9644
3.6529
2.7751
2.0671
1.8972
2.3503
2.8317
3.2281
3.3697
3.2848
7.3624
4.3891
5.0404
7.2208
18.8873
17.3582
10.5905
7.7588
6.2297
5.1820
3.6812
3.4547
2.7751
2.4069
2.1804
3.0582
5.4368
6.2297
3.0016
8.4951
14.3566
13.6204
5.1820
3.5113
3.2848
3.0299
4.3042
3.0016
2.5485
2.5768
3.9927
2.5202
2.4352
4.8139
6.7960
3.5962
10.5056
6.4279
6.0315
7.3624
7.3907
4.5590
3.1149
2.6335
2.5202
2.2370
2.0671
2.0105
2.0388
1.8972
2.0105
2.9733
5.2953
5.7766
4.7006
4.7006
3.7378
3.5962
5.0404
3.2281
3.0016
3.2848
3.6246
7.4473
17.5281
48.9881
19.7085
5.8899
3.9927
3.1715
2.7467
2.4352
2.2653
2.2937
2.0954
2.1521
1.9822
1.8972
1.8406
1.8972
2.4069
1.8972
1.8406
1.7840
1.6990
1.6990
1.7273
2.6051
2.2653
2.0671
1.7273
1.7840
3.3697
2.6051
3.6812
6.3147
2.6618
6.7677
2.9450
2.6335
3.4263
2.6051
2.5202
2.2087
2.3220
4.4741
5.8616
11.2701
20.3598
16.1972
7.1358
5.7766
20.9261
14.4982
6.2297
2.9733
4.9838
3.2281
2.9166
2.5768
2.3786
2.4352
2.2653
2.2653
2.0954
2.0671
2.1521
2.3786
4.9838
5.8333
2.6901
2.4352
2.4636
3.4547
2.7467
2.0671
2.0105
1.9822
1.9822
1.9255
1.8689
1.8406
1.8123
1.8972
1.8972
2.0671
2.0105
2.2653
1.8689
1.7273
1.6707
1.5857
1.5574
1.6424
1.5574
1.5291
1.8123
1.6707
1.5291
1.5008
1.5008
1.5857
1.5008
1.6990
2.0671
2.2087
1.5857
1.5291
1.4442
1.3875
1.5008
2.0671
4.1626
2.9450
4.5873
5.6917
2.4069
4.0776
2.8600
2.5768
2.5768
2.0954
2.1521
2.6618
5.1820
6.6261
3.3131
2.6901
4.3325
3.3697
3.0865
2.9166
2.3786
4.4174
3.6812
3.5396
2.6901
3.7378
3.2281
2.6051
3.9360
7.2774
7.3057
4.2475
3.1715
3.3980
2.4352
2.2937
2.1804
1.9822
2.3503
2.5485
1.9822
2.2653
4.4174
10.5905
20.3598
4.1059
3.0016
2.5485
2.2370
2.0954
2.3220
1.9822
2.0671
2.2087
2.1804
3.4547
4.4741
2.5768
2.1521
1.9539
1.8972
2.1238
2.8600
2.2370
2.6901
3.0016
2.3503
1.9255
1.7840
1.8972
2.7467
1.7273
1.6424
1.5857
1.7840
1.5857
1.5857
1.5008
1.4725
1.4725
1.7273
1.8406
2.0671
2.5485
2.0105
2.2087
9.9958
2.5768
2.7467
2.3786
6.1448
2.6618
3.6246
2.2653
2.4069
2.0105
3.2281
2.2087
1.8972
1.7840
1.7273
1.7840
2.2087
5.0687
2.3220
2.0954
5.5784
2.0388
1.7840
1.7556
1.9255
2.0671
2.5768
2.0671
1.6990
1.5857
2.0388
10.5622
4.5873
7.1925
8.8065
4.8705
3.1432
3.4263
4.9554
4.4741
3.8228
3.2281
2.9166
2.9450
2.4352
2.1804
1.9822
1.8689
1.7840
1.7273
1.6707
1.5857
1.5291
1.6990
1.7556
1.5291
1.6707
5.8616
17.8396
3.5396
2.4636
2.1238
1.9539
1.8123
1.7556
1.6990
1.5857
1.5574
1.5008
1.4442
1.4442
1.4158
1.4442
1.3875
1.6141
2.5485
1.4158
1.3592
1.4158
1.3592
1.3309
1.3309
1.2743
1.3592
1.3026
1.3309
3.9927
3.9927
5.8616
10.6755
6.3996
5.4368
4.3325
3.9360
3.4547
2.5768
2.2087
1.9822
1.8406
1.7273
1.6424
1.6990
2.1521
1.6141
1.5008
1.4442
1.3875
1.3875
1.3592
1.3309
1.3309
1.3026
1.3026
1.3026
1.2743
1.2743
1.2459
2.6335
1.6990
1.3309
1.6990
7.3057
16.7919
15.6026
4.4741
4.7006
3.7378
11.4683
5.1820
4.1909
3.1432
2.2653
2.2653
1.9539
2.1238
2.0671
2.8034
3.8228
2.8600
2.1804
2.0388
1.7273
1.6424
1.5857
1.5291
1.5008
1.4158
1.4158
2.2653
1.9822
1.7840
1.6424
2.2653
1.9539
5.2669
2.6335
1.7273
1.5857
1.5291
1.5574
3.8228
10.9869
4.9838
4.4174
4.4174
5.9465
9.9392
13.1390
10.6755
7.7871
5.2953
4.3042
3.3414
2.9733
2.5202
2.0671
2.4636
1.8972
4.2192
14.5832
6.7111
3.3414
3.2281
4.3042
6.8810
5.2953
2.8883
3.1715
2.2370
6.3713
7.0509
3.0582
2.6618
4.7289
16.9052
11.2135
4.9838
4.7006
3.6246
3.0865
2.6051
2.5202
2.2087
2.2653
2.0105
1.8689
1.7840
1.6990
1.6424
1.5008
2.4352
1.6990
1.6141
1.6990
2.0671
2.7184
3.9360
3.9927
5.5218
2.7467
2.1804
2.4919
3.0016
3.0016
2.6618
2.2653
2.6618
3.1715
2.4636
2.1238
1.8689
1.7556
1.6424
1.5857
1.8123
4.1626
1.8406
1.6707
1.5574
2.9166
6.3147
2.4636
2.8600
3.2281
3.0016
4.4174
10.9020
7.7588
4.4174
2.9450
2.3786
2.1521
2.0671
2.0105
2.7467
9.0331
8.1553
4.3891
2.7467
3.0865
3.3131
2.5768
2.9450
2.4636
2.0954
2.1238
2.0954
2.1238
1.8972
1.6990
1.6424
1.5857
1.6424
1.6707
2.0671
2.1521
2.7467
6.5412
2.0671
1.8406
1.9255
4.1059
4.7855
2.8600
2.0954
1.9255
2.2370
2.8317
2.7184
2.3786
3.6529
2.2937
2.2653
1.8689
1.7556
1.6707
1.6141
2.4636
1.6141
1.5291
2.0105
1.8689
2.1238
1.5857
1.5857
4.7289
2.1804
2.8883
1.7840
1.6141
6.2014
2.4352
2.0671
1.7840
2.2653
6.6261
8.9764
4.6440
2.5768
3.4830
3.1998
4.1626
2.3786
2.4352
5.8333
5.8616
6.8244
3.6529
2.9450
2.4919
2.3220
2.4636
1.9822
1.8406
1.7556
1.8406
1.6990
1.6141
1.5857
1.5574
1.5574
5.5218
1.8972
2.0671
2.1238
3.9360
2.4636
2.1804
1.9822
1.6990
1.5857
1.5008
1.4158
1.6141
1.4725
1.4158
1.4158
1.5291
1.5008
1.3875
1.5008
1.6141
1.6990
1.4158
1.3309
2.6335
1.9539
1.4725
1.6707
1.4158
1.6990
2.0105
2.5768
3.1149
1.8123
1.7840
1.6707
1.5857
2.1521
1.8972
1.6707
1.8406
2.4919
3.0582
2.4352
1.9539
1.6990
1.5291
1.5008
1.3875
1.4725
1.3592
1.3592
2.1521
6.5695
5.4368
3.3131
2.4069
2.5768
2.1521
1.7840
1.5291
1.8123
2.0105
3.5396
1.9539
11.1568
4.9838
3.0016
8.8349
11.1285
10.1657
8.5517
7.2208
3.9927
3.3414
2.6618
2.4636
2.4636
1.9822
1.8123
1.6990
1.6424
1.6424
1.5574
1.4725
1.4158
1.4725
1.4442
1.6424
1.5291
1.3592
1.3026
1.2743
1.4158
1.3592
1.2743
1.2743
3.0582
1.5291
1.6424
1.7556
1.4158
1.3026
2.0671
1.9539
1.5008
1.6424
5.1820
4.8139
3.8794
2.0105
1.8689
1.6141
2.1804
1.8972
5.4368
8.0986
3.1432
3.0299
2.5485
1.9255
1.7273
1.6424
1.5574
2.2653
2.3786
4.6440
2.0671
1.8972
1.9255
1.9539
1.9539
1.7273
2.0671
1.8972
2.8883
5.0404
2.3786
2.8600
2.1238
1.7556
1.6707
1.6141
1.4725
1.6141
2.7751
2.7751
1.9539
1.7273
2.3503
2.0954
1.6707
1.6990
6.6545
6.7111
3.9077
7.7871
2.7751
2.5768
2.9733
2.9733
2.0671
2.0954
1.8406
1.9822
1.7273
1.5857
1.5008
1.5574
1.4158
1.7556
1.5008
1.3592
1.7556
2.1804
2.4919
3.9077
2.4919
12.0347
6.5412
9.6277
10.9586
10.5622
8.1836
3.5962
3.8511
2.8317
2.4636
2.9733
2.0388
4.9838
2.2087
2.0671
1.8123
2.0671
1.6141
2.0105
2.1804
2.3220
1.7840
1.5574
1.9539
1.5291
1.4158
1.4158
1.4725
1.5008
2.2370
1.6424
1.6424
1.4442
3.4263
1.8972
1.5291
3.7661
11.2135
7.4473
3.2848
2.8600
2.2653
1.8972
1.6990
1.7840
1.5574
3.5113
5.7483
7.5889
3.5679
4.0776
5.5501
2.7751
2.3786
2.2087
5.5501
6.8244
18.6042
9.5428
6.2297
3.9360
2.9733
2.6051
2.3220
2.0954
1.9255
1.9255
1.8406
1.8123
2.2937
3.6529
6.3430
3.3414
2.2937
2.0388
2.4352
2.2653
2.3220
3.1998
3.4263
3.6246
5.4368
3.8228
6.7394
2.8317
2.5768
2.3220
2.1804
2.1238
1.9255
1.9255
2.2937
1.6990
1.6141
2.2653
1.6424
1.6990
2.7751
1.7556
1.6141
1.8123
1.8972
1.6990
1.7556
3.5679
7.3057
7.3057
3.3980
4.0776
10.4206
4.8139
2.6618
2.3503
2.6335
6.1731
3.1149
2.2653
2.0388
2.5202
1.7273
1.6424
1.6141
1.7556
3.0299
4.6440
2.7184
2.0105
3.9077
3.8511
2.1521
1.8123
1.9822
1.8123
2.6618
1.8972
3.6246
2.2653
2.4919
2.9450
1.8689
1.7840
3.5113
4.3042
5.9182
3.9360
2.3220
1.8972
1.7556
1.7840
1.6990
1.6424
1.6424
1.6424
1.5857
1.5291
1.7840
1.5574
2.4352
1.9822
2.6335
1.5857
1.5857
1.7840
1.8123
1.5857
1.5291
4.3891
1.8406
1.7840
1.6707
1.6141
2.2653
1.7840
2.3786
1.9255
1.6424
1.5574
1.5291
1.5291
1.6424
3.1432
3.1715
2.2087
1.6707
1.5857
1.5291
1.5574
7.2208
4.2192
2.7184
2.9450
1.9255
1.6707
1.6424
1.6141
1.5574
1.5574
1.6141
1.5291
1.7840
1.7840
1.5008
1.4725
1.4442
1.4442
1.4158
1.4442
1.4725
1.4158
1.3875
1.3592
1.4158
1.3592
1.3309
1.3309
1.3309
1.3309
1.3309
1.3309
3.6246
2.6051
10.4206
3.7661
1.9822
2.7751
1.6707
2.2653
3.0016
4.0776
3.6812
2.7467
1.9539
1.9255
1.7556
2.3220
1.8406
5.7766
5.8333
5.1820
3.2564
2.2937
3.0016
2.2653
2.1804
2.9450
1.8406
2.2653
2.3786
1.8406
4.1059
3.9077
3.1149
7.1358
5.4652
6.2580
5.1820
4.3042
2.9733
2.3503
2.0671
1.8972
1.7840
1.6424
1.6990
1.7273
1.5291
1.6990
3.3980
2.4069
1.8123
4.9554
19.1422
12.4311
3.8511
3.9644
2.5768
2.2937
2.0388
3.7095
2.0954
1.8972
1.7273
1.8972
1.9539
1.6424
1.6424
1.9822
2.2653
1.6424
1.5008
1.4158
1.4158
2.7467
2.3786
1.4725
1.3875
1.3309
1.3026
1.3592
1.2743
1.2459
1.2743
2.1521
3.2281
1.4725
1.3592
1.3309
1.4158
1.2459
1.6707
1.3309
1.2176
13.4505
3.5679
1.9539
1.6424
1.5008
1.4158
1.3875
1.4158
1.3309
1.3026
1.2459
1.2176
1.2176
1.2176
1.1893
1.2743
1.6990
1.2176
1.1610
1.1610
1.1610
1.1327
1.1044
1.1044
1.0760
1.0477
1.0760
1.0760
1.1327
1.8123
2.8034
2.2087
2.8317
1.5291
1.7273
1.3309
1.6707
1.2459
1.1893
2.0671
3.2848
1.9255
1.3592
1.2743
2.3503
1.8123
1.4158
1.2459
1.1893
1.1610
1.2176
1.1327
1.1044
1.1327
1.1610
1.0760
1.0760
1.0760
1.0760
1.0477
1.0194
13.3939
8.1836
2.8034
1.8972
1.6141
2.9450
3.7095
1.8123
1.5857
1.4725
1.3875
1.3309
1.3026
1.3309
1.5008
1.2459
1.2176
1.1893
1.1610
1.1327
1.7273
1.4158
1.2176
1.1893
1.1327
8.0703
1.8689
1.5008
1.4158
1.2743
1.2176
1.1893
1.1893
1.1893
1.1327
1.1610
1.7556
3.5396
1.7556
8.8915
6.0315
10.9586
11.5250
5.6917
3.5113
2.9450
2.2937
2.1238
1.8972
2.8600
2.0105
1.7556
1.5857
1.5291
3.6812
5.9182
4.4741
2.6618
2.0671
1.8406
1.7273
1.6424
7.0792
12.2329
8.7216
4.0210
15.7158
4.5024
3.0582
2.4919
2.1804
1.9822
1.8689
1.7840
2.0388
1.6424
2.2653
2.1804
2.3786
2.3503
2.0388
2.0954
2.8600
1.7273
1.6707
1.6707
2.2370
1.9255
3.4263
2.2087
1.7273
1.5857
1.4725
1.6424
1.6990
1.6707
1.4442
1.4442
1.4442
1.3592
1.8972
1.7556
1.4158
1.3026
1.6424
1.3309
1.9255
1.6990
1.9822
3.2281
2.2370
1.6424
1.5857
1.5857
1.5857
1.4158
1.3592
1.9539
3.2564
2.4352
2.4636
3.0865
2.5768
1.9822
2.2370
2.2087
2.1238
2.5485
3.6246
2.5768
1.9539
1.7840
1.9822
3.0865
9.5145
2.5485
2.1804
1.8972
1.6990
1.6424
1.5857
1.5857
1.8406
2.9450
4.4174
7.6172
6.4846
3.7661
3.6529
3.5396
2.5768
2.1804
2.4352
4.2758
5.8333
2.9733
2.3786
15.6309
23.8711
4.3891
3.9644
4.4174
5.5218
3.7378
5.3519
3.0582
2.4352
2.3786
2.5485
2.6901
4.3042
2.2937
2.3220
2.3503
2.8883
4.1059
2.8600
4.0210
4.7289
2.9450
6.0881
6.1448
3.3980
3.5396
2.6335
2.4636
2.2653
1.9822
2.0105
2.0105
1.8972
1.7273
2.2087
1.9539
1.6707
1.5857
1.5291
1.5008
1.4725
1.4442
2.3786
1.8689
5.0970
1.7840
1.6707
1.5574
4.3891
5.4652
16.0557
6.3147
5.6917
2.8034
2.4352
2.9166
2.6051
2.6335
2.1238
2.2653
1.9822
1.7840
1.7273
1.6707
1.5857
1.7556
1.6707
1.5291
2.4636
1.7840
1.5291
2.8600
1.6424
1.4725
1.4725
2.6618
2.4919
4.8422
2.6618
2.2937
2.2937
3.0299
2.7751
5.6634
3.1432
2.1521
1.8972
1.7556
1.6424
1.6424
1.5857
1.5291
1.4158
1.6141
3.6812
3.6246
1.9539
1.6707
1.8689
1.7273
1.5008
1.9822
1.7556
1.4725
1.3875
1.3592
1.3309
1.4442
1.4442
1.3026
1.2743
1.2459
1.3309
1.3592
1.3592
1.5008
1.2743
1.2176
1.2459
1.3026
1.2459
1.1610
1.1610
1.1327
1.1610
1.1610
1.1327
1.1610
1.1610
1.1327
1.1327
1.1327
1.2459
1.8689
1.2176
1.2459
1.2459
2.2653
2.9166
5.2386
4.1059
3.7661
1.8689
6.7111
2.4352
1.8972
2.2370
2.0388
1.5857
1.5574
2.3786
1.5291
1.4158
1.3592
1.3309
1.2743
1.2743
1.6990
1.2743
1.2176
1.2176
1.1610
1.1610
1.1327
1.1327
1.1327
1.2459
1.1327
1.1044
1.0760
1.0760
1.0477
1.0477
1.0477
1.0477
1.1327
1.0760
1.0194
1.2743
1.1044
1.0760
1.0760
1.0760
1.1044
1.2743
1.9822
1.2743
1.3875
1.1893
1.1327
1.3875
1.1893
2.7184
5.4935
2.6901
2.0105
1.6424
1.4725
1.3026
1.2176
1.1610
1.1327
1.1893
1.3026
1.2176
1.1327
1.0760
1.1044
1.2176
1.0760
1.3309
1.1327
1.3309
1.6990
1.9255
5.3236
5.2669
3.3980
2.7467
1.7273
2.3220
4.5024
1.9822
2.3786
1.9255
1.9255
1.8123
2.6335
3.2281
2.0954
1.6707
1.5008
1.4158
1.5008
2.9166
1.9255
1.5008
1.3592
1.3309
1.2459
1.2176
1.1893
1.1610
1.2459
1.2176
1.1044
1.1610
3.6812
2.2370
2.4919
2.0954
1.4725
1.2743
1.2459
1.2176
1.1893
1.1327
1.1610
1.1044
1.1044
1.1044
1.0477
1.1327
1.0760
1.1893
1.9539
1.2176
7.5889
6.5129
2.4636
2.4919
2.7751
2.8034
3.0865
2.4636
2.6901
2.5768
3.3980
4.7572
2.4636
1.8972
2.0388
1.6707
2.1238
1.7556
1.6141
2.6618
5.3802
3.8794
2.1238
1.8123
1.6424
1.5857
1.4725
1.4158
1.3309
1.3592
1.2459
3.6812
2.2653
1.5291
1.2743
2.0105
1.8123
1.4158
1.2743
1.2176
1.1610
1.1327
1.1610
1.7840
1.2176
1.4725
1.1893
2.3786
2.1804
3.9077
1.8406
1.5008
1.3875
1.4158
1.9539
9.9392
2.6901
2.8600
2.8883
2.1238
1.8123
1.5574
1.7556
1.5574
2.3786
1.5291
1.3592
1.2743
1.2176
1.1893
1.5857
2.2087
1.4442
2.9733
5.8899
1.7840
1.5008
1.5857
1.5008
1.3026
1.2459
1.2176
1.3026
1.2743
1.1610
1.5857
1.3026
1.1610
1.3875
2.9450
2.4919
5.0404
2.8317
4.6156
9.5145
9.5994
3.2848
2.1521
1.8689
1.6424
1.5008
1.6141
1.3875
1.3309
1.6424
2.9450
3.6246
2.2370
4.0493
2.9733
1.7556
1.5291
1.4158
1.3875
1.8123
1.9822
2.6335
3.8511
6.7111
5.9465
2.9450
2.2653
10.6755
13.1390
11.2701
3.8511
3.4547
2.5768
3.5396
2.2087
1.9255
1.8406
3.4830
2.2087
1.9255
1.8689
1.8689
2.6901
1.6990
2.8317
3.7945
2.8883
5.5501
4.0776
4.3608
2.5768
2.3220
3.1715
3.9644
4.9554
4.7572
2.4636
2.0954
10.2790
4.8988
5.5501
3.6246
3.6246
2.8600
2.4352
2.6335
2.1804
4.5024
2.8883
2.4069
2.8034
2.2653
2.0671
4.5024
12.5160
12.5160
5.5501
6.7111
9.0614
4.1059
7.7022
3.3414
2.8600
2.5202
2.2653
1.9822
4.7006
5.3519
3.4547
2.2370
1.9822
2.5485
2.7467
1.8972
1.6990
1.6424
1.7840
2.7184
2.0671
1.6707
1.8972
1.8972
2.6051
3.6812
8.1836
2.8883
4.9271
2.1804
1.9255
2.3786
2.4636
2.2087
2.0105
1.9255
1.8123
2.8600
2.9733
3.0016
2.5485
2.1804
2.8600
4.0210
2.5768
2.7467
2.0671
1.7840
1.6990
2.0105
1.7556
1.6141
1.6707
2.9450
9.0331
3.8228
2.2087
1.8689
1.7556
1.7556
2.6335
1.9255
1.6424
1.5574
1.6707
1.4725
2.0105
1.9255
1.4725
1.4158
1.5574
1.4158
1.3875
1.3592
1.3026
1.3026
1.2743
1.3026
1.3309
1.2459
1.2459
1.2176
1.2176
1.2176
1.1610
1.1610
1.1327
1.1327
1.1610
1.1610
1.2743
2.4636
1.2176
1.1893
1.3026
2.2653
1.3875
1.2176
1.1610
1.1327
1.1610
1.8123
2.8600
1.5857
1.3026
1.2176
1.1893
1.1610
1.9255
1.5291
1.4158
1.4158
1.2176
1.3592
2.8600
6.0315
1.8972
1.5291
1.3875
1.3026
1.2743
1.7273
3.8228
5.8616
5.0687
2.4069
1.8123
1.8689
1.9539
1.8123
1.5574
5.1820
8.3535
3.4547
2.5202
7.0226
4.7855
3.2564
4.5307
5.6634
8.4667
4.1626
3.0016
9.3446
7.7588
11.0436
4.3891
3.1432
3.0582
3.5396
7.9854
4.0210
3.0865
3.4263
2.3786
2.0954
1.9539
1.8972
2.2370
3.4263
3.8228
2.2937
1.8972
1.7556
2.1238
3.5962
10.2507
9.2313
6.3430
4.5590
4.5590
3.1149
2.6051
2.2653
2.0671
2.4069
2.3220
2.3786
1.9822
7.3907
11.1285
13.7620
6.0315
6.4846
4.3042
3.2564
3.0299
4.5024
5.2103
3.1432
2.1804
2.1804
2.7751
2.0954
2.7184
1.8972
1.9822
1.7273
1.6990
1.9822
1.6141
1.5008
1.5008
2.4352
2.2370
3.2281
2.6618
2.0671
1.8406
1.6424
1.5291
1.6141
5.8333
1.9539
2.0388
1.6990
1.8123
2.7467
1.6424
1.5291
1.5857
1.5291
1.5574
1.5008
1.4442
3.2281
6.3996
2.3786
3.4830
2.0105
2.3786
4.4174
4.7855
2.4919
2.4919
11.8364
3.7378
2.5768
2.2087
1.9822
1.8406
1.8123
1.8972
4.8988
5.6067
3.7945
2.4636
2.0954
2.5768
2.1238
2.3220
1.6990
2.1804
3.2564
2.0105
2.1521
1.9539
3.1998
2.7467
2.2370
2.0671
1.7556
1.6424
1.5574
1.5008
1.4725
1.4442
1.4158
1.4158
1.8689
4.3891
2.0105
1.5291
1.4158
1.3875
1.8972
1.6707
1.8406
2.1238
2.0388
5.6634
3.5396
1.9255
1.9255
1.6707
1.8972
2.0671
1.7840
1.6990
1.5574
3.6812
1.9255
1.6141
1.5574
1.9822
2.1238
5.2953
2.2653
1.7840
3.4547
2.6618
1.8123
2.2370
1.6424
1.5291
1.6990
2.5485
1.6424
2.4636
2.0388
1.6141
1.5008
1.4725
1.3875
1.3592
1.6141
2.5202
1.5857
2.0388
1.4442
1.5291
4.6440
16.8768
12.8842
19.6802
3.7095
2.6618
2.2937
3.1998
2.4919
2.2937
1.8406
1.6707
1.5857
1.5857
2.9450
1.8972
1.6141
1.5857
2.0105
2.1804
1.9539
1.8406
2.0388
1.5857
1.5008
1.5574
1.5008
1.4725
1.5008
1.3592
1.5857
3.3697
1.8406
1.4725
1.3875
1.4442
1.4725
2.2653
3.4263
1.6990
1.5574
1.3592
1.3309
1.3026
1.3309
1.3026
1.3026
1.3026
1.2743
1.3875
1.3026
1.7840
1.5291
1.3026
1.5008
1.6424
1.5857
1.4442
1.3592
1.3309
1.3026
1.3026
1.5008
2.4352
2.5768
2.7751
2.5202
2.0105
2.0388
1.6990
1.5574
1.4442
1.4158
1.3309
1.3309
1.2743
1.5574
14.6964
12.5444
2.5768
2.1804
2.0388
1.6990
8.1269
36.2456
8.9764
4.0210
2.2653
1.2176
1.0194
1.0194
4.8705
2.2087
3.9644
5.0404
1.9822
3.5396
1.5291
4.4174
6.1731
3.5962
2.7467
2.6051
3.2281
2.7751
2.1804
4.0210
5.0687
3.2848
4.1059
3.9927
11.4683
17.8679
46.4396
10.7887
5.1537
3.6812
3.1715
3.3697
2.6618
2.4919
10.8170
6.4846
3.4830
2.7184
2.5768
2.4352
2.0388
1.8123
1.7556
1.6707
1.5857
1.5574
1.5008
1.7273
1.4725
1.4442
1.4442
1.3875
1.3592
1.4158
1.5008
1.7840
2.6901
2.6901
3.3697
2.6618
4.8988
4.6440
2.4636
1.7840
1.8972
1.5857
1.4725
1.6707
1.3592
1.3309
1.3875
1.6424
1.3875
1.7273
1.7840
1.4158
1.2743
2.2653
1.4725
1.3309
1.3309
1.2459
1.2176
1.2176
1.7556
2.6051
1.4725
1.2743
1.2459
6.4279
11.4683
9.8543
3.2281
2.2370
1.8689
1.6990
1.5857
1.4725
1.4442
1.7556
1.8123
1.5857
1.6990
1.8689
5.3236
2.5768
4.6440
5.2953
2.4636
2.3786
3.1432
3.8511
2.6901
3.3980
3.5679
2.1804
3.8511
2.5202
2.7467
1.8689
2.0105
1.6707
2.7467
2.6901
2.6901
2.0105
2.8883
2.3786
3.0016
2.1804
1.8689
1.6707
1.5857
2.8034
3.1149
2.2653
1.6990
1.8406
1.5008
1.4442
1.3875
1.3592
1.3309
1.6141
1.3592
1.4442
1.3026
1.3592
3.6246
1.5857
2.9450
3.6246
3.5113
3.8511
3.2564
1.9822
5.2669
2.3786
1.7273
1.6141
1.5008
1.5857
3.6529
2.0671
1.5857
2.5202
3.5113
2.6618
6.2863
8.8065
3.0299
2.4919
3.3414
1.8406
5.2669
22.6535
5.8050
3.5679
2.3786
2.0388
1.8123
1.7556
1.5857
1.5291
1.7840
1.6424
2.9166
1.6141
1.5291
1.5857
1.8406
1.7840
2.5202
4.9838
1.9822
1.6990
1.5008
1.5291
2.5202
6.5412
2.1521
3.0016
3.6529
3.3980
3.6246
5.5501
3.6529
2.4919
3.4830
2.0671
3.2281
6.2014
2.2937
1.9822
1.8123
1.7273
4.9271
3.3980
3.5962
2.1238
2.0671
2.0671
1.8123
1.6424
1.7556
1.5008
2.0105
1.5291
1.4442
1.3309
1.5574
1.6141
1.3309
1.3875
1.4442
2.5768
5.8899
2.9450
3.4263
2.5202
2.4352
4.7855
2.4352
2.3503
5.3802
19.8784
3.2848
2.3786
2.1521
2.1238
3.3980
1.9255
1.8406
1.6990
1.5857
1.6990
4.2475
2.4069
1.7840
1.6707
1.9539
2.1804
1.8123
2.6618
4.7855
2.2653
7.0226
15.5459
3.5679
2.4636
2.1804
2.0105
1.8406
2.1521
2.0105
2.1804
2.3503
2.0954
1.8123
1.8406
1.5574
1.5008
1.5008
2.0671
2.2653
2.1521
1.5291
1.4442
1.4158
1.3592
1.4725
1.4158
1.3592
1.6424
2.3786
1.9539
3.9644
2.2653
1.5857
1.5574
1.4442
1.3875
1.3875
1.5008
2.2653
1.6707
1.5291
1.3592
1.3309
1.3309
1.4158
2.0105
2.7467
2.1238
1.4725
1.3875
1.6990
2.2370
3.5396
1.6707
1.6424
1.4442
1.8406
2.5768
1.7840
1.5857
2.2087
1.6141
1.4442
1.3875
1.5008
2.0671
1.5574
1.3592
1.3309
2.0671
1.3026
3.0016
3.3414
2.0105
1.5291
1.5291
1.6424
1.4725
1.4442
3.0865
1.6141
1.5291
1.5008
1.3875
1.3309
1.3026
1.3026
1.2743
1.2743
1.3026
1.6990
1.4158
1.4442
1.4725
4.4457
2.3220
3.6246
2.2653
2.7467
1.7840
1.5857
1.4725
1.3875
1.3875
1.3309
1.3026
1.2459
1.2459
1.3026
1.2176
1.2176
1.1893
1.1610
1.1327
1.1327
1.1610
5.5501
6.1731
2.7184
1.7273
1.5857
1.4725
1.6990
2.4069
1.7840
1.6990
1.5008
3.2281
1.5574
1.4158
1.3592
1.3026
1.6424
1.3309
1.2743
1.2176
1.4158
1.5291
1.2176
1.1893
1.1610
1.1610
1.1327
1.1327
1.1044
1.1044
1.1044
1.1327
1.2743
1.1610
1.1044
1.0477
1.0477
1.0477
1.0477
1.0477
1.0194
1.0194
1.1327
1.1327
1.0477
1.0760
1.0477
2.3503
1.1044
1.1327
1.1610
1.0477
2.2653
3.2848
2.8034
1.5008
1.8689
1.5291
1.9539
3.3131
1.6990
1.6990
6.6261
2.5202
1.8406
29.4495
4.0776
2.9450
16.9618
4.8139
2.8883
6.1731
5.0687
14.3566
12.7426
3.6246
2.5768
2.2653
1.9822
1.7556
1.6707
3.1432
8.7216
2.3786
2.7751
2.9733
1.8406
1.7840
1.6141
1.6424
1.5008
1.4158
1.3875
1.3309
1.3309
1.4158
1.5008
3.8228
6.1731
4.8705
2.0671
1.8123
1.7273
1.6141
1.5008
1.4725
1.3875
1.4725
1.3592
1.4442
1.8689
2.5202
1.8972
1.9822
1.5291
1.6141
1.4442
2.1521
1.8406
1.4158
1.3026
1.3592
1.2743
1.2176
1.3875
1.2176
1.1610
1.1327
2.5202
4.9838
3.3697
1.6141
3.2564
2.6901
1.6707
1.6141
4.3891
1.7556
1.7556
4.1059
2.3503
1.6707
2.0388
1.5574
1.5857
4.8988
4.4174
3.7661
2.0671
1.6990
2.0954
1.6141
1.4442
1.8972
1.4725
1.6141
1.3875
1.3026
1.2743
1.2459
1.2176
1.2743
1.5574
2.2370
1.4725
1.3875
1.4158
1.8406
1.6707
1.5574
2.9166
1.4725
1.3026
2.2937
1.5008
1.7840
1.3875
1.5574
1.3309
1.4725
2.4919
1.3592
1.5291
1.5574
1.9822
1.7840
1.3875
2.9166
1.7273
1.9539
2.7751
3.4263
3.1998
6.2297
3.3980
2.2653
1.7840
1.6990
2.5485
1.8123
2.6618
2.5485
3.3131
1.7840
1.6707
1.5291
1.4442
1.5008
2.8317
3.4263
2.2653
5.0404
12.7426
3.5962
3.3414
2.5485
1.8406
1.9539
1.7556
1.5857
1.4725
1.5857
1.3875
1.3309
1.3026
1.3026
1.4725
1.6424
1.3875
1.3592
1.3309
1.4725
1.3309
1.8123
1.3309
1.3309
3.1432
1.8406
1.3875
1.4442
1.6707
1.6424
1.6141
1.9822
2.0954
1.8123
1.6424
1.5291
2.6618
1.6141
1.4158
1.6141
1.3309
1.3309
1.2459
1.2743
1.2459
1.1893
1.1610
1.1610
1.1893
1.2743
1.2176
1.2459
1.1610
1.8406
2.2653
2.0954
1.3026
1.2743
1.3309
1.4725
1.2459
1.1610
1.1044
1.1044
1.1044
1.0760
1.0760
1.0760
1.1044
1.1893
1.2743
1.1044
1.0477
1.0477
1.0194
1.0477
1.0194
1.0194
1.0194
1.1044
1.0477
1.1044
1.5008
1.3026
3.2281
1.7273
1.3309
1.1610
1.1327
1.0760
1.0477
1.3309
3.5396
2.1238
1.6424
5.0970
4.2192
4.1343
4.4741
1.7556
1.5291
1.5857
2.1238
3.1432
1.7556
5.2386
2.3503
4.0776
1.8972
1.7556
1.5008
1.9539
1.4725
1.3592
1.3309
1.4158
1.3592
2.3786
1.5574
4.0210
4.8705
3.7095
2.5485
2.1804
1.7273
1.5291
1.4442
1.8972
1.8689
2.5768
1.5574
1.8406
3.7095
8.3535
4.0210
2.5768
1.9255
1.6707
1.5574
1.5857
1.4442
1.3875
1.3592
1.8689
1.3875
1.3309
1.2459
1.3592
1.9539
1.3592
1.4725
1.5857
3.9077
4.3042
5.9465
12.8275
3.1149
2.2087
1.8123
1.6707
1.5857
1.5008
1.4442
1.4158
1.3875
1.3309
1.3592
1.3026
1.2743
1.2459
1.2176
1.2176
1.2459
1.2743
1.7840
1.2743
2.2653
2.2653
1.2743
1.2176
1.3026
1.2176
1.1610
1.1327
1.1327
1.1044
1.1044
1.0760
1.0760
1.0760
1.0477
1.0477
1.0477
1.0477
1.0477
1.1044
1.2176
1.0477
1.0194
1.0194
1.0477
1.1610
1.0760
1.0194
1.0477
2.6901
1.1044
1.0477
1.0194
0.9911
1.2459
1.1044
3.1432
1.4158
1.3309
1.6424
3.0582
5.0404
1.7840
1.5008
5.2953
3.7378
3.6812
3.8511
5.6351
3.0865
3.9360
5.0121
2.3786
2.0105
1.8972
1.7840
1.6990
1.7840
1.4725
2.9450
3.2281
2.8034
2.4636
1.8972
1.6141
1.4725
1.4158
1.6424
3.5113
6.5412
8.0986
4.2192
10.6755
3.7378
2.5768
2.6901
9.6560
3.5113
4.5024
13.7054
5.6917
3.0299
18.8307
4.7289
3.0865
2.5768
2.5768
2.1521
4.2475
6.4279
4.1059
2.9733
2.3786
2.0671
1.9255
9.0614
15.7158
4.1626
7.8438
5.5218
6.0881
4.5873
3.4263
2.8883
4.2192
3.5679
2.9166
2.5768
2.4069
2.1804
2.0388
2.2937
2.0105
1.8123
1.7273
1.6424
1.5857
1.5291
1.5291
2.3786
1.9255
1.5574
1.5008
1.4158
1.6141
1.4158
1.3592
1.3026
1.2743
1.2459
1.2176
1.2176
1.2176
1.2176
1.2176
1.1893
1.2176
1.3309
1.6141
1.5008
1.2743
1.3026
1.3026
2.0671
1.2459
1.2459
1.3875
1.5008
2.6618
1.5291
1.2743
1.2176
1.1610
1.3592
1.4442
1.3875
1.3875
1.2743
1.1893
1.5857
1.8406
1.7840
1.3592
1.2459
1.1893
1.1610
3.0865
3.4263
1.6707
1.5008
1.3592
1.2459
1.1893
1.2176
1.1610
1.3592
1.1610
1.1327
1.1327
1.1893
2.2653
1.2743
1.3592
1.1893
1.2459
1.1893
1.7840
4.7006
4.7572
3.9927
3.0299
1.7840
1.5291
1.4158
1.7273
1.5291
1.8972
3.0016
1.5574
1.4442
3.7378
4.0210
1.9255
3.5113
4.4457
2.3220
1.9255
2.1804
1.6707
2.9450
3.0016
2.6618
2.1804
2.4352
2.3220
2.2653
1.8406
1.8972
1.6990
3.9360
3.1432
1.9539
1.6990
1.6707
2.0388
1.7556
1.5008
1.5291
1.4442
1.3592
1.3875
1.5008
1.8972
1.5008
1.7840
1.3875
1.4158
1.2743
1.3309
1.2459
1.3592
8.9481
2.6901
1.7556
1.6141
1.4158
1.3309
1.3026
1.2743
1.5291
2.7184
1.6707
1.3592
1.6707
1.4442
3.0016
1.6707
1.5008
2.2370
1.9539
1.4725
1.3592
1.3309
1.3026
1.2459
1.2743
1.2176
1.1893
1.1610
1.1327
1.1327
1.1893
1.2176
1.2459
1.7840
1.3592
1.5574
1.5574
1.8123
1.5008
9.9958
17.1317
3.6812
2.5768
2.2937
2.0671
4.4174
6.8810
2.7751
2.3786
5.0970
2.3220
2.0954
1.8689
1.6990
2.4352
3.9360
5.3802
2.8883
2.2087
1.8972
1.9822
2.2653
1.8689
1.5574
1.3875
2.2653
1.4158
1.4725
1.4442
2.4636
1.4158
1.3592
1.2743
1.2459
1.1893
1.1610
1.1327
1.1044
3.7378
1.5857
2.7467
18.0378
20.9828
6.3430
3.0582
8.2968
5.3519
3.0299
2.5202
2.0954
1.8689
1.7273
1.5857
1.5291
1.4442
1.4158
1.3592
1.3592
1.3875
1.4158
1.4442
1.2459
1.2176
1.1610
1.1610
1.2176
1.1610
1.1044
1.1044
1.0760
1.0760
1.3309
1.6424
4.1343
5.8616
1.7556
1.4158
2.3786
4.6440
1.6141
1.4158
1.3309
1.4442
3.2564
1.6707
1.4158
1.3026
1.2459
1.2743
3.5113
5.3802
3.4263
3.2281
2.4919
1.8123
1.6141
13.3939
5.6634
15.1212
16.1972
9.4012
8.8349
16.7636
6.4279
12.6859
5.1253
3.1998
2.6618
4.0210
2.3503
2.2087
2.7467
2.9166
1.9822
4.0776
4.7006
2.0954
1.8972
1.7556
1.6707
1.5857
1.5291
1.4725
1.7273
1.4158
1.3875
1.3026
1.3026
1.3026
1.3309
3.4547
1.4158
1.6424
1.6424
2.0388
1.4158
1.7556
1.6990
1.9822
3.5113
2.6618
5.2103
2.3220
4.8988
3.6246
5.4085
2.8317
2.4069
1.9822
2.3786
2.3503
2.6618
2.2653
3.6246
3.2281
3.0016
6.3430
5.3236
3.0582
3.8228
6.4279
3.0299
4.0493
2.7467
3.3414
3.6246
2.6618
2.0671
1.8972
1.7556
4.4741
2.4352
2.0105
8.9481
8.7499
8.3535
14.2717
10.1091
6.1448
3.2564
4.7006
14.7248
3.3414
3.1432
2.5202
2.3786
2.2653
3.1998
2.3220
2.0671
3.0016
1.8689
1.7556
1.6424
1.6141
1.5574
1.5291
1.4725
1.4442
1.3875
1.3875
1.3592
1.3309
1.3309
1.2743
1.2743
1.2459
1.2743
1.2459
1.2176
1.2176
1.2176
1.2176
1.2176
1.1893
1.1610
1.1327
1.1327
1.1327
1.1044
1.3026
1.5574
2.5202
2.6618
1.3309
1.2459
1.4725
3.0582
1.6707
1.3875
1.2743
1.6707
1.4442
3.8794
1.4158
1.3026
1.2743
1.3592
1.6707
2.8883
2.2087
2.2653
1.8406
2.6051
1.7556
1.5291
1.4158
1.3309
1.5857
2.6051
1.8689
2.0671
1.4725
2.6051
2.3503
1.9822
4.1626
2.8317
1.8406
1.6141
1.9539
2.0388
1.8689
1.5857
3.3980
3.0582
2.3220
2.0954
1.7556
4.8705
9.6844
2.2937
1.9255
1.9539
1.9255
2.3220
6.9093
3.9360
2.7467
2.4919
2.0105
4.9554
3.3414
3.7945
2.1804
2.4636
2.7467
2.0671
1.9255
2.0105
1.8972
1.6424
1.9539
2.5485
1.7273
1.8406
1.8972
2.8034
1.7273
1.5574
1.8972
1.4725
1.3875
1.3875
1.8972
1.8689
2.0105
1.9822
1.9539
1.5857
4.1909
1.8972
1.8123
2.4919
1.7273
1.9539
1.6707
2.4352
1.9255
1.5857
1.5008
1.4158
1.3875
1.3592
1.4442
1.5008
2.0954
1.9822
1.6141
1.4158
1.4158
1.3875
1.3026
1.3026
1.2459
1.2176
1.2176
1.1893
1.6141
1.8972
1.3592
1.2743
1.2176
1.2176
1.4442
1.4158
1.3309
1.1893
1.7273
1.3026
1.5008
1.2176
1.1610
1.1610
1.1610
1.1327
1.1327
1.1610
1.3309
1.1610
1.1893
1.1327
1.7273
1.7840
3.1149
1.3875
4.7855
2.4919
1.8689
2.2653
2.2087
1.8972
1.5291
1.4442
1.5857
5.8899
3.3697
1.9539
1.7556
1.7273
1.9822
2.0954
1.9539
7.5889
20.8412
16.1123
3.9360
2.4352
2.1238
2.7467
1.8406
1.6424
1.5008
1.5574
1.3592
1.3309
1.2743
1.2459
1.2743
1.7840
1.5008
4.5024
1.7840
1.3875
3.9360
2.0105
1.7556
19.1422
20.0200
5.0970
8.3252
3.1715
2.1521
5.7483
4.7289
8.7782
3.0865
8.4101
5.9749
8.7782
4.9838
8.6083
13.8753
17.9812
6.2014
5.3519
3.5396
2.5485
2.0954
1.8406
1.6990
1.6141
1.7556
1.5008
2.2937
2.4919
3.0582
2.3503
1.6141
1.8123
1.6990
1.4442
1.4158
1.3592
1.2743
1.2459
1.2176
1.3875
1.3592
1.1610
1.1610
1.1327
1.1327
1.1044
1.0760
1.0477
1.0760
1.1327
1.2743
1.2459
9.0331
2.5485
1.3592
1.2176
1.1610
1.1327
1.1044
1.0477
1.1610
1.1893
1.1327
1.1044
1.1327
1.1044
1.0760
1.0477
1.0760
1.0477
1.0477
1.0760
0.9345
1.0760
1.0194
1.0760
0.9911
0.9628
0.9628
0.9911
1.0477
1.1893
1.6141
1.1327
1.0760
1.5291
2.8883
2.0671
1.3026
1.1327
1.3875
1.5574
1.1610
1.0760
1.0477
1.0194
1.0194
1.0194
0.9911
1.7273
2.0954
1.5857
1.1327
1.3592
1.3875
1.1893
1.1610
2.0671
1.3309
1.8972
7.7588
6.0032
4.2475
5.2669
3.0299
3.2848
2.0954
3.9927
2.3786
1.8406
2.1804
2.9450
2.6618
2.9450
2.2937
6.0881
2.8600
2.1238
1.8123
1.6990
1.6707
1.4725
1.4442
1.5857
1.5008
1.3309
1.6990
1.4158
1.5291
2.3786
1.4442
1.3309
1.3026
1.2176
1.2176
4.5590
7.5323
6.8244
3.2848
2.0671
1.7556
1.5857
1.8406
1.7556
1.4725
1.4725
1.4725
2.2653
1.9822
1.5291
5.2953
4.2475
3.2848
1.9255
5.9465
2.0388
1.9255
2.0105
1.6707
1.5574
1.6424
1.5008
2.0671
1.5008
1.3592
1.3026
1.2459
1.2176
1.2459
1.1610
1.1327
1.1327
1.0760
1.0760
1.0760
1.0760
1.0760
1.4158
1.4725
2.1521
1.4158
1.2176
1.3026
1.2459
1.1327
2.3503
2.2653
1.6990
1.5574
2.8600
2.9166
3.0582
2.5485
2.9166
4.0776
3.9077
3.2281
3.3414
2.9733
3.4263
4.2192
3.2281
3.2281
2.1804
2.1521
4.1626
3.7661
5.4368
3.7378
2.4069
2.4069
2.1804
2.0105
1.8123
1.6141
1.5291
1.5291
1.4442
1.6424
1.5574
1.4158
1.8406
8.9764
2.2370
1.5857
1.5574
1.3875
1.7840
1.3026
2.1238
1.4725
1.5857
1.5008
1.4725
1.3026
1.4725
1.8406
1.7273
2.2653
1.6707
8.8349
2.4352
1.9822
6.8244
2.0105
5.0121
2.1521
1.8972
2.6618
2.0671
4.0210
9.8543
14.4133
5.0687
2.9733
2.4352
2.6051
2.1521
2.0388
2.8883
7.0226
7.7022
2.9166
4.3042
4.9838
2.6901
2.1521
1.9255
1.9822
5.4652
4.1343
2.6618
1.9539
1.7840
2.1238
1.7556
1.5574
1.5291
1.4442
1.3875
1.4442
1.3875
1.3309
1.3026
1.3026
1.3309
1.4158
1.5291
1.6424
1.4158
1.3026
1.2743
2.0954
2.2937
1.4442
1.4158
1.4442
1.2743
1.5574
1.2743
1.2459
1.4158
1.4725
1.3875
1.2176
1.1610
1.3309
1.7273
1.3026
1.3875
1.2743
1.2176
11.7515
4.5873
5.6917
3.0016
2.9733
1.9822
1.8972
2.4352
1.6990
1.8689
1.5008
1.4725
1.3875
1.3309
1.5857
2.0388
2.7467
8.9764
22.7667
23.2198
24.2109
7.8721
4.1059
2.9733
2.4636
2.1521
1.9255
1.7840
1.6707
1.5857
6.4279
4.7855
2.8317
2.2370
2.0105
1.8689
1.8406
1.8123
2.1238
6.3996
3.7095
2.4069
4.7572
2.3786
2.1238
1.9822
2.4636
7.5606
13.8753
4.0210
5.7483
3.5113
9.9109
11.2135
7.4756
6.0315
5.7483
3.0299
2.5485
4.1059
2.5485
2.1521
2.1804
2.8883
2.0671
2.2937
2.0954
1.8123
1.6990
2.3220
5.6351
2.0671
1.7556
1.6707
3.9360
5.3519
2.8317
2.0388
1.9255
2.2937
1.7556
1.6424
1.6141
2.8600
8.5517
2.3220
2.1804
1.8406
1.8406
4.1626
2.7467
18.8590
4.2192
7.0509
13.1957
19.8501
14.3283
11.6099
5.2669
3.7378
4.7855
3.4547
2.5202
2.2653
2.4636
2.4352
2.3786
2.0388
1.8406
1.7556
1.7556
1.6424
1.5857
1.5574
1.4725
1.4725
1.4442
1.4158
1.3875
1.3875
1.6424
2.3786
1.9255
1.6141
1.4158
1.3592
2.0388
2.6901
1.9539
1.7840
2.0388
2.4352
1.8689
2.3220
5.3802
2.8317
2.1238
2.1238
5.6634
4.1626
6.0315
3.3414
10.9869
8.5517
6.4279
3.4263
2.6901
12.9125
9.5428
8.4101
10.0808
14.1867
5.8899
6.5129
3.7378
4.5307
6.0598
4.3608
3.8228
26.1081
13.4222
9.8543
11.7798
3.9927
3.5113
4.1343
2.6051
2.2937
2.1238
4.2758
5.1537
2.8317
2.9450
3.6812
3.2848
2.6901
2.0671
1.9539
2.0671
1.8689
1.7556
2.0671
4.3325
6.6545
2.2087
2.2937
1.8123
2.3786
3.9644
5.7766
3.8794
8.4384
2.9166
3.0299
2.3786
2.0954
1.8406
1.8123
1.8406
1.8123
2.7184
2.3220
1.7273
1.6141
1.9255
2.6901
3.1998
4.7289
4.0493
3.7661
2.2937
5.6067
8.6933
10.9586
4.8422
5.7200
8.8349
3.4547
2.8034
8.7782
3.4547
3.3697
2.5768
2.3220
2.1521
3.3697
2.1804
1.9822
1.8406
1.9255
2.3786
4.9554
2.4636
2.0954
1.9822
1.8123
2.8883
2.8034
1.9255
2.1521
1.8972
1.7273
1.6990
1.6424
1.6990
1.7273
2.1521
2.2370
17.3016
3.2848
2.2653
4.0210
4.9554
3.1432
2.8317
2.9450
2.4636
3.6529
3.7945
2.3786
2.0954
6.3430
4.3608
2.2937
5.2953
2.8883
3.5679
2.7467
2.3220
2.2087
2.2370
3.0865
2.0388
1.8123
1.7273
1.6707
1.7556
1.5008
1.6424
1.6707
1.7273
1.5574
1.5008
1.5857
3.7378
9.0331
2.0105
2.4352
1.6707
1.6424
1.8689
3.3414
3.3414
7.1358
2.2370
2.0954
9.2313
11.0436
12.7709
4.8705
4.5873
2.6335
2.2937
2.0388
13.0541
11.5533
8.5517
6.0315
16.8202
5.5501
3.6529
2.7184
3.0016
2.4352
4.7006
2.2087
2.0105
2.3503
6.7394
2.3786
1.9822
1.8689
1.7840
1.8972
1.6990
1.6141
1.5857
1.5857
1.6424
1.5857
1.5857
1.7273
1.4725
2.8600
3.1715
3.5396
3.0016
2.5202
6.1448
5.4652
3.0299
2.6051
2.4069
2.3786
2.2937
2.0105
3.6246
2.0954
1.8972
1.7840
1.6424
1.5857
1.5574
1.5291
1.6424
1.4725
1.4442
1.8972
2.7751
1.7840
1.5574
3.5962
1.9539
3.3980
3.1998
2.7751
2.2370
2.5768
3.4263
4.2192
3.9077
3.9077
2.5768
2.0105
1.9822
2.3786
1.9539
1.8123
1.6424
3.8228
2.2087
1.7273
2.6901
3.8794
5.9465
4.6723
2.3220
2.4636
2.3220
3.7661
2.2370
2.4919
2.0105
1.8406
3.4263
4.3325
3.7378
2.9166
12.0913
7.4473
4.2758
5.4935
6.3713
15.9424
4.2192
3.2281
4.2192
4.2758
4.0493
2.9450
3.3697
7.3057
8.9764
4.6156
4.2192
5.8616
5.1537
9.0614
3.2564
4.0210
3.0865
3.1715
5.4085
5.8616
4.2192
4.3042
6.0881
4.1909
3.0299
3.9644
5.4085
4.5873
5.2669
3.3980
2.8317
4.5873
3.2564
2.3503
2.9733
3.3980
5.3802
9.2313
4.0493
3.9077
2.6901
2.4636
2.8600
2.1521
4.6723
18.0378
27.2408
34.5466
21.8323
21.9739
7.5889
5.1537
3.5113
2.8600
2.4352
3.0865
6.9943
2.6051
2.1238
1.9822
1.8972
1.8123
1.8123
1.7273
1.7273
1.7273
2.7751
45.3070
24.5507
11.0153
4.9838
3.2848
2.6618
4.1626
2.6051
3.2848
3.1998
2.3503
1.9539
1.8123
1.6990
1.6424
1.5857
1.6424
1.5008
1.4442
1.8689
1.7840
2.0388
6.2014
4.9271
3.1432
1.8689
1.6990
1.5857
4.7855
3.8511
2.0105
1.7556
1.6424
4.8705
3.5113
1.8406
1.7556
1.5857
1.5291
1.4725
2.6051
2.6051
1.6424
6.0598
3.8511
3.0582
3.5962
3.3980
2.2087
4.4174
2.7467
3.2848
1.9539
2.0954
1.8972
1.6707
1.5574
1.5291
1.4725
1.4442
1.3592
1.3026
1.7556
2.6051
2.0671
1.5574
1.8123
1.6707
1.3592
1.3309
1.3875
1.5008
1.5291
1.2743
3.8794
4.1909
4.1343
1.7840
1.6424
1.4725
1.3875
1.3309
1.6990
1.5574
1.2743
1.2459
1.2176
1.1893
1.1327
1.5008
1.1610
1.1610
1.1610
0.9345
0.9911
2.1238
1.7840
1.0760
1.9822
11.2701
1.9539
1.5574
1.4442
1.4158
1.5008
1.3309
1.3026
1.6141
2.5485
2.0105
5.5784
2.6618
2.0388
1.8123
1.6424
1.5291
1.5008
1.5008
1.4442
1.3875
1.3309
1.3309
1.3026
1.2743
1.6141
1.3309
1.5008
1.3875
1.4158
1.7840
1.2743
1.3592
1.3026
2.9166
4.1909
3.6812
2.9733
1.6990
2.5485
1.9822
1.5291
1.7840
2.9733
3.2281
3.2281
2.5485
2.8034
3.0016
5.1820
2.5485
2.0671
1.9255
1.7273
1.5574
1.5291
1.7840
2.8600
1.6424
3.0582
1.8689
1.5574
1.5291
1.4725
1.4442
1.4442
1.4158
1.5857
1.5857
2.0671
1.9822
1.4725
1.7556
1.8406
2.8883
1.6424
1.5857
1.4158
2.3503
1.8972
1.5291
2.3786
1.7556
1.5291
2.0954
2.2087
2.9450
1.7556
1.7840
1.8123
1.5291
1.6141
2.2937
2.4636
3.2281
3.3414
3.2848
6.0032
5.2669
2.6901
2.0954
2.1804
1.8689
1.6424
1.5574
1.4725
1.4442
1.4158
1.3875
1.3309
1.3026
1.3026
1.3309
1.2743
1.5008
1.3026
1.2459
1.3026
1.2176
1.2176
1.2176
1.3026
1.3026
1.3592
1.2743
1.2176
1.7840
1.2176
1.1893
1.1893
1.3875
1.2459
1.2176
1.1610
1.1610
1.1327
1.1044
1.0477
1.0477
1.1044
1.0477
2.6335
1.1893
1.2743
1.3592
1.9822
1.6707
1.5008
1.5574
1.3592
1.2743
1.4158
1.7556
1.9539
1.7556
2.0105
2.5768
2.2087
1.5857
1.4158
1.3026
1.2743
1.2176
1.2176
1.1893
1.1610
1.1044
1.1893
2.2370
1.5008
1.5574
6.2863
3.1432
3.7661
4.5590
2.9450
1.8972
1.6424
1.6424
4.8988
3.1998
2.5768
3.9927
2.0671
2.0388
2.2653
1.8689
1.6990
1.5291
1.4158
1.3592
1.3026
1.2743
1.2459
4.9838
1.8972
1.4442
1.8123
2.4919
1.7273
1.6990
1.6707
1.4158
1.3309
1.2743
2.5202
2.2653
1.5857
1.4158
1.5008
5.4652
4.4174
3.0299
6.8810
17.6131
3.9927
2.4636
1.9822
1.8123
1.6990
1.7273
1.4725
1.4158
1.5291
1.8123
3.2848
3.4830
4.3608
1.9255
1.8972
5.8616
3.1149
2.5768
1.8406
16.1689
5.8333
9.9392
9.5145
4.6723
5.4935
3.0582
2.2653
2.0105
1.8406
1.7273
1.6141
1.5574
1.5008
1.4442
5.9182
10.0808
3.4830
3.7945
4.6440
7.6172
2.6335
2.3220
2.1521
1.8406
1.7273
1.6424
1.5291
1.5291
1.5291
7.1925
6.3713
3.2281
3.1149
2.7751
2.1804
1.9255
1.7840
1.8689
2.4636
1.9539
2.0105
1.7840
1.9539
1.6990
8.3535
2.8317
3.0582
3.9644
4.1343
2.4636
2.0671
1.8406
2.1804
1.7840
1.6141
1.5574
1.4725
4.5307
1.9822
1.6424
1.5574
5.6351
2.9166
2.5768
1.8972
1.7273
1.6141
1.5291
1.4442
1.4442
1.4158
1.3592
1.9539
2.4919
1.5574
2.6618
3.0865
2.1238
2.6901
3.9927
2.6901
5.6351
2.6901
2.9166
3.1432
2.1521
3.8511
4.5307
2.2937
2.0105
10.9303
6.8244
2.8600
2.3503
2.2370
1.9539
6.6261
14.6964
4.2192
10.2790
7.1642
3.2281
2.4919
2.1804
3.8511
7.7588
10.3356
5.4368
7.0226
5.8050
7.9004
14.0168
4.3608
2.9733
3.1432
2.7751
2.9450
2.9733
2.6051
2.0954
1.6990
5.1537
2.0954
1.8689
1.7840
1.7273
2.8883
1.8689
4.8139
10.6188
17.3016
8.1269
4.5873
5.0404
4.7572
2.5768
2.6335
2.1521
2.2937
3.7661
3.0582
2.0671
1.8689
1.9539
1.8406
1.6424
1.5857
1.5857
1.5857
1.5008
1.4442
1.3875
1.4442
1.8406
2.4352
2.0388
2.1238
1.9255
1.4725
1.3875
1.4158
1.4158
1.3026
1.2743
1.2743
1.4442
1.3592
1.6141
2.0388
3.6529
2.6901
2.3503
2.0954
1.5857
1.4158
1.3309
2.2370
1.4158
1.3309
1.2743
1.3592
1.2743
1.3026
1.2459
1.3875
1.5857
1.5291
1.2459
1.3309
1.6141
1.4725
2.2370
1.7556
1.5857
1.3875
1.3592
1.8972
1.5008
3.1998
2.1804
1.5291
1.5291
3.0865
1.7840
1.5857
1.6990
1.6707
2.4636
1.6707
4.1059
1.7273
1.4725
2.0954
1.7840
1.7556
2.4352
1.5574
1.4158
1.3592
2.2653
23.9844
25.1454
38.5109
7.1925
3.7661
2.8600
2.3503
2.0671
1.8972
1.7556
1.6990
1.5857
1.5857
1.7273
1.4442
1.3875
1.3592
1.6141
1.3592
1.3026
1.6707
1.3592
1.3026
2.1238
1.6990
1.5008
2.1238
7.7871
3.8794
2.2087
1.8689
1.7840
2.0388
3.0299
1.8123
1.5574
1.4158
1.3592
1.3309
1.3026
1.2743
1.2459
1.2459
1.2176
1.2176
1.1610
1.1610
1.1893
1.1327
1.2176
1.4158
1.4158
1.1893
1.2743
1.3309
1.2459
2.1521
3.0016
1.4442
1.2459
1.1610
1.1327
1.1044
1.1044
1.1327
1.1044
1.2459
1.1044
1.7273
1.3309
2.1521
1.3875
1.4442
1.4158
1.2743
1.3026
1.1327
1.1044
1.0760
1.0477
1.0477
1.0477
1.0760
1.0194
0.9911
1.1327
1.1610
1.0194
0.9911
0.9911
0.9628
1.0194
0.9628
0.9628
1.1327
1.4442
3.9644
7.8721
2.8600
1.5574
1.3592
1.3592
2.2087
4.3325
2.7467
2.1804
1.5857
1.4158
1.8689
1.6707
6.6828
3.5396
2.7184
2.2937
1.9255
1.8123
1.5857
1.5857
2.0388
2.6618
2.2087
1.7273
1.5291
1.8689
1.4442
1.3026
1.2743
1.2176
1.1893
1.1610
1.1610
1.1327
1.1044
1.0760
1.1044
3.6529
2.4919
4.0493
1.8689
3.6529
2.1238
1.8972
2.1804
2.1238
1.8972
1.5574
1.4158
1.3875
1.3026
1.3875
8.1553
9.0331
11.1285
14.5549
6.2297
3.8228
3.1432
2.3220
2.0105
1.8406
3.1149
2.4919
1.8406
1.6141
1.5008
1.4442
1.3875
1.3309
1.3309
1.2459
1.2459
1.2459
1.1893
1.1610
1.1327
1.1327
1.0760
1.0760
1.0477
1.0194
1.3875
1.1327
1.0477
1.0194
1.6990
1.4725
2.1804
2.4636
27.2974
18.9157
4.7006
2.6051
2.1238
1.8123
1.5857
1.6990
4.3325
8.4384
10.5622
13.5355
16.6220
36.8119
23.3897
8.8632
8.2968
3.7095
2.8883
2.3786
14.7531
9.3446
3.6529
2.8317
2.2653
2.0105
1.8123
1.6990
16.6503
7.5040
16.9618
4.1343
3.0016
6.0032
8.3535
15.0079
10.5339
34.5466
5.4085
3.3414
2.7751
2.4069
6.2297
7.7588
4.8422
2.7751
2.5768
2.4069
2.2087
2.2937
2.4919
3.5396
6.0032
2.2370
3.0016
2.0954
1.9539
1.8689
1.7840
3.2848
2.9166
2.5768
2.6051
1.8689
1.7273
1.6990
1.6707
1.5857
1.8972
3.5113
2.6618
1.9539
2.2653
2.1238
1.7273
1.6424
1.5291
1.4725
1.4725
1.4158
1.5008
1.6424
1.3592
1.3309
1.3026
1.3026
1.3875
1.3309
1.6141
1.5857
1.4158
1.3026
1.2743
1.2743
1.3026
1.3026
1.2459
1.4442
1.2743
1.2176
1.5008
1.2176
1.1893
1.1893
1.1327
1.1610
1.1610
1.2743
1.4725
1.1893
1.1610
1.1893
1.2176
1.2459
1.3875
1.2176
1.2459
1.8972
1.4442
1.2176
1.1610
1.1327
1.1327
1.1610
1.1327
1.1610
1.1327
1.1327
1.1327
1.1327
1.2176
1.1610
1.8406
1.7556
2.2087
1.7556
1.6707
1.6141
1.5291
1.5008
2.3786
1.8123
1.5008
1.5291
1.4442
1.5291
8.6083
7.4190
4.5590
3.5962
3.4830
2.2937
2.1238
1.8123
1.7273
1.8123
1.7556
3.6812
3.8228
2.1238
2.8034
1.8123
1.7273
1.9255
1.6424
2.1238
1.6141
1.5291
1.5008
1.8123
1.5291
1.5008
1.6141
1.4725
1.3592
1.3592
1.3026
1.3592
1.3592
1.3026
1.2743
1.2743
1.2459
1.2459
1.6424
1.3592
1.7273
1.4725
2.5202
3.5113
1.7273
1.4442
1.4158
1.9255
5.0121
2.8883
2.9450
1.9255
1.9255
2.2937
4.2475
2.2937
2.1238
3.2848
3.0016
1.9255
1.7556
2.2370
1.9255
1.6707
1.5857
1.5291
1.4158
1.3875
1.4442
1.3592
1.3026
1.2743
1.2743
1.2743
1.2743
1.2459
1.2176
1.2459
1.2743
1.2459
1.2176
1.2176
1.3309
1.3309
1.2176
1.2459
1.1327
1.1327
2.0954
1.5291
1.5008
1.3592
3.0865
1.4442
4.1059
8.2402
2.5768
2.5768
2.6618
1.9255
2.9166
4.1626
10.3356
3.6246
2.4636
2.2653
3.3414
3.0299
2.9450
3.6812
2.4352
2.2937
2.0954
2.9450
3.1998
2.0954
1.8123
1.8689
1.7556
4.4174
2.9733
2.0954
2.0954
3.1715
2.5768
3.0299
6.1731
4.8705
4.9838
3.1998
2.2653
2.2653
2.3220
1.8689
1.9539
2.8034
1.8972
2.2653
3.6246
4.5307
3.2848
2.2653
2.6335
2.0954
1.9539
1.8689
1.6424
1.5291
1.5008
1.4725
1.3875
1.3592
1.3309
1.3592
1.3026
1.3026
1.4158
5.7766
4.3891
2.6051
1.7273
1.5291
1.4725
1.3875
1.3875
1.3875
1.3875
1.4158
1.3875
1.2743
4.8705
2.6618
1.5574
1.4725
1.3592
1.3309
1.4158
1.2743
1.3026
1.2459
1.3026
2.5202
3.9644
1.5008
1.4158
1.3026
1.2743
1.2459
1.2176
1.2176
1.1893
1.1893
1.3026
1.1893
1.1610
1.1327
1.1044
1.1044
1.1044
1.1044
1.1327
1.0194
1.0194
1.0194
1.0194
1.0194
1.0194
1.0194
1.1610
2.0105
1.1610
1.0760
1.0194
9.1463
6.2863
2.5485
3.8511
4.5024
2.8883
3.7378
3.1432
2.1238
1.8972
1.7840
3.0582
1.9539
1.5857
2.9166
4.2192
1.9539
1.8972
12.2895
16.3105
10.0242
10.9869
5.4652
3.6812
3.2281
2.7751
2.3503
2.5768
2.3503
2.3220
2.3220
1.8972
4.1909
3.0016
2.2370
2.0671
1.8689
1.8123
1.8123
2.3503
1.6990
2.5768
3.9077
2.3786
2.2653
2.7184
1.8972
1.7273
1.5574
1.4442
1.6424
1.4442
1.3592
1.5574
2.2087
1.7273
1.4442
1.3592
1.2743
1.2459
1.2743
3.5962
1.8123
1.9255
1.5574
1.4725
1.3592
1.1893
1.1610
1.0760
1.0760
0.9911
0.9911
0.9911
0.9345
0.9345
0.9345
0.9911
1.0194
4.8139
2.2653
1.6707
2.3220
1.6141
1.5574
2.1238
1.6990
1.3592
1.4158
1.4725
1.3592
2.1521
1.8406
1.5857
1.3309
1.5574
1.3309
1.6990
1.2743
1.3592
1.2176
1.3309
1.6990
1.2176
3.4547
2.6335
1.5291
2.1804
1.6424
1.7556
1.4158
1.2743
1.2459
1.1610
1.4725
1.3309
1.3309
1.3309
1.8972
1.8972
2.3503
1.6141
1.4725
1.5008
2.4636
2.8317
1.7556
1.5857
1.3592
1.3026
1.2459
1.1893
1.2459
1.2459
1.2459
1.1893
1.1893
1.1327
1.1610
1.6990
1.4158
1.7556
1.2743
1.1327
1.1893
1.1893
1.1327
1.1044
1.3592
1.1610
1.1044
1.8123
1.3875
1.3875
1.3026
1.3026
1.2459
1.1610
1.1044
1.3875
1.1044
1.2459
1.0477
1.1327
1.1610
1.1610
2.1804
1.1610
1.1044
1.0760
2.5202
2.0105
1.5008
1.2176
1.1610
1.6990
2.6901
2.2653
1.3875
1.4158
1.6424
2.9733
1.6990
1.3309
1.1893
1.1610
1.1610
1.1044
1.1893
1.1327
1.1044
1.4158
1.8406
1.2459
1.1610
1.3592
1.2459
1.1327
1.0477
1.0477
1.0477
1.0194
0.9911
1.0477
1.1044
0.9911
0.9628
1.1327
1.1893
2.3503
1.2176
1.0477
0.9628
0.9345
0.9345
0.9345
0.9061
0.9061
0.8778
0.9628
0.9061
0.9345
0.9345
1.0760
1.4158
1.1327
0.9911
1.2176
1.1610
1.6141
1.3592
1.9255
1.1044
0.9911
0.9345
0.9345
0.9345
0.9345
0.8778
0.9628
0.9061
0.8778
1.1610
1.1327
1.6990
1.1327
1.1327
1.0760
2.0954
1.0477
0.9628
1.0194
1.2176
0.9628
0.9345
0.9345
0.9345
0.9911
1.1044
1.2176
1.2743
1.2459
0.9911
0.9628
1.1044
1.0194
0.9911
3.6812
1.5291
1.3592
2.8600
1.4725
1.1610
1.0477
1.1327
2.4352
7.4756
5.1537
2.8317
2.6335
1.9539
1.5574
1.3592
1.3026
1.9255
1.6707
1.3309
1.2459
1.2176
1.5857
1.3875
1.2176
1.5291
1.6424
2.6901
2.2087
2.3786
2.7467
2.7467
3.1432
1.8972
2.2653
4.8988
10.6188
2.7467
1.9822
1.6990
1.5291
2.6051
1.4725
1.4442
1.3592
2.3503
2.2937
1.5291
1.3592
1.7840
1.5291
1.2743
1.2176
1.1610
1.1610
9.8826
3.2848
1.6707
1.8689
1.5291
1.3592
1.3026
1.2176
1.1610
1.1327
1.1327
1.1327
1.0760
1.0477
1.0477
1.0194
1.0194
2.7184
1.2176
1.0760
3.4263
1.3309
1.1610
1.1044
1.3309
1.1044
1.0477
1.0194
1.0477
1.2459
0.9911
0.9911
0.9911
0.9628
0.9345
1.0477
0.9628
0.9061
0.9061
0.9061
0.9061
0.9345
1.4158
2.4636
1.8406
1.7556
3.0299
1.5857
1.1610
1.0760
1.1044
1.1327
13.8186
5.4652
2.0388
3.7661
7.1075
2.6901
13.1107
11.5250
4.4457
4.3891
4.8988
6.2014
3.9360
2.9450
2.7184
2.8034
3.1432
3.1432
2.2653
1.9539
1.7273
1.6424
1.5008
1.4442
1.4158
1.4158
1.3026
1.3309
1.4158
1.2743
1.1610
1.1327
1.1327
1.1044
1.1044
1.1044
1.0760
1.0760
1.9539
1.1893
1.0760
1.0760
2.5768
1.5008
1.2743
1.1610
1.0477
1.0477
1.0194
0.9911
1.0194
0.9911
0.9628
5.5501
11.2984
3.2564
1.9539
1.5857
1.4442
1.4725
1.6141
1.5008
1.3875
1.2459
1.3026
7.1075
4.8139
2.0671
1.6424
1.5291
1.5574
2.2370
1.9822
1.7840
1.5857
1.5574
1.7273
1.5574
1.3309
1.2459
1.2459
1.1893
1.2176
1.2176
1.6141
1.2743
1.1893
1.2176
1.2176
1.5857
3.1715
3.9077
2.1804
3.4547
4.8705
4.3042
3.2281
7.5606
4.1626
3.5962
2.6618
2.8600
2.2653
2.9166
2.2653
3.1149
3.2564
2.5202
2.3503
2.0954
1.9255
1.9539
3.0582
5.3802
2.4919
2.5768
2.6051
2.2937
2.4069
1.8406
1.6707
1.5574
2.2937
3.5679
1.7273
2.8600
2.0671
1.9539
1.8689
3.4547
2.7184
2.3503
3.6246
2.2370
1.7840
1.5857
1.6424
1.7273
3.8511
6.0032
5.7766
11.6949
3.2281
2.5768
2.5485
2.2937
3.9077
2.1804
2.6335
2.0388
3.1432
2.0388
1.9822
1.7840
2.0954
1.7273
2.5485
5.2669
8.7782
3.5679
2.8600
2.1804
2.0954
2.0671
12.3461
3.6246
2.8034
2.8317
2.0388
2.4069
3.1998
2.5485
2.2087
1.9539
2.4069
1.9822
1.8406
4.9271
3.1149
3.5113
7.9004
4.2192
2.8317
4.1626
2.4636
2.0671
2.2653
3.1998
2.1238
1.8406
1.6990
2.3786
1.8972
2.4636
2.2653
1.7840
2.0671
1.8972
2.8600
3.1149
1.7556
1.5574
1.5574
3.0016
1.9822
1.8406
1.9539
2.3503
2.4919
2.4069
1.7840
1.6707
1.5574
1.7556
1.5574
2.9450
1.8123
1.6990
1.5574
1.4158
1.3592
1.4158
1.7556
1.7273
1.6141
1.6424
1.4725
1.4725
1.8972
1.6141
2.7467
4.2475
3.3131
2.1238
1.8972
1.6141
1.5008
1.6141
2.2370
1.4725
1.3875
1.6424
1.6141
1.4725
1.3592
1.3875
1.2743
1.2459
1.2459
1.2459
3.1149
6.7960
2.3503
1.6990
1.5008
1.4442
1.3592
1.3309
1.3026
1.3309
1.2459
1.2459
1.2176
1.1610
1.1610
1.2743
2.0954
1.5574
1.2176
1.1893
1.1610
1.1327
1.1044
1.1044
1.1044
1.1610
1.3309
1.1327
7.1358
17.4432
11.9780
9.0331
3.6246
6.8244
4.3891
10.0808
10.7321
12.0063
9.8543
9.1463
4.3891
4.3891
3.6529
3.7095
2.9450
5.0121
6.2014
5.1820
2.9450
2.6051
2.2653
2.1238
2.1238
9.0331
4.1343
2.5768
2.2653
2.1238
2.3220
3.9927
4.4457
3.7095
6.0598
4.1059
3.1998
4.4457
7.3624
3.6246
2.5768
2.2653
2.6618
2.1238
1.9822
7.6172
17.8396
4.4174
3.3697
3.9644
3.1432
3.7378
5.0687
2.7751
2.8600
11.2418
2.9450
2.3786
2.1238
1.9822
2.4352
1.9822
1.7556
1.6990
1.7840
2.9450
2.2087
3.3697
6.3996
4.3891
4.5024
31.1485
16.7919
4.7289
2.9166
2.5485
3.4547
6.1731
2.9166
2.7184
2.5485
2.0105
2.8600
2.9166
2.4919
2.4636
1.8689
5.3802
8.4667
7.2491
5.2386
2.9166
2.5485
2.1804
1.8689
1.8123
1.7556
2.1521
1.8689
1.5857
1.8123
3.0016
2.2937
3.3697
2.7184
2.7184
2.5202
1.8689
5.4368
2.5202
2.1521
1.8406
1.7273
1.6424
1.5574
3.4547
2.6901
2.5768
1.7840
1.6141
1.5574
1.7273
1.5857
2.1804
2.4069
3.0865
5.4085
5.5218
2.1804
1.8689
1.7840
1.5857
1.5574
1.5291
1.4725
1.4442
1.4442
1.4442
1.9255
2.6901
3.6812
5.6067
2.7467
2.2087
1.8123
1.9822
1.9822
2.3220
3.2848
3.0016
2.4636
5.9465
4.1909
7.0226
3.6529
2.3786
2.7184
3.0865
2.1804
2.0105
2.0105
1.8689
1.7840
1.7840
1.8689
1.7840
1.7273
1.6424
1.7273
1.5574
1.5008
1.4442
2.6618
2.5768
10.2790
3.8228
2.1804
2.1804
2.3786
4.4174
4.0210
7.3624
8.4667
4.0776
2.9733
2.6901
2.5768
1.9822
2.1521
1.9822
1.8406
1.7273
1.7556
1.5857
1.5574
1.6707
1.5291
1.6707
1.9539
2.1521
1.6141
2.3786
1.7273
2.5202
3.3131
3.0299
1.8123
1.6424
2.4069
2.3786
1.6990
1.7556
1.5291
1.7840
2.0671
1.6707
