0.1642
0.2265
0.3964
0.2492
0.1642
0.1501
0.1841
0.1529
0.1472
0.1416
0.1472
0.1557
0.2379
0.1699
0.1529
0.2549
0.4531
0.9911
0.6230
0.3398
0.2435
0.2209
0.2039
0.1784
0.1642
0.1586
0.1529
0.1416
0.1586
0.1529
0.1388
0.1359
0.1331
0.1416
0.1501
0.1472
0.1699
0.2492
0.1982
0.1416
0.1642
0.1472
0.1699
0.1954
0.1869
0.2209
0.2549
0.9911
0.4248
0.2775
0.2180
0.1954
0.1869
0.1869
0.1756
0.1699
0.1869
0.1756
0.1699
0.1699
0.1699
0.1954
0.1756
0.1642
0.1586
0.1727
0.1671
0.2520
0.2549
0.2067
0.2407
0.2690
0.2152
0.1926
0.2039
0.2067
0.1869
0.2124
0.2010
0.1727
0.1614
0.1557
0.1472
0.3398
0.3115
0.2379
0.2407
0.2209
0.2039
0.2322
0.2237
0.2010
0.1954
0.1954
0.1897
0.1841
0.2039
0.1897
0.1756
0.1699
0.1671
0.1614
0.1586
0.2832
0.1982
0.2095
0.2407
0.2039
0.1869
0.1756
0.1642
0.1586
0.1557
0.1472
0.1416
0.1359
0.1331
0.1303
0.1246
0.1246
0.1274
0.1331
0.1331
0.1331
0.1303
0.1303
0.1812
0.1501
0.1472
0.1331
0.1331
0.1416
0.3115
0.1869
0.1699
0.1784
0.2209
0.1727
0.1614
0.3398
0.2322
0.1982
0.1812
0.1869
0.1841
0.1727
0.1642
0.1586
0.1529
0.1501
0.1671
0.1614
0.2067
0.2492
0.1954
0.1784
0.1727
0.1614
0.1557
0.1557
0.1501
0.1444
0.1529
0.1501
0.1416
0.1388
0.1359
0.1331
0.1331
0.1331
0.1388
0.1416
0.1472
0.1416
0.1388
0.1416
0.1472
0.1841
0.2180
0.1727
0.1671
0.1529
0.4814
0.3115
0.2520
0.2633
0.2520
0.2577
0.3398
0.4814
0.4248
0.3115
0.2577
0.2180
0.2010
0.1841
0.1784
0.1614
0.1472
0.1586
0.1586
0.1472
0.1642
0.1444
0.1444
0.1359
0.1586
0.3398
0.2180
0.4531
0.4814
0.5097
0.5097
0.3398
0.2803
2.6618
0.7362
0.3681
0.2633
0.2237
0.2095
0.7929
0.3964
0.2407
0.2067
0.5380
0.2492
0.2095
0.1897
0.1812
0.1784
0.2095
0.2180
0.1812
0.1727
0.1897
0.1699
0.1954
0.2379
0.2039
0.1784
0.1727
0.2294
0.2265
0.1926
0.1756
0.2322
0.2095
0.1812
0.1671
0.1614
0.1472
0.1444
0.1388
0.4248
0.5663
0.4531
0.2662
0.2209
0.2095
0.1869
0.1727
0.1642
0.1586
0.1557
0.1472
0.3115
1.3309
0.3964
0.2124
0.1614
0.1416
1.7840
1.3592
0.2435
0.1869
0.1614
0.1501
0.2095
0.1557
0.1444
0.1416
0.9061
0.3964
0.2152
0.1642
0.1472
0.1388
0.1303
0.1274
0.1472
0.3681
0.2294
0.2209
0.1699
0.1501
0.1586
0.2492
1.1044
0.3115
0.2039
0.2209
0.1529
0.1926
0.1614
0.1388
0.2605
0.1699
0.1331
0.1218
0.1274
0.3398
0.2832
0.2350
1.4442
0.2803
0.2124
0.1869
0.2690
0.2379
0.1897
0.1727
0.1642
0.1614
0.1586
0.1642
0.1897
0.1756
0.1699
0.2605
0.3115
2.0671
0.9628
0.2832
0.2265
0.4248
0.6513
0.4531
0.2832
0.2294
0.1954
0.1812
0.1727
0.1671
0.1642
0.1614
0.1671
0.1614
0.1529
0.1501
0.1501
0.1557
0.1472
0.1501
0.1756
0.1586
0.1671
0.1642
0.1642
0.1699
0.1671
0.2549
0.4248
0.4531
0.2067
0.1897
0.1699
0.1642
0.1557
0.1472
0.1416
0.1359
0.1331
0.1331
0.1557
0.2039
0.5947
0.2379
0.1897
0.1869
0.2605
0.1897
0.1642
0.1642
0.1812
0.1699
0.1671
0.1642
0.1614
0.1586
0.1557
0.1614
0.1897
0.1642
0.1614
0.1614
0.1614
0.1586
0.1557
0.1557
0.1699
0.1699
0.5380
1.2176
0.3964
0.2435
0.2010
0.5663
0.4248
0.2690
0.2152
0.6230
0.6796
0.2803
0.2322
0.1954
0.1812
0.1727
0.1841
0.1812
0.1671
0.1614
0.1586
0.1812
0.1671
0.1614
0.1614
0.1586
0.1586
0.1557
0.1586
0.1671
0.2095
0.1614
0.1557
0.1557
0.1529
0.1926
0.1727
0.1699
0.1586
0.1529
0.1529
0.1501
0.1472
0.1501
1.1044
0.3964
0.2350
0.2010
0.1812
0.4814
3.8511
0.3964
0.2435
0.2039
0.5663
0.3115
0.2152
3.8794
6.7394
0.6796
0.3681
0.2803
0.2492
0.3115
0.5097
0.2520
0.5380
0.3115
0.2237
0.2803
1.1044
0.3681
0.2350
0.5097
0.3681
0.3964
0.2832
0.2039
0.1812
0.1727
0.1897
0.2095
0.3964
0.6513
0.2832
0.2067
0.1784
0.1671
0.1586
0.2294
0.6796
0.2095
0.1756
0.1614
0.1557
0.1501
0.1501
0.1671
0.1557
0.1472
0.1444
0.1444
0.1416
0.1416
0.1388
0.1388
0.1359
0.2265
0.1472
0.1388
0.1529
0.2605
0.1727
0.1557
0.1727
0.1642
0.1614
0.2690
0.4531
0.3115
0.2152
0.1756
0.1642
0.1557
0.1529
0.1501
0.3398
0.9911
1.8123
0.3398
0.5380
0.2747
0.2039
0.1784
0.1699
0.1614
0.3681
0.5380
1.4725
0.9345
0.4248
0.7362
1.1327
0.3681
0.2549
0.2095
0.2152
0.4814
0.6230
0.3681
0.2690
0.2464
0.2322
0.2152
0.2095
0.2039
0.2010
0.2010
0.1954
0.1926
0.1926
0.1926
0.1926
0.1926
0.1897
0.1954
0.2010
0.1954
0.1954
0.1926
0.2718
0.2322
0.2379
0.2152
0.2067
0.2180
0.5380
0.2549
0.2294
0.2124
0.2039
0.2010
0.2010
0.2039
0.2067
0.1982
0.2010
0.2067
0.2067
0.2010
0.1954
0.1954
0.2209
0.2577
0.2577
0.3398
0.2350
0.2265
0.2379
0.4531
0.3398
0.2803
0.4814
0.5380
0.5947
0.3398
0.2690
0.3398
0.2718
0.2577
0.2464
0.3115
0.7929
1.6141
0.5097
0.5663
0.3115
0.2690
0.2435
0.2322
0.2322
0.2605
0.2549
0.2322
0.2265
0.2379
0.2265
0.3398
0.2549
0.2322
0.2350
0.2322
0.2265
0.2209
0.4531
0.3398
0.2492
0.2294
0.2209
0.2577
0.2350
0.2775
0.2605
0.2265
0.2124
0.2067
0.2010
0.1982
0.1954
0.1926
0.1897
0.1869
0.1841
0.7362
0.5663
0.3681
0.2662
0.2294
0.2549
0.2237
0.2010
0.1926
0.1897
0.2124
0.1982
0.1869
0.1841
0.1784
0.2718
0.1897
0.1812
0.3964
0.2067
0.1926
0.1841
0.1841
0.1812
0.1812
0.1756
0.1756
0.1841
0.1784
0.4531
0.3964
0.2322
0.2039
0.1897
0.1841
0.4814
0.4814
0.2662
0.2294
0.2180
0.2067
0.1982
0.1954
0.1897
0.1869
0.1841
0.1841
0.1841
0.1869
0.2039
0.2010
0.1926
0.2124
0.1982
0.1897
0.1841
0.1812
0.1812
0.1812
0.1812
0.1784
0.1756
0.1756
0.1812
0.1841
0.1926
0.1841
0.1982
0.2464
0.2633
0.2180
0.2294
0.2577
0.3681
0.1614
0.1586
0.1699
0.1642
0.1614
0.1642
0.2350
0.1897
0.1756
0.1812
0.1699
0.1671
0.1841
0.1727
0.1727
0.1671
0.2067
0.1812
0.1756
0.1699
0.1642
0.1642
0.1642
0.1642
0.1586
0.1586
0.1699
0.1614
0.1586
0.1557
0.1529
0.1529
0.1586
0.1897
0.1614
0.1586
0.1529
0.1529
0.1557
0.1529
0.1472
0.1926
0.5097
0.7362
0.4531
0.2832
0.3681
0.3964
0.5097
0.5947
0.3681
0.2832
0.2690
0.2464
0.2237
0.2067
0.2124
0.5097
0.2832
0.2832
0.2832
0.3398
0.2832
0.5663
0.5380
0.7929
0.4531
0.3681
0.3398
0.2633
0.2464
0.2322
0.2662
0.2464
0.2180
0.3115
0.2577
0.2180
0.2039
0.2010
0.1954
0.1897
0.1897
0.1841
0.1841
0.2039
0.1869
0.1784
1.1610
0.3398
0.5097
0.5947
0.7646
0.2832
0.2237
0.2010
0.1897
0.1841
0.1812
0.2379
0.2237
0.1926
0.1812
0.1727
0.1699
0.1671
0.1642
0.1642
0.1642
0.1614
0.1586
0.1586
0.1586
0.7362
0.4248
0.5947
0.3964
0.5663
0.3398
0.2662
0.2832
0.2464
0.2577
0.2520
0.2152
0.2095
0.2124
0.2832
0.3115
0.2379
0.2775
0.2180
0.2039
0.3398
0.3398
0.2265
0.2039
0.1982
0.1897
0.1841
0.1926
0.1841
0.9345
0.3681
0.2633
0.2294
0.1954
0.1812
0.1784
0.7362
0.3398
0.2832
0.2350
0.1954
0.1812
0.1756
0.1699
0.1812
0.1699
0.1671
0.1642
0.1614
0.1614
0.2407
0.1841
0.1841
0.1812
0.2124
0.2718
0.2520
0.1926
0.1841
0.1841
0.1784
0.1784
0.1784
0.1954
0.6796
0.6230
0.6230
0.3398
0.3398
0.1472
0.1444
0.1557
0.1557
0.1529
0.1501
0.1642
0.1557
0.1501
0.2067
0.1614
0.1699
0.1897
0.1586
0.1529
0.1501
0.1529
0.2577
0.2803
0.2039
0.3115
0.2379
0.1671
0.1529
0.1501
0.1416
0.1388
0.1303
0.1303
0.1331
0.1274
0.1246
0.1246
0.1246
0.3681
0.1869
0.1501
0.2832
0.2039
0.2095
0.1699
0.1501
0.1954
0.1586
0.1444
0.1388
0.1388
0.1416
0.1416
0.1472
0.1982
0.1756
0.1586
0.1501
0.1416
0.1388
0.1388
0.2605
0.2832
0.1982
0.1756
0.7362
0.3681
0.2492
0.2010
0.1869
0.1756
0.1756
0.1586
0.1982
0.9911
0.5380
0.2832
0.2605
0.2690
0.2152
0.1841
0.1671
0.1586
0.1529
0.1529
0.1869
0.3115
0.1812
0.1614
0.1529
2.4352
0.3398
0.2067
0.1812
0.1812
0.1586
0.1501
0.1444
0.1388
0.1359
0.1331
0.1359
0.1388
0.1359
0.1331
0.1642
0.1529
0.1671
0.1699
0.3681
0.9628
0.3115
0.2209
0.5380
1.6141
0.8495
0.9345
0.3398
0.2294
0.1954
0.1812
0.3115
0.1926
0.1756
0.1642
0.1586
0.1529
0.1501
0.1472
0.1444
0.1416
0.1388
0.1388
0.1331
0.1331
0.1303
0.1303
0.1303
0.1303
0.1274
0.1274
0.1303
0.1303
0.1274
0.1246
0.1331
0.1274
0.1274
0.1274
0.1246
0.1246
0.1246
0.1274
0.1274
0.1246
0.1246
0.1218
0.1218
0.1218
0.1218
0.1218
0.1218
0.1218
0.1218
0.1218
0.1218
0.1218
0.1218
0.1218
0.1218
0.1218
0.1218
0.1218
0.1331
0.1359
0.1246
0.1246
0.1246
0.1246
0.1274
0.1246
0.1388
0.1954
0.1472
0.1444
0.2464
1.6141
0.2209
0.2180
0.1529
0.1388
0.1331
0.1303
0.1274
0.1274
0.1274
0.1303
0.1274
0.1274
0.1274
0.1331
0.1303
0.1274
0.1246
0.1246
0.1303
0.1246
0.1246
0.1218
0.1274
0.1246
0.1274
0.1274
0.1444
0.1274
0.1246
0.5380
0.2039
0.1586
0.1472
0.1388
0.1331
0.1303
0.1246
0.1246
0.1218
0.1303
0.1303
0.1218
0.1926
0.2605
0.1926
0.1501
0.3964
0.2435
0.2832
0.1841
0.1586
0.1472
0.1416
0.1331
0.1331
0.1274
0.1954
0.4531
0.3681
0.1897
0.1586
0.1444
0.1388
0.1331
0.1303
0.3115
0.1444
0.1359
0.1303
0.1246
0.1246
5.1820
2.2937
0.3681
0.2464
0.1982
0.1756
0.1642
0.1557
0.1529
0.3115
0.2832
0.2832
0.1982
0.1699
0.1586
0.1501
0.1472
0.1444
0.1472
0.1444
0.1388
0.2010
0.1954
0.1444
0.1359
0.1303
0.1274
0.1274
0.1246
0.1246
0.1218
0.1189
0.1189
0.1189
0.1189
0.1161
0.1161
0.1133
0.1133
0.1133
0.1133
0.1104
0.1076
0.1076
0.1076
0.1133
0.1104
0.1133
0.1161
0.1133
0.1104
0.1076
0.1076
0.1076
0.1161
0.1076
0.1104
0.1189
0.1161
0.1133
2.8600
1.5857
0.4248
0.2095
0.2124
0.3115
0.2039
0.1671
0.1444
0.1359
0.1444
0.1444
0.1303
0.1274
0.1246
0.1218
0.2718
0.6230
0.5380
0.2237
0.1699
0.1557
0.1586
0.1359
0.1331
0.1274
0.1218
0.1189
0.1218
0.1274
0.1161
0.1161
0.1161
0.1104
0.1104
0.1076
0.1076
0.1133
0.1189
0.1104
0.1133
0.1133
0.1133
0.1104
0.1104
0.1076
0.1076
0.1076
0.1076
0.1076
0.1104
0.2237
0.1303
0.1218
0.1189
0.3398
0.1784
0.1416
0.1303
0.1218
0.2180
0.1727
0.1331
0.1246
0.1218
0.1274
0.1246
0.1133
0.1161
0.1133
0.1133
0.1076
0.1274
0.1642
0.1359
0.1189
0.1133
0.1954
0.1586
0.1246
0.1189
0.1529
0.1671
0.3964
0.3115
0.2605
0.2152
0.1841
0.3398
0.5947
0.2605
0.1897
0.1642
0.1501
0.1671
0.1388
0.1303
0.1274
0.1246
0.1218
0.1189
0.1161
0.1133
0.1133
0.1133
0.1133
0.1104
1.5857
1.3026
0.3115
0.1926
0.1586
0.1472
0.1529
0.1359
0.1557
0.1727
0.2180
0.1756
0.1529
0.1501
0.1388
0.1359
0.1303
0.5947
1.0477
0.3681
0.2209
0.1869
0.2775
0.3398
0.1982
0.1869
0.1614
0.1756
0.1472
0.1416
0.1897
0.1444
0.1359
0.1671
0.1359
0.1331
0.1246
0.1246
0.1218
0.1189
0.1189
0.1246
0.1189
0.1161
0.3398
0.2152
0.1444
0.1303
0.1274
0.1246
0.1218
0.1161
0.1133
0.1444
0.2124
0.4531
0.5097
0.7362
0.2379
0.1812
0.1529
0.2010
0.4248
0.8778
0.5380
0.4248
0.3681
0.2520
0.1897
0.1671
0.1784
0.1501
0.1416
0.1359
1.2459
0.3115
0.2039
0.1699
0.3115
0.5663
0.3115
0.2662
0.1982
0.1671
0.1529
0.1444
0.1388
0.1331
0.1274
0.1274
0.1303
0.2265
0.1388
0.1303
0.1274
0.1246
0.1869
0.1359
0.1472
0.1388
0.1529
0.1359
0.1274
0.1274
0.1246
0.1218
0.1189
0.1189
0.1133
0.1133
0.5380
0.6230
0.1926
0.1529
0.1416
0.1359
0.1331
0.1303
0.1529
0.4814
0.3115
0.1869
0.1699
0.5947
0.3398
0.2095
0.1161
0.1133
0.1161
0.1161
0.1189
0.1189
0.1161
0.1161
0.1133
0.1133
0.1161
0.1189
0.1189
0.1189
0.1189
0.1189
0.1189
0.1189
0.1189
0.1161
0.1161
0.1161
0.1133
0.1133
0.1246
0.1189
0.1161
0.2520
0.2832
0.1557
0.1557
0.1331
0.1303
0.1586
0.1331
0.1246
0.1218
0.1189
0.1189
0.1161
0.1133
0.1982
0.1274
0.6230
0.6230
1.7556
0.8778
0.4248
0.2832
0.2180
0.1897
0.1614
0.1472
0.1388
0.1303
0.1303
0.1274
0.1189
0.6230
0.4814
0.2010
0.1529
0.2662
0.1642
0.1416
0.1331
0.7362
0.2832
0.1841
0.1557
0.1444
0.1388
0.1416
0.1529
0.1472
0.1303
0.1303
0.1303
0.2124
0.1444
0.1331
0.1246
0.1218
0.1444
0.1218
0.1189
0.1189
0.1671
0.2350
0.1671
0.1416
0.1274
0.1246
0.1444
0.1218
0.1161
0.1104
0.1076
0.1076
0.1076
0.1019
0.2520
0.3681
0.1671
0.1388
0.1303
0.4248
0.1812
0.1472
0.1727
0.3115
0.2464
0.1671
0.1444
0.1331
0.2520
0.1841
0.1416
0.1303
0.1246
0.2832
0.8212
1.0477
0.2832
0.1926
0.1642
0.1529
0.1416
0.8212
0.2662
0.1841
0.1557
0.1416
0.1388
0.5663
3.6812
1.2743
0.4248
0.2407
0.1926
0.1671
0.1501
0.1671
0.1841
0.1982
0.1642
0.4248
0.2067
0.1869
0.1586
0.1982
0.1784
0.1501
0.1416
0.1359
0.1303
0.1671
0.1614
0.1529
0.1303
0.1218
0.1133
0.1104
0.1076
0.1048
0.4248
0.3398
0.1812
0.1444
0.1331
0.1246
0.1218
0.1161
0.1133
0.1133
0.1104
0.1076
0.2010
0.1416
0.1218
0.1812
0.2180
0.1331
0.5947
0.1727
0.1586
0.1614
0.1246
0.1841
0.1699
0.2832
0.1727
0.1472
0.1642
0.2379
0.1501
0.1841
0.1841
0.1388
0.1246
0.1189
0.1133
0.1133
0.1161
0.1076
0.1076
0.1048
0.1019
0.1019
0.1897
0.1727
0.1699
0.1388
0.1218
0.1133
0.1104
0.1076
0.1048
0.1019
0.1048
0.1048
0.1019
0.1019
0.1048
0.1048
0.1189
0.1303
0.1274
0.1189
0.1161
0.1076
0.2010
0.1274
0.1189
0.1161
0.2237
0.1784
0.2577
0.1727
0.1444
0.1274
0.1189
0.1133
0.5947
0.7362
0.8778
0.7646
0.3398
0.2265
0.4531
0.7646
0.6230
0.3398
0.2803
0.2010
0.1699
0.1501
0.1416
0.1359
0.2152
0.1331
0.1218
0.1161
0.1133
0.1104
0.1076
0.1076
0.1019
0.1019
0.2350
0.3964
0.2209
0.2294
0.1869
0.2322
0.1671
0.1388
0.1218
0.1133
0.1104
0.1076
0.1076
0.1019
0.1104
0.1019
0.2832
0.1388
0.4248
0.1727
0.1416
0.1303
0.1218
0.1161
0.1218
0.1331
0.2039
0.2718
0.1501
0.1331
0.8778
0.2464
0.1671
0.1472
0.1501
0.1303
0.1274
0.1189
0.1161
0.1133
0.1218
0.1303
0.1218
0.1161
0.1104
0.1699
0.1331
0.1303
0.1189
0.1133
0.4531
0.2124
0.1472
0.1303
0.1189
0.1133
0.1104
0.1076
0.1076
0.1048
0.1019
0.1133
1.3309
0.4814
0.2464
2.2087
1.5008
0.3115
2.5485
0.8495
0.2832
0.3964
0.4814
0.2379
0.2095
0.1784
0.1586
2.2937
0.3681
0.2350
0.3115
0.2435
0.2095
0.1812
0.5947
0.6796
1.1893
1.5291
1.0760
0.7362
0.4814
0.3398
0.5097
1.3309
0.8778
0.3681
0.1557
0.1557
0.1529
0.3115
0.1727
0.1671
0.6230
0.3115
0.2152
0.1926
0.1784
0.1727
0.1699
0.1671
0.1671
0.1642
0.1614
0.1699
0.2520
0.1897
0.1727
0.1642
0.1671
0.1926
0.1784
0.1671
0.2010
0.2832
0.2209
0.3681
0.4248
0.3115
0.2237
0.1926
0.2832
1.3309
0.5380
0.3115
0.2294
0.2010
0.1812
0.1727
0.1699
0.5097
1.0477
0.3398
0.3115
1.3592
0.5947
0.3115
0.2379
0.2095
0.2124
0.1897
0.1784
0.1727
0.3964
0.2832
0.2633
0.5947
0.3964
0.3115
0.2718
0.2435
0.2152
0.1954
0.1982
0.2067
0.2180
0.2379
0.1869
0.1756
0.1727
0.1699
0.1671
0.1642
0.1642
0.2577
0.2605
0.1727
0.1699
0.1642
0.1699
0.1642
0.1586
0.1614
0.1727
0.2294
0.1982
0.1671
0.4531
0.9345
1.4442
0.3964
0.2577
0.2124
0.2803
0.2407
0.1926
0.1982
0.2237
0.1812
0.1982
0.1727
0.1756
0.1727
0.1642
0.2379
0.3681
0.2379
0.1869
0.1727
0.8495
0.2832
0.2124
0.1897
0.1812
2.9450
0.3681
0.2407
0.3398
0.3115
0.5380
1.4725
6.8244
1.0477
0.7079
0.4531
0.2803
0.2237
0.2039
0.1926
0.2039
0.7646
1.2743
0.5380
0.2832
0.2265
0.2039
0.1954
0.1841
0.1784
0.1727
0.1699
0.1699
0.2577
0.2690
0.3398
0.3398
0.2577
0.2067
0.1841
0.1727
0.1699
0.1671
0.5097
0.2718
0.2010
0.1841
0.5663
0.3398
0.2209
0.2010
0.2067
0.1869
0.1897
0.1756
0.1699
0.1642
0.1671
0.1614
0.1586
0.1586
0.1557
0.1529
0.6796
0.8495
0.2832
0.2407
1.5008
0.5097
0.3115
