11.5250
4.3891
1.1893
0.1841
0.0538
0.0708
0.9061
0.0878
0.0481
0.0425
0.0425
0.0425
0.0425
0.0425
0.0425
0.0425
0.0481
0.0481
0.0481
0.0481
0.0481
0.0481
0.0481
0.0793
0.2379
2.4919
0.1019
0.0481
0.0425
0.3681
0.1784
0.1048
0.4814
0.2265
0.0708
0.0538
0.1274
0.0481
0.0425
0.0425
0.0425
0.0425
0.0481
0.0623
0.0538
0.0481
0.0481
0.0425
0.0425
2.6335
0.2180
0.0651
2.2370
17.4715
3.1432
0.3681
0.7079
0.1671
0.1614
0.1048
0.0623
0.0623
0.0538
0.0481
0.3115
0.0821
0.0538
0.0538
0.0481
0.0481
0.0538
1.0194
9.2313
5.0404
3.8511
0.5380
12.2612
5.8616
1.9255
0.3115
0.1274
3.5113
61.4476
33.1307
46.4396
20.7562
10.5622
5.0404
2.6335
2.4636
2.3786
1.5008
2.0954
1.3592
0.9628
0.7646
3.9360
3.6246
0.7362
0.3964
0.2803
0.1303
0.0538
0.0538
0.0481
0.0538
0.0651
0.0651
0.0651
0.0623
0.0538
1.7556
22.1721
8.3535
2.6335
1.4158
5.8616
9.4295
8.2685
20.9828
14.1018
24.3242
55.5010
78.4377
38.5109
21.0394
9.9392
7.3624
4.3042
4.5590
3.5962
2.2370
1.6141
2.1521
5.4652
2.0954
3.7661
2.6618
1.0477
0.7646
0.3964
0.2379
0.1841
0.1416
0.5380
1.9822
0.2067
0.1416
0.1416
8.9764
5.5218
1.2176
0.5380
0.3115
0.7362
1.4158
9.9392
8.7216
11.7515
16.4804
10.7887
6.3996
8.0137
3.1432
1.3026
0.5380
0.3398
0.5380
0.2803
1.5857
0.2152
0.1529
0.1303
0.4531
0.1501
0.1416
0.1303
0.1274
0.1274
0.1274
0.1274
0.1274
0.0340
0.0340
0.1274
1.3026
1.9255
0.2265
10.5905
17.0751
2.8883
0.6796
2.6618
1.4442
2.3220
1.6990
0.3115
1.6707
3.8511
5.6634
5.0404
4.5024
2.4919
0.6796
0.2180
0.0623
0.0623
0.0651
82.6852
29.7327
8.3535
4.3891
17.5564
6.0315
0.6513
0.0130
0.0088
0.0088
0.4248
0.1133
0.0176
0.0130
0.0088
0.0088
0.0088
0.0088
0.0088
0.0088
0.0088
0.8495
3.7661
0.5663
0.0878
0.3681
0.0130
0.0088
0.0088
0.0088
2.8883
22.6535
13.1107
2.3220
0.4814
2.1521
4.1059
0.6796
2.5768
6.9093
4.1626
5.6917
1.6990
0.4814
2.2653
2.0671
0.0130
0.0130
0.8778
3.5113
0.6230
0.0176
0.0088
0.0088
0.0088
0.0088
0.0088
0.0088
0.0088
0.0088
0.0088
0.0088
0.0088
0.0088
0.0088
0.0263
0.0263
0.0263
0.0263
0.0263
0.0263
0.0263
0.0263
2.4069
6.3430
3.1432
5.0404
2.0105
0.0878
3.3697
1.9822
2.4636
1.6141
0.0396
0.0623
0.2549
1.5857
0.1104
0.0263
0.0311
0.0311
0.1586
0.4531
1.4442
0.3115
0.0263
0.0263
0.0311
0.0263
0.3964
0.3681
0.0263
0.0263
0.0263
0.0263
0.0396
0.0340
0.0263
0.0263
0.0263
0.0218
0.0218
0.0218
0.0218
0.0218
0.0218
0.0263
0.0263
0.0263
0.0311
0.0263
0.0263
0.0263
0.1897
5.2953
3.3697
0.0340
0.0263
0.0263
0.0218
0.0218
0.0218
0.0218
0.0218
0.0218
0.5663
0.0218
0.0218
0.4248
0.7646
0.7362
1.5291
2.9733
0.0218
0.0218
0.0218
0.0218
0.0218
0.0218
0.0218
0.0218
0.2379
0.0963
0.0218
0.0218
0.0218
0.0218
0.0651
0.0042
0.0042
0.0042
0.0042
0.0042
0.0042
0.0042
0.0042
0.0042
0.0025
0.0025
0.0017
0.0025
0.0042
0.0025
0.0025
11.8648
7.9287
3.9360
12.2329
13.9602
5.5501
2.6618
1.6707
0.0425
0.0425
0.0425
2.3220
38.2277
15.7725
2.6335
2.6335
2.6335
0.0425
0.0425
0.0425
0.0425
0.0425
0.0425
0.4248
0.0218
0.0218
0.0218
0.0218
0.0218
0.0218
1.0477
0.2180
0.2180
0.2180
0.2180
0.2180
0.2180
0.0218
0.0088
0.0176
0.1189
0.0623
0.0176
0.0130
6.3996
2.6335
0.3681
0.2095
0.0623
3.5113
2.8034
0.9628
0.3681
0.1926
4.7855
1.5857
0.2152
0.0311
0.0088
0.0088
0.0088
2.9733
0.7362
0.0311
0.0088
0.0088
0.0088
0.0088
0.0088
0.0088
0.1501
0.0130
0.0130
0.0088
0.0130
0.0088
0.0088
0.0088
0.0088
0.0088
0.0088
0.0088
0.0088
0.0088
0.0088
0.0088
0.0088
0.0088
0.0176
0.0130
0.0130
0.0130
0.0130
0.0176
0.0176
0.0176
0.0176
0.0176
0.0176
0.1756
0.0088
0.0088
0.0088
0.0088
0.0425
13.3089
1.0194
0.2832
0.8495
0.0042
0.0088
0.0040
0.0025
0.0017
0.0014
0.0008
0.0008
0.0014
0.0017
0.0017
0.0017
0.0017
0.0017
0.0017
0.0017
0.0017
0.0017
0.0017
0.0017
0.0023
0.6230
4.3891
1.1893
1.1044
0.0821
0.2464
0.0906
0.0031
0.0017
0.3115
0.0042
26.0232
25.2869
4.0210
1.9822
8.1553
10.4206
4.9838
1.8406
0.9061
0.4814
0.4248
1.1044
0.8495
4.1059
21.2376
12.7426
2.5485
1.5008
0.9061
2.6335
1.0477
7.8438
1.9822
0.6513
0.1841
0.0736
0.0651
0.0566
0.0538
0.0396
0.0218
0.0176
3.6812
2.8034
1.4158
1.6141
9.6844
6.0315
2.0105
0.4248
1.5008
0.3964
0.0340
0.0218
0.0218
0.0218
0.0218
0.0218
0.0176
0.0176
0.7929
2.8034
1.1044
1.2743
0.6230
0.0042
0.0040
27.5523
19.8784
4.6440
2.4636
1.6141
1.1893
0.9628
0.7362
0.3398
0.1274
0.1529
0.1586
0.2549
0.1501
0.1444
0.0708
0.9628
11.2984
48.7050
40.7763
32.8475
11.1285
7.2208
4.3891
2.3786
1.6707
2.6335
2.1804
3.9927
7.4473
2.8600
1.1044
0.6796
0.3398
0.3964
11.6665
22.8800
6.9659
4.4174
3.5396
3.3414
4.5873
3.3414
2.0954
1.5857
0.0176
0.0176
0.0130
0.0176
0.0130
0.0176
0.0176
0.0176
0.2832
0.0821
0.0176
0.0176
0.0176
0.0176
0.0176
0.0176
0.0176
0.0176
0.0130
0.0176
0.0176
1.2176
0.8495
1.8406
0.0425
0.0218
0.0130
0.0130
0.0130
0.0130
0.0130
0.0130
0.0130
0.0130
0.0088
0.1019
1.3592
0.6230
0.0708
0.0130
0.0130
0.0130
0.0130
0.0088
0.0130
0.0130
0.0130
0.0176
0.0176
0.1218
7.7022
1.5291
3.0299
0.1756
0.1614
3.9927
1.0194
5.4368
1.1327
0.1133
0.0088
0.0042
0.0042
0.0042
0.0042
0.0042
0.0042
0.3681
0.3115
0.0042
0.0042
2.4636
4.8988
11.0436
1.4442
0.6796
0.6796
0.4248
0.3398
0.4531
0.4248
4.3325
8.0986
10.0242
123.1783
28.0903
9.2030
5.5218
5.7766
4.2475
3.1432
2.5485
2.3220
2.2370
2.1521
1.9255
1.7840
1.7556
1.5008
1.1893
0.7929
0.4248
0.0963
0.0538
4.5024
14.3283
2.3220
8.8349
1.8406
0.9061
2.1521
3.5396
2.0954
0.3964
0.3115
0.0566
0.0425
0.0425
2.0954
0.1897
0.0425
0.8495
3.9077
5.1820
0.8212
0.6796
0.6796
0.5380
0.1048
0.0311
0.0263
5.4368
10.5622
1.3592
0.8778
0.6796
0.1416
0.0340
0.0311
2.2370
0.8778
0.7079
0.0425
0.0340
0.0340
0.0340
0.0340
0.0396
0.0340
0.0340
0.0340
0.0340
0.0340
0.0396
0.0396
0.0340
0.0311
0.0311
0.0311
0.0311
0.0311
0.0311
0.0311
0.0263
0.0311
0.0396
0.0340
0.0340
0.0340
0.0340
0.0311
0.0311
0.0263
0.0340
7.3907
12.0063
22.4836
8.1553
3.7661
2.9733
3.9927
6.8810
2.9733
0.0368
3.2281
0.2265
0.0368
0.0368
0.0396
0.0368
0.0340
0.0340
0.0340
0.0340
0.0340
0.0340
0.0368
0.0368
0.0368
0.0368
0.0368
0.0368
0.0340
0.0340
0.0311
0.0340
0.0311
0.0311
0.0311
0.0311
0.0311
0.3964
0.1048
0.0280
0.0280
0.0272
0.0272
94.5783
48.1386
24.8905
16.1972
7.5323
15.2345
26.6462
18.5759
4.3891
2.6618
2.7184
1.8406
2.0105
1.8972
3.3414
1.3592
0.1841
0.0263
0.7362
0.2237
0.0210
0.0201
0.0193
0.0184
1.9255
1.6707
0.6513
0.3398
0.1699
0.0453
0.0176
2.4069
1.2743
0.6230
0.3964
2.1521
1.8972
0.3964
2.0671
0.3681
0.1784
0.0963
0.0176
0.2577
0.0176
0.0161
0.0159
0.0159
0.0159
0.0159
0.0159
3.2281
1.0477
0.0190
0.0167
1.5291
0.2379
0.0566
0.1784
0.0255
0.6513
2.0671
0.2633
1.7556
0.0167
0.3681
0.0167
0.0167
0.0167
0.0167
0.0167
0.0167
1.4158
2.7184
1.3026
2.5485
1.6990
0.6796
0.1218
1.0477
4.6440
0.5380
0.0178
0.0161
2.9450
8.7216
0.8778
0.0708
0.0190
0.0190
0.0190
0.0190
0.0190
0.0190
0.0190
0.0190
0.0190
0.0201
0.0210
5.1253
4.2475
2.7467
1.5008
15.5459
21.9172
7.1925
2.7184
2.6335
2.5768
2.0105
3.5962
1.2743
0.4248
0.2407
1.8406
0.7079
0.5947
1.5857
0.3964
3.4263
3.3414
9.4578
3.0299
5.6634
6.0032
3.3414
2.4636
1.1044
0.4531
0.1897
0.0425
0.0210
0.0210
0.0210
0.0201
0.0201
0.0210
8.4951
1.5008
0.2577
0.0340
0.0241
0.0150
0.0136
0.0136
0.4814
0.1926
0.0136
0.1444
0.0130
0.0113
0.0623
0.2095
1.3026
0.0144
0.0113
0.0102
0.0088
0.0071
0.0057
0.0057
0.0040
0.0040
0.0040
0.0040
0.0057
0.0057
0.0057
0.0040
0.0040
0.0040
0.0040
0.0040
0.0040
0.3681
0.0144
0.0263
0.0263
0.0161
0.7079
0.6230
0.0176
31.4317
8.4951
6.1731
2.5768
1.3026
0.4531
0.4814
1.7840
0.2803
0.5380
6.4846
0.7929
0.0396
0.3398
0.0425
1.9255
3.5113
1.2176
2.1521
0.2379
1.8406
39.6436
3.6812
1.9822
0.8212
0.2662
0.0057
0.0040
0.0025
0.0025
0.0017
0.0017
0.0008
0.0623
9.2879
2.7467
1.5008
0.4248
8.3252
31.4317
9.5428
37.9446
28.2036
40.7763
17.5281
9.5428
4.6440
4.2475
15.2345
19.7935
6.5695
3.1432
5.2669
4.9554
2.2370
1.5857
1.2743
0.9628
0.7646
0.7079
0.5380
0.3398
4.7289
13.9602
2.7467
14.7248
3.3697
2.2370
1.7556
1.4442
0.9628
0.6513
0.5380
0.3964
0.5097
0.5663
12.2612
2.7467
1.5857
28.0054
13.3656
5.9182
3.5962
2.9733
2.5768
1.9822
1.6990
1.5008
1.3592
1.1044
0.9061
0.8212
0.5663
0.4248
1.7840
0.7646
0.5380
0.3964
0.3398
0.2832
0.2265
0.1189
0.1841
0.1189
0.0878
0.2379
2.7467
9.9958
73.6238
6.5695
3.8511
4.3891
2.5768
1.9255
1.5857
3.5113
2.9733
3.4547
5.6067
9.8543
16.4804
2.5768
1.5857
1.0477
0.6513
0.3964
0.3681
0.3398
0.1501
0.0311
0.0263
1.5291
21.2376
6.9659
9.7127
3.5962
2.5768
2.0105
1.6990
1.5008
1.3592
3.3697
0.3115
0.0263
0.0263
5.3802
5.6067
3.1432
1.3026
0.0821
0.2633
0.3115
0.0311
0.0263
0.0263
0.0218
0.0176
0.0218
0.0340
0.0311
0.0218
0.0176
0.0176
0.0176
0.3964
2.4069
1.4442
0.0218
0.0176
0.0311
1.2743
0.0708
0.2464
0.3681
0.0176
0.0176
0.0176
0.0176
0.0481
3.6812
0.0906
0.0218
27.7222
19.3121
7.1925
3.5962
2.5768
1.8406
0.9628
25.7117
38.7941
4.9554
2.9733
2.2370
2.0105
1.0477
0.5663
3.0299
2.0105
0.6796
0.3681
0.2379
0.1303
7.8438
3.8511
0.5663
0.0651
0.0425
0.0263
0.0176
0.0176
0.0176
0.0176
0.0218
0.0176
0.0176
0.0218
0.1501
1.3592
1.8972
0.2492
0.0176
1.0194
0.1444
0.0176
0.0263
0.0481
0.0263
0.2407
1.3026
2.1804
1.7556
1.2743
1.1327
1.1044
0.6513
0.7646
0.8212
0.3115
1.4158
0.0218
0.0176
0.0176
0.0176
0.6230
2.8883
1.0477
0.0623
0.0176
0.0176
0.0176
0.0176
0.0130
0.0130
0.0130
0.0130
0.0130
0.0176
0.0176
0.0176
0.0176
0.0176
0.0130
0.0130
0.0176
0.0340
0.0218
0.0176
0.0176
0.0176
0.0176
0.0176
0.0130
0.0130
0.0130
0.0130
0.0130
0.0130
0.0176
0.0176
0.0263
0.0176
0.0176
0.0218
0.0218
0.5947
0.3115
1.5857
2.8883
0.1218
0.1048
0.0176
0.0176
10.1657
6.0315
1.0477
0.0425
0.0218
0.0176
0.0176
0.0176
0.0176
0.0311
0.0176
0.0176
0.0130
0.0130
0.0088
0.0088
0.0088
0.0130
0.0176
0.0130
0.0130
0.0130
0.0130
0.0088
0.0130
0.0176
0.0176
0.0176
0.0396
1.0194
0.0088
0.0088
0.0088
0.0088
0.0088
0.0088
0.9061
0.1926
0.0176
1.7556
3.1998
0.5097
0.0176
0.0088
0.0088
0.0088
0.0088
0.1104
0.0130
0.0651
0.0176
1.1893
0.0311
0.2803
1.4158
3.9360
0.0263
0.0878
0.0088
0.0088
0.0088
0.0088
0.5380
11.2984
1.3592
0.0425
0.0130
0.0130
0.1444
3.4547
2.0671
0.2265
2.7184
0.8778
0.0218
0.0130
0.7362
0.5380
0.6796
0.0176
0.0088
0.0088
0.0088
0.0088
0.0088
0.0088
0.0088
0.0088
0.0088
0.0130
0.0176
0.0176
0.0130
9.1463
8.0986
14.2434
5.7766
1.1327
2.0671
1.5008
1.4158
3.1149
7.2774
9.1463
4.1626
25.2869
6.5695
5.2669
2.9733
8.4667
12.4877
15.2911
6.0315
5.6067
2.7184
1.5008
1.1327
1.8406
0.9628
0.5380
0.3681
2.4919
1.1044
1.2743
0.3681
0.2010
0.0651
0.0263
0.0176
0.0176
0.0340
0.3681
0.7079
0.0340
0.0176
0.3681
0.0623
0.0130
0.0130
0.0088
16.2539
16.6786
4.9554
1.5291
0.7362
0.4531
1.0194
0.3398
0.7646
9.4295
9.0614
1.5008
4.9838
8.7216
8.4667
1.9822
1.1893
16.2822
5.2669
7.3907
3.5962
7.0509
6.2297
3.8511
57.4832
7.4473
4.4741
2.2370
1.8406
39.0772
12.9125
11.6665
12.3461
16.4238
7.9854
8.1553
36.2456
41.0594
10.4206
17.6131
12.9691
7.9854
5.2669
4.6440
4.3891
2.9733
2.0105
1.8972
1.1893
1.8972
2.1804
1.6707
1.1893
0.7362
0.6513
0.6513
13.1957
7.7871
2.8883
1.5008
0.8212
0.6513
0.5097
0.6230
1.6707
1.6707
1.6141
1.5291
1.2743
1.3026
0.9061
6.3147
13.1107
0.0130
0.0088
0.0088
0.0088
0.0088
0.0130
0.0130
0.0130
0.0088
0.0088
0.0130
0.0130
0.0130
0.0130
0.0130
0.0130
0.0130
0.1104
0.0708
0.2237
0.0218
0.0708
1.0477
0.1359
0.0130
0.0130
0.0130
0.0130
0.0130
0.0130
0.0088
0.0088
0.0088
0.0088
0.0088
0.0088
0.0088
0.0088
0.0088
0.0088
0.0088
0.0088
0.0088
0.0088
0.0088
0.0088
2.4636
27.8638
92.0298
12.9691
4.6440
2.7467
2.7467
17.1600
15.7725
4.3891
3.8511
2.9733
3.7095
1.5857
0.8212
1.1893
0.3398
0.0963
0.0340
0.0218
0.0176
0.0176
0.0176
0.0176
0.0176
0.0176
0.0176
0.0176
2.7467
17.5564
2.9450
0.2549
0.0396
0.0176
0.0176
0.0130
0.0130
0.0130
0.0130
0.1218
0.3115
3.4263
6.0315
3.5113
5.6067
10.3073
7.5889
7.6172
2.9450
1.2743
0.4248
0.0708
0.0263
0.0176
0.0176
0.0176
0.0176
0.0176
0.0176
0.0130
0.0736
13.9602
8.3535
2.8034
2.2370
3.9927
3.1149
4.8139
9.2879
7.5040
3.7661
6.4279
9.7127
4.0210
2.0671
1.4158
7.0226
2.4069
1.1893
1.1044
5.7766
1.0194
0.1671
0.0651
0.2549
0.9628
2.5485
0.8495
5.4368
3.1432
2.2370
1.4442
1.5291
1.5857
0.3681
0.0821
6.3996
4.8139
1.5008
1.3592
0.7929
0.0340
0.0218
0.5663
0.0340
1.5291
10.4206
44.7406
44.1743
31.1485
42.7584
22.3420
11.2984
6.2297
3.5962
2.4069
1.5857
1.2743
1.0194
0.8212
0.6230
0.4248
1.0477
1.3026
0.7362
0.0311
0.3115
2.7467
1.9255
0.2832
0.6230
0.2492
0.0793
0.7079
0.5097
0.0340
0.0088
0.0130
0.0130
0.0130
0.0130
0.0130
0.0176
0.0425
0.0130
0.0130
0.0088
0.0088
0.0088
0.0088
0.0088
0.0088
0.0088
0.0088
0.0088
0.0088
0.0088
0.0088
0.0088
0.0088
0.0088
0.0088
0.0088
0.0088
0.0088
0.0088
0.0088
0.2549
0.0176
0.0088
0.1784
0.3681
0.0130
0.0088
0.0088
0.0088
0.0088
0.0088
0.0088
0.0088
0.0088
0.0088
0.0088
0.0088
0.0088
0.0088
0.0088
0.0088
0.0088
0.0088
0.0088
7.5323
1.0477
0.0130
0.0088
0.0088
0.0088
0.0088
0.0088
0.0088
0.0088
0.0088
0.0088
0.0088
0.0088
0.0088
0.0042
0.0088
27.3824
3.5113
0.3115
0.1926
0.1784
0.0963
0.0538
0.0042
1.3592
69.6594
17.1317
6.5695
6.5695
1.3026
1.3026
0.0263
0.0263
0.0088
0.0088
0.0088
0.0088
0.0088
0.0088
0.0088
0.0088
0.0042
0.0042
0.0042
0.0042
0.0042
0.0042
0.0042
0.0088
0.0088
0.0088
0.0042
0.0042
0.0088
0.0088
0.6230
3.4547
0.9061
0.3115
0.0263
0.0130
0.1586
0.1756
0.0130
0.0088
0.0130
2.0671
1.7556
0.0311
0.3681
0.5097
0.0130
0.0130
0.0130
0.0176
1.8972
0.2803
0.0176
0.0130
0.0130
0.0130
0.0130
0.1897
5.4368
7.6739
6.8244
1.9822
0.3115
0.0538
0.0263
0.0218
0.0176
0.0176
0.0130
0.0130
0.0130
0.0130
0.0130
0.0130
0.0130
0.0130
0.0130
0.0130
0.0130
0.0130
0.0130
0.0088
0.0088
0.0088
0.0088
0.0130
0.0088
0.0088
0.0088
0.0088
0.0088
0.0088
0.0088
0.0088
0.0088
0.0088
0.0088
0.0088
0.0130
0.2010
0.0736
0.0130
0.0088
0.0088
0.0088
0.0963
0.0481
0.0088
0.0088
0.0088
0.0042
0.0042
0.0042
0.0088
0.0088
0.0088
1.0477
0.6513
0.0878
0.0088
0.0651
5.6634
0.7646
2.1804
0.5380
0.0088
2.0954
1.2743
1.1893
0.0088
0.0088
0.0042
0.0042
0.0042
0.0042
0.0088
0.6796
0.0481
0.0088
0.0088
0.0042
2.0671
33.1307
1.6707
0.0623
0.0396
0.0088
0.0088
0.0042
0.0042
0.0042
0.0042
0.0042
0.0088
0.9628
3.8228
0.7362
0.0130
1.6141
0.1529
0.4248
0.2662
0.0088
0.0088
0.0088
0.0042
0.0042
0.0042
0.0042
0.0042
0.0042
0.0042
8.0137
0.5663
0.0088
0.0088
0.0042
0.0088
0.0042
0.0042
0.0042
0.0042
1.3592
2.6335
6.9093
1.2743
4.1059
13.5921
4.8705
8.1836
2.5485
0.3681
0.0263
1.6141
0.9628
2.9450
1.9255
0.2832
0.0793
10.9869
9.9392
4.4741
0.9061
0.2633
0.3681
0.2633
0.1784
0.0088
0.0088
5.8616
4.1059
2.2370
3.2281
0.5947
11.6665
7.6172
3.5396
1.8972
0.7362
2.8034
3.5113
1.4158
3.2848
2.8883
2.2370
1.1327
0.5947
0.3964
0.1303
0.0088
0.0088
0.0088
0.0088
0.0042
0.0042
0.0042
2.5485
0.3115
0.0878
0.0088
0.0088
0.0088
0.0088
0.0042
0.0042
0.1444
0.0963
0.0130
15.8574
47.8555
27.0709
10.6755
5.2953
4.7855
1.7840
1.1327
0.8212
0.6796
0.9628
0.5947
0.6796
0.2180
0.1501
11.8364
2.2370
0.3681
0.1303
3.2281
2.3786
0.9911
3.4547
0.9345
0.2237
0.0651
0.0623
0.1699
0.0566
6.1731
2.0954
0.4531
0.1444
0.0736
0.0396
0.3115
0.0906
0.0113
0.0079
0.0850
0.0258
0.0088
0.0062
0.0062
0.4248
2.2370
0.7929
0.6513
0.2237
0.0091
0.0091
0.0071
0.0065
0.0057
0.0054
0.0054
1.4725
0.6230
0.0057
0.0042
0.0034
0.0040
0.0040
0.0031
0.0023
0.0023
0.0023
0.0025
0.0025
0.0025
0.0025
0.0023
0.0023
0.0023
0.0023
0.0034
0.0249
0.0396
0.0034
0.0025
0.0025
0.0023
0.0368
2.5768
8.6366
0.3115
0.0071
0.0040
0.0025
0.0025
0.0017
0.0017
0.0017
0.0017
6.9659
8.3252
1.6141
1.4158
1.3026
1.2176
1.1327
1.0194
3.5113
2.1804
21.9172
28.8832
6.9659
2.6335
1.2459
0.9911
0.4248
0.1161
0.0906
0.0453
0.1727
0.0538
0.0272
0.0255
0.0255
0.0255
0.0255
0.0272
0.2407
0.1671
0.1303
0.2010
0.4814
6.6261
35.9624
17.5281
34.2634
8.4667
5.5501
4.5590
2.7467
2.4636
2.0954
2.1521
1.6990
1.5291
1.5291
1.9255
9.0614
4.5873
4.0776
3.3414
2.2653
1.7840
1.5574
0.6230
0.3964
0.3115
0.2407
0.2010
0.2803
0.1784
2.9733
2.4636
25.7966
56.9169
40.2099
47.0060
25.6267
14.2434
8.4667
5.8333
3.6812
2.9450
2.2653
1.9255
1.6141
1.4442
1.3026
1.4158
1.1044
1.2743
1.1610
0.9911
0.8212
1.7840
4.3891
3.8511
2.9733
2.0105
1.7273
1.0194
4.1626
26.0515
50.4040
12.4311
5.2953
2.6335
1.5291
0.9628
0.6513
0.5380
0.4248
10.9586
4.3891
1.9255
0.7929
0.3964
0.7079
2.4069
2.3786
10.5056
2.5768
0.3681
0.0311
0.0065
0.0062
0.0057
0.0057
0.0057
0.0057
0.0054
0.0054
0.0057
0.0023
0.0017
0.0017
0.0017
0.0017
0.0017
0.0017
0.0017
0.0017
0.0017
0.0017
0.0017
0.0017
0.0017
0.0017
0.0017
0.0017
0.0017
0.1841
0.0071
0.0082
2.3220
15.9990
5.5501
9.0614
10.9869
7.5889
12.2329
10.5905
2.3786
1.2176
1.2176
0.6513
0.3115
0.1359
2.2653
1.5857
9.3446
7.1925
3.2848
3.4547
1.5291
0.6796
0.0074
0.8495
0.1388
0.0054
0.3681
0.5380
0.0040
0.0850
0.2803
0.0510
22.6818
4.6440
0.3115
0.1274
0.0096
0.0054
0.0042
0.0040
0.0034
0.0034
0.0042
0.0241
0.6513
4.2192
2.9733
2.5485
14.2717
8.3252
4.3325
3.8228
2.7467
38.7941
14.0735
3.8511
2.2653
1.8406
0.7362
0.5947
2.9450
6.5695
1.8406
4.5024
2.1521
1.3592
0.2067
1.3592
17.5564
22.6535
13.6770
4.5590
2.7467
1.5857
0.7646
0.5947
0.4531
0.3398
0.2577
0.0680
0.0119
0.0096
0.5663
17.3865
8.6650
3.4547
5.0687
10.4206
5.9465
4.1059
2.2653
0.8212
0.7646
0.2492
0.0340
0.0065
0.0765
0.2577
0.0218
1.9822
18.2360
5.1820
2.0954
13.7054
44.1743
12.7992
4.7855
5.0404
5.1253
16.0840
6.6545
5.0404
3.1149
8.1836
4.7855
3.6812
20.8412
14.6398
4.7289
15.2345
11.7515
20.8978
16.4238
14.9796
6.9659
3.8511
2.2653
1.7273
1.5008
0.9345
0.8212
3.1998
1.8406
1.6990
4.4174
4.3042
9.9109
3.7661
5.7483
3.2281
2.5485
6.0315
2.8600
2.0954
2.4636
1.7840
3.4263
39.6436
86.3664
70.2258
16.3955
8.4667
5.5501
4.3042
3.4547
2.9450
2.4636
1.7273
1.3309
1.0760
0.7929
0.0042
1.5574
0.0425
0.0793
0.1784
0.0054
0.0054
0.0054
0.0054
0.0042
0.0042
0.0042
0.0042
0.0042
0.1642
0.0054
0.0048
6.6261
0.1133
0.0042
0.0054
0.0048
0.0054
0.0054
0.0054
0.0054
0.0048
0.0042
15.1212
2.4069
1.7273
5.7766
2.2370
0.0963
0.0034
2.3220
3.1432
2.8034
4.0210
1.0194
1.5574
0.5097
0.0878
0.0054
0.0048
0.0042
0.0034
0.0042
0.0040
0.0040
0.0034
0.0034
0.0042
0.0042
0.0042
9.6277
0.8495
0.0150
0.0042
0.0040
0.0040
0.0034
0.0042
0.0042
0.0042
0.0042
0.0048
0.0048
0.0048
0.0054
0.0054
0.0079
12.7426
0.1727
0.0079
0.0054
0.0042
0.0042
0.0040
0.0040
0.0057
0.0680
0.0042
5.2669
4.7006
12.5160
12.7992
3.6246
3.9927
3.4263
3.5396
1.8406
1.0477
0.1784
0.0119
0.0102
0.0071
0.0065
0.0054
0.4531
0.0159
0.0071
0.0054
0.0054
0.0054
0.0054
0.0054
0.0054
0.0048
0.0048
0.0048
0.0048
0.0048
0.0048
0.0048
0.2237
0.0048
0.0042
2.2653
50.6872
75.8891
10.8737
6.7111
5.1820
36.5287
19.7935
12.4311
14.0735
6.3147
2.7467
2.1521
1.6141
1.3026
2.2370
21.4642
17.3016
5.0687
3.1149
2.0954
1.6141
1.3026
1.1044
0.9911
0.9061
0.9061
1.5008
1.3026
2.1521
2.4636
5.0687
4.3042
6.0881
2.7467
2.0105
1.1044
0.6513
0.1784
0.2152
13.1107
4.7289
1.7840
2.9733
7.3624
13.6770
18.8307
12.1762
4.7855
1.9822
0.8495
2.8883
1.2459
0.6230
0.3398
0.5097
0.4531
0.0793
37.6614
22.3986
5.6067
9.8259
7.9287
4.8139
0.0074
0.0074
0.0074
0.0074
0.0096
1.5857
0.0088
0.0065
0.0065
0.0065
0.0074
0.0074
0.0065
0.0065
0.0062
0.0065
0.0088
0.0082
0.0074
0.0062
0.0054
0.0048
0.0048
0.0048
0.0054
0.0054
1.3592
2.2653
0.0136
0.0062
0.0054
0.0054
0.0048
0.0048
0.0048
0.0048
0.3681
0.1444
0.0065
0.4531
0.1218
7.7022
10.4772
18.1794
9.0331
12.2612
2.7184
0.5947
0.1982
0.0082
0.0054
0.0127
0.0062
0.0054
0.0054
0.0054
0.0048
0.0048
0.0048
0.0048
0.0048
0.3681
0.1331
0.0481
0.0054
0.0054
0.0054
0.0054
0.0054
0.0054
1.7273
0.5380
0.0170
0.0091
0.0074
0.0074
0.5380
0.7929
0.2832
0.0082
2.7467
5.4652
1.4158
0.0566
0.0074
0.0065
0.0062
0.0054
13.6770
19.9634
3.5396
0.4814
0.3964
0.0176
0.0088
0.0065
0.0062
0.6796
2.6335
1.5291
0.5947
0.1926
0.9061
0.1246
1.2176
0.6513
1.0194
0.5947
1.1327
1.4158
1.5857
0.2379
0.1699
0.0258
0.0088
0.0082
0.0065
0.0054
2.3220
3.1432
0.4248
0.0232
0.0110
0.1104
0.1133
0.1756
5.6634
14.1018
5.6634
16.7919
2.1804
1.1044
0.6796
0.6230
0.4248
0.2803
0.0708
0.0130
0.0074
0.0074
0.0074
0.0074
0.0082
0.0074
0.0082
0.0074
0.0054
0.5947
0.0127
0.2152
0.0241
22.1155
17.3016
12.1762
34.2634
9.8259
16.4804
4.3891
2.8034
2.4636
1.2176
2.5485
0.8778
0.6796
0.5663
0.5663
0.4531
0.3115
0.2492
2.0105
3.0582
0.7362
0.4531
0.2549
0.2407
0.1501
0.1104
0.0736
0.0510
0.0065
0.0074
0.0119
0.0054
0.0054
0.0054
0.0048
0.0048
0.0054
0.5097
3.0299
0.3115
0.0082
0.4814
0.0071
0.0054
1.0477
1.5008
0.4248
0.1218
0.0119
0.0065
0.0079
0.0065
0.3115
4.9838
4.2192
6.3996
1.1044
0.0821
0.0088
0.0263
0.0091
0.0481
0.0102
0.0082
0.0190
0.2010
0.7362
1.4442
0.8212
4.4174
0.9061
1.0477
1.4442
0.0396
1.1044
0.0153
0.0071
0.0071
0.0065
0.0065
0.0062
0.0054
0.0054
0.0054
0.9345
1.2459
0.0736
0.0071
10.0242
14.6398
0.5663
0.1019
0.0283
0.0065
0.0054
2.0105
0.3398
0.1161
0.0079
0.0057
0.0079
0.0272
0.0057
0.0054
0.0048
0.0048
0.0048
0.0510
0.7079
3.0299
1.6141
0.9061
0.5380
0.0096
0.0091
0.0088
0.0065
0.0054
0.0048
14.0735
26.0515
3.7661
1.1044
0.5947
4.8139
1.0477
6.8244
7.6172
1.7840
63.9961
22.2570
6.3147
2.9450
2.0105
1.6707
1.0760
1.4158
1.2743
0.6513
0.5097
0.4814
0.4531
0.7929
0.5380
0.4814
16.5087
4.3891
1.5008
0.9911
0.9061
0.7929
0.6796
0.3681
0.1756
0.0136
0.0119
0.0110
0.0566
0.0167
0.0623
0.3964
0.0481
0.0082
0.0071
0.0340
0.0065
0.0054
0.0054
0.0054
0.2180
0.0906
0.0065
0.0054
0.0054
0.0057
0.0071
0.0062
0.0062
0.0057
0.0153
0.0065
0.0054
0.0054
0.0062
0.0065
0.0054
0.0054
0.0054
0.0054
0.0048
0.0088
4.4174
0.4248
0.0062
0.0054
0.0048
0.0048
0.0048
0.0048
0.0048
0.0054
0.0054
0.0054
0.0054
0.2067
0.0057
0.0054
0.0054
0.0054
0.0054
0.0054
0.0054
0.0054
0.0054
1.7273
30.5822
4.3891
2.1804
0.2180
0.0425
0.0340
0.0311
0.0263
0.0263
0.0263
0.0340
0.0311
0.0263
0.0241
0.0218
0.0210
0.0190
0.0178
0.0159
0.0159
0.0150
0.0167
0.0425
0.0178
0.0150
0.0150
0.2577
2.9450
0.6513
0.0340
0.9061
1.7273
2.0105
1.8972
0.3115
0.0311
0.0122
0.0102
0.0091
0.0091
0.0088
0.0071
0.0071
0.0065
0.0071
0.0311
0.0241
0.0122
0.5380
2.6335
0.0311
0.0170
0.0311
0.0122
0.0091
0.0079
0.0065
0.0065
0.0057
0.0057
0.0054
0.0054
0.0054
0.0071
0.0054
0.0054
0.0088
0.0079
0.0079
0.0079
0.0074
0.0065
0.0065
0.0062
0.0057
0.0054
0.0054
0.0176
0.0110
0.0071
0.0057
0.0054
0.0263
1.9822
0.0651
0.0340
0.0263
0.0218
0.0198
0.0263
4.3891
2.6335
0.3115
0.0651
0.0218
0.0130
0.0088
0.0065
0.0054
0.0054
1.3026
0.0651
0.0218
0.0088
0.0065
0.0054
0.0054
0.0042
0.0031
0.0031
0.0017
0.0040
0.0040
0.0034
0.0031
0.0031
3.9077
0.1926
0.0091
0.0065
0.0057
0.0054
0.0042
0.0040
0.0031
0.0023
0.0014
0.0008
0.5663
0.0113
0.0042
0.0031
0.0017
0.0008
0.0008
0.0031
0.0065
0.0042
0.0040
0.0034
0.0031
0.0034
0.0054
0.0167
0.8495
0.4248
0.0110
0.0065
0.0042
0.0034
0.0023
0.0014
0.0008
0.0006
0.0006
0.0023
0.0034
0.0040
0.0042
0.0042
0.0057
0.9061
1.2459
1.1044
0.2095
0.0207
0.0079
0.0057
0.0040
0.0034
0.0040
0.0071
0.0178
0.0566
6.4279
0.8495
0.0215
0.0088
0.1133
0.0263
0.1133
0.0176
0.0088
13.2806
2.1521
1.2176
0.7362
0.1416
0.7929
1.7840
1.9255
0.8212
1.5008
1.7273
0.8495
1.1610
0.0623
0.0176
0.0176
3.6246
26.8161
7.3057
2.5485
0.2322
0.0340
1.1044
1.3309
0.0263
0.0088
0.0088
0.0088
0.1274
0.1699
0.7646
0.0340
0.0088
0.0088
0.6513
0.1104
0.0088
0.0088
0.0088
0.0263
0.1614
0.0088
0.0088
0.0088
0.1897
0.0088
5.6634
0.2718
0.5097
0.0481
0.0088
0.0088
0.0088
0.0088
0.1671
0.3964
0.1671
0.7362
9.1463
2.5768
5.3519
0.5097
3.2848
5.6067
0.5663
3.1432
1.3875
0.0340
0.0088
0.0088
0.0088
0.0088
0.0088
0.1982
4.7855
0.6230
0.0176
0.0088
0.0088
0.0088
0.0088
0.0088
0.0088
0.0088
0.0088
0.0088
0.0088
0.3964
0.0088
0.0088
0.0088
0.0088
0.0088
0.1048
0.0263
0.0088
0.0088
0.0088
0.0088
0.0088
0.0088
12.2329
2.4636
0.0425
0.0176
0.0088
0.0088
0.0088
0.0088
0.0088
0.0088
0.0088
0.0176
0.0088
0.0088
0.0088
0.0088
0.0088
0.0088
0.0088
0.0088
23.4463
1.1610
0.0176
14.0168
12.6293
12.3178
4.0210
0.2577
0.0263
0.6230
1.0477
0.5097
0.1586
24.3242
12.0063
1.8406
16.1972
12.7426
2.8034
0.5380
5.3802
9.5428
3.2281
0.5380
0.0425
4.0210
2.8883
1.7840
0.0340
0.1926
0.4814
11.2984
3.1149
0.2407
1.4158
0.2010
0.0088
0.2832
0.0042
0.0042
0.0176
0.4814
0.0065
0.0065
1.3309
0.4248
0.1416
0.0311
27.8071
47.2891
6.1448
2.0105
0.4531
0.1048
18.7174
104.7723
17.1317
8.1553
2.5485
0.8778
0.4248
4.6440
32.2812
12.6293
5.6634
3.9077
1.6990
0.9911
0.7929
48.1386
56.6337
13.3089
5.2669
3.5113
1.7556
1.5291
0.8778
10.5056
10.9586
2.1804
1.1044
0.6513
8.7499
4.8139
17.5281
6.5695
2.1804
3.9360
10.9586
1.7556
1.1044
0.4248
35.1129
17.5281
3.5113
6.1448
11.8364
9.6277
6.1448
2.1804
1.1044
0.7362
0.4248
0.2180
0.0878
0.0425
1.3026
1.2176
1.1044
1.0477
1.0194
0.9628
1.0194
1.1044
1.1893
2.9450
6.8244
7.0226
9.7693
10.6471
4.1059
1.8406
1.5574
0.4531
0.2662
1.3592
0.3681
0.1444
0.0538
0.0263
0.0263
0.0176
0.3398
0.5663
0.0130
0.4814
0.6230
0.0088
3.9077
0.7929
0.0130
0.0042
0.0042
0.0623
0.0425
0.0042
0.0042
17.2733
30.0159
23.7295
1.7840
0.7362
0.5663
0.3115
0.2265
0.1048
0.0311
0.0130
0.0088
0.0263
0.0263
0.0088
0.1303
3.7095
5.0404
1.8972
0.5663
0.0396
1.4158
2.7184
0.3115
0.0878
0.1303
0.0425
0.0057
0.0057
0.0057
0.0176
0.0057
0.0057
0.0057
0.0481
1.5857
0.7362
0.1699
0.0057
0.0057
0.0057
0.5097
0.1444
0.0088
0.0054
0.0054
0.0054
0.0054
0.0088
0.0130
0.0130
0.0088
0.0088
0.0088
0.0054
0.0054
0.0054
0.0054
0.0054
0.5097
0.1926
0.0057
0.0057
0.0057
0.0340
0.0176
2.8034
0.6230
0.0130
0.0088
0.0054
0.0054
0.0054
0.0054
0.0054
0.0054
0.2067
0.1897
0.0065
0.0065
0.2265
3.5962
9.3446
1.5008
8.8349
1.5857
0.0793
0.0218
0.0130
0.0054
0.0054
0.0054
0.0054
0.0054
0.0054
0.0054
0.0054
0.0218
0.0130
0.0057
0.0057
0.0057
10.7321
15.0362
5.8616
0.3681
0.0176
0.0130
0.0088
0.2803
0.3964
0.0218
0.0176
5.1820
0.2407
0.0088
0.0054
0.0054
0.0054
0.0054
0.0054
0.0054
0.0054
0.0054
0.0054
0.0054
0.0054
0.0054
0.0054
0.0054
0.0054
0.0054
0.0054
0.0054
0.0130
0.0088
0.0057
0.0057
0.0057
0.0040
0.0040
0.0040
0.0040
0.0040
0.0040
0.0040
0.0040
0.0040
0.0130
12.9691
2.2370
0.2464
0.0263
0.0263
0.0340
0.5380
0.2464
0.0311
0.6796
0.1218
1.2176
8.7499
1.8406
0.3681
14.8380
8.9481
1.2743
41.9089
7.9854
3.4263
59.4654
23.8711
16.1689
28.8832
29.4495
46.4396
65.6951
26.2780
11.8364
4.3891
2.1804
1.3026
0.8778
8.3252
16.1972
2.1804
5.2669
11.8364
3.2848
1.9822
1.6141
1.5291
1.5008
2.3786
0.6513
0.0878
0.0425
0.5380
0.0130
2.1521
1.1044
0.0176
0.0130
0.0088
0.0088
0.0088
0.0088
0.0042
0.0088
0.0088
0.0088
0.0088
0.0088
1.3592
0.0263
0.0130
0.0088
0.0088
0.0263
0.0425
0.0340
0.2492
0.0340
0.0042
0.0042
0.0042
0.0042
0.0042
0.0042
0.0042
0.0042
0.0042
0.0042
0.3964
0.3964
0.3964
0.3964
0.0130
0.0130
0.0130
0.0130
0.0130
0.0130
0.0130
0.3964
0.3964
0.3964
0.3964
9.6277
9.6277
9.6277
0.0218
0.0218
0.0218
0.0218
0.0218
0.0218
0.0218
0.0218
0.0218
0.0218
0.0218
0.0218
0.0218
0.0218
0.0218
0.0218
0.0218
0.0218
1.0194
15.4327
3.6246
0.7646
0.1529
0.0218
0.0130
0.0130
0.0088
0.0088
0.0088
0.0088
0.0088
0.0088
0.0088
0.0088
0.0042
0.0042
0.0042
0.0042
0.0042
0.0042
0.0042
0.0042
0.0042
0.0042
0.0042
1.7840
0.1897
0.0176
0.0130
0.0088
0.0088
0.0088
0.0042
0.0042
0.0042
0.0042
0.0042
0.0042
0.1019
0.0793
0.0088
0.0088
0.8212
3.2281
0.1274
0.0130
4.7855
2.8034
2.7467
2.2653
6.5695
0.9061
0.0906
0.8212
0.1048
0.0130
0.0088
0.0088
0.0088
0.0088
0.0042
1.4158
0.1841
0.0176
0.0176
0.0130
0.0088
0.0088
0.0042
0.0042
0.1189
1.2459
1.5857
0.6796
1.1893
0.4248
0.1218
0.0425
14.2717
8.2402
0.1444
0.2549
0.2322
0.0130
5.6917
1.7840
0.3398
0.1756
0.3115
0.1303
0.0878
2.7467
3.3414
3.2848
0.5663
0.0425
0.0878
0.1303
0.0878
0.3964
1.1044
1.0477
1.0194
0.9628
0.9061
0.9061
1.5291
2.4069
1.5291
9.8543
52.6693
19.7085
8.7499
15.3194
10.0808
5.6067
3.1432
1.8406
1.1893
0.9628
0.7079
0.4814
0.3964
0.2633
0.1756
0.0878
0.0425
2.1804
1.3592
0.4814
0.2633
0.0088
3.3414
0.1756
0.1756
0.0878
0.0425
1.9255
0.2180
0.0878
0.0425
2.4636
2.5768
0.4248
3.9077
0.2633
0.0878
11.7515
21.4642
25.6834
28.3168
15.7158
9.9958
10.4772
7.8721
18.3210
23.1349
7.3907
5.4368
4.3325
3.0582
2.8600
2.5768
3.0299
2.1804
1.6707
13.3939
2.1521
1.1044
0.7929
0.6230
0.5380
0.4248
0.3398
3.1432
1.6990
0.5380
0.1416
0.0263
0.0130
0.0130
0.3398
0.2265
0.0396
1.4442
0.4248
0.1274
0.0623
0.3398
0.2577
2.6618
2.2370
7.8438
0.7079
3.7661
6.0881
3.9360
1.4442
0.9911
0.3681
0.1586
0.1274
0.2265
1.3309
0.9345
4.9838
0.7079
2.3220
4.9838
0.0042
0.0042
0.0042
0.0042
0.0042
0.0088
0.0042
0.0042
0.0088
0.0088
0.0088
0.0042
0.0088
0.0088
0.0042
0.0042
0.0042
0.0218
0.0130
0.0176
0.0130
0.0088
0.0042
0.2095
0.0651
0.5097
0.3398
0.1019
0.0088
0.0088
11.3551
3.1998
0.3115
0.0218
0.0263
0.0538
0.0088
0.0088
0.5947
9.5428
12.4877
8.1553
0.1614
0.0088
0.0088
0.0425
0.0088
0.0088
0.0088
0.0088
0.0042
0.0042
0.0042
0.0042
0.0042
0.0042
0.0708
0.0623
0.0088
0.0088
0.2718
0.0088
3.2281
37.6614
14.8097
28.6000
7.8438
0.8778
7.6739
4.5024
6.4279
1.7556
17.6131
8.7499
11.2135
1.0477
35.9624
111.5684
106.4713
20.1616
23.6446
10.7321
3.1998
1.3592
0.6513
0.4248
1.6141
4.4741
2.6335
3.2848
4.1626
10.0808
5.5501
3.5396
2.6335
2.9450
1.8406
1.3592
1.2176
0.9061
0.3964
0.5380
0.0088
1.4158
0.4248
0.2832
0.1756
0.0263
0.0218
0.7079
0.7079
0.3398
0.0708
0.1982
0.1048
0.0396
0.1614
0.7362
0.7929
0.5663
0.5947
0.5097
0.4814
0.4814
0.4814
0.1218
0.5097
0.0130
0.0481
0.2492
4.1059
0.3681
0.0042
0.2464
0.0425
0.1841
0.4248
12.0913
12.7143
2.3220
0.1444
0.3681
13.1390
11.3834
5.9182
4.1626
3.2848
2.8883
3.3414
8.7499
4.6440
2.5768
1.9822
1.6141
1.2743
1.1044
0.9061
0.7362
0.5663
0.3115
0.2067
0.1841
0.4248
0.0176
0.0793
0.6513
2.5485
1.2459
0.7362
0.5663
1.0477
1.6141
1.2459
0.7929
1.3026
0.5947
1.4158
1.5008
2.2370
2.1804
2.6335
27.7222
10.7321
17.4432
6.5412
10.6755
4.8988
8.6366
2.8600
0.8212
13.5355
24.4091
18.3493
25.2303
4.8705
2.8883
7.9854
3.3697
4.9838
7.5323
5.0404
3.6812
0.0623
0.0623
0.0708
0.0963
0.6513
0.4248
0.0708
0.0566
0.0481
0.0263
0.0176
0.0088
0.4814
1.1327
4.5590
7.4473
1.4725
0.4814
0.5663
4.3325
8.4951
2.5485
8.3535
5.6634
1.1610
0.1274
4.5024
0.7646
0.1048
0.0708
4.5873
4.7006
0.5947
0.0963
5.4652
9.0614
3.9077
1.1044
0.2718
0.3681
3.8511
1.0760
0.1133
0.0623
0.0566
0.0878
4.2475
3.0582
3.1998
6.9093
13.5355
7.7588
16.8768
8.2402
44.7406
10.4206
4.5873
5.2953
7.2208
4.5873
2.4069
3.8511
36.2456
29.4495
10.7321
10.1091
19.1422
7.2208
11.8364
4.0210
6.9093
4.7006
3.2848
9.8543
11.7515
8.9481
8.7499
20.2465
10.0808
5.2669
3.8511
5.4652
14.8097
19.6236
7.6172
4.7855
3.4547
2.1521
1.1893
1.5857
22.0022
7.9287
37.0951
23.7012
14.6398
9.4295
6.3430
8.0703
10.7321
35.1129
87.4991
74.4733
61.4476
70.2258
87.4991
26.2780
15.3194
10.9586
9.6277
7.8721
6.5695
19.7085
8.7499
5.6917
4.8139
4.3891
3.8228
3.4547
3.1432
2.8600
2.8600
3.8228
197.0853
65.6951
52.6693
26.2780
17.5281
13.1390
10.9586
8.7499
7.4473
6.1448
6.1731
4.7855
3.6246
3.0299
2.4636
2.2653
2.1804
2.1521
1.9255
1.8406
1.7840
1.8406
4.4174
6.0315
3.5396
2.3786
2.0105
1.7840
4.1626
12.0347
3.3414
1.9255
1.6990
4.5024
8.8915
2.5485
1.9822
1.6707
1.3875
1.2743
1.2743
1.5291
1.5291
8.9764
5.2103
4.0776
5.2103
3.7661
1.2743
5.5501
2.1521
1.5574
0.6513
0.0263
0.0088
2.1521
1.5008
0.4814
0.4248
0.1756
0.0878
0.0538
0.0481
0.0736
0.0623
0.0481
0.1359
0.0963
0.0623
0.0425
0.0218
0.0130
0.0088
0.0088
0.0088
0.0042
0.0042
0.0793
1.6990
10.3356
6.9093
8.1836
15.3194
4.5873
0.7646
0.2407
0.1671
10.1091
10.5622
7.7871
15.0362
3.6246
2.6335
2.7184
2.1521
1.1044
0.3964
0.2237
0.1048
0.0566
0.0340
0.0218
0.0176
0.0263
0.0311
0.7646
2.3786
0.7646
2.1804
0.6230
0.3115
0.0793
0.0176
0.0176
2.0954
0.5380
0.0793
0.0218
2.3786
3.5962
1.1044
9.9958
22.5685
11.0719
1.3026
0.1586
0.0176
0.0538
5.6917
3.5396
0.8212
0.1444
0.0425
0.3964
1.1044
2.0105
0.4248
0.0538
3.3414
1.5857
0.1218
0.3398
25.2303
10.9586
33.9802
35.9624
34.8297
46.4396
20.2465
10.0808
5.2953
3.4547
2.2653
2.1804
1.9255
1.7556
1.6707
2.4636
64.8456
29.7327
10.7321
8.0986
6.6545
4.5873
4.1059
3.9077
3.4263
3.1432
2.8883
2.7184
2.5768
2.4636
14.5549
34.2634
20.5014
9.4295
5.9182
4.8705
3.8228
3.4263
2.5485
2.2370
2.2370
1.6990
1.5291
1.5008
1.4158
6.2297
4.8988
11.3834
1.9255
1.3026
1.1044
1.0194
1.0194
1.2743
1.3875
1.0194
1.0194
0.9628
1.7556
1.6990
1.0194
0.9628
19.0006
6.5412
1.6990
1.1044
0.9061
0.7929
0.7362
0.7362
0.7362
0.5097
0.4248
0.3964
1.6990
0.6513
0.9911
7.5040
1.1044
1.1893
3.8228
1.7556
14.6681
2.0105
2.5485
0.0566
0.0538
0.0538
0.0538
0.0566
0.0566
0.0538
0.0481
0.0481
0.0538
0.0538
0.0396
0.0396
0.0340
0.0311
0.0263
0.0263
0.0311
0.0311
0.0311
0.0263
0.0263
0.1048
0.6230
0.4531
0.0651
0.0481
0.0218
0.0176
0.0176
0.0176
0.0176
0.0176
0.0176
0.0176
0.0176
0.0176
0.0176
0.0176
0.0176
0.0176
0.0176
0.0176
0.0176
0.0176
0.0176
0.0176
0.0176
0.0623
6.1731
8.1553
1.3592
0.1104
0.0218
0.0176
1.1044
0.4814
1.0194
0.0340
0.0176
0.0088
0.0130
0.0130
6.0315
3.2281
1.8972
2.0105
0.7362
0.2464
0.0481
0.0130
0.9911
4.7855
1.8406
0.7079
1.1044
0.0176
0.8495
0.0425
4.6440
5.3519
9.5994
3.5113
4.0210
2.1804
0.5380
0.1133
0.0736
0.0708
0.0396
0.0088
1.4442
6.3147
56.9169
64.2792
20.4164
5.9182
4.3891
2.0105
1.3875
0.9345
6.1448
6.3430
4.4741
3.2848
2.4069
1.9822
1.7556
1.6141
1.7556
0.3398
0.0311
0.0218
0.0218
0.0218
0.0176
0.0176
0.0088
0.0088
0.0088
0.0088
0.0396
0.3398
0.0042
0.2832
1.2743
1.3875
2.6618
16.2822
51.2535
12.9125
4.2475
3.1998
2.8883
1.8406
1.5008
4.5024
12.0913
15.5459
38.7941
33.1307
175.2813
35.1129
11.3834
7.0226
5.6917
5.2669
4.3891
48.1386
56.9169
21.9172
12.2612
10.0808
7.0226
5.6917
4.8139
4.8139
5.6917
65.6951
19.7085
10.9586
21.9172
24.0976
48.1386
30.5822
61.4476
19.7085
10.9586
8.7499
1.0760
0.6796
0.2718
0.1756
0.1501
0.1501
0.1586
0.1671
28.8832
2.1804
0.4248
0.2633
0.1529
0.1529
0.1104
0.1104
0.1303
0.1303
0.1303
1.1327
4.3891
2.1804
1.3026
6.5695
0.8212
1.8406
8.0137
8.0137
38.5109
48.7050
9.5145
10.9586
4.3891
2.6335
2.0105
1.5008
1.3026
1.1327
2.1804
8.3252
17.5281
5.6917
3.2848
2.4069
3.0582
1.3026
0.7929
0.5663
5.6634
1.7273
2.5768
0.9061
0.7646
0.2832
0.0130
0.4814
0.3964
0.5663
1.3026
0.7929
0.7079
0.5663
0.3398
0.2832
0.2633
0.7929
0.5380
0.5663
0.7362
0.8778
19.7085
3.7095
1.0477
0.7929
1.4158
39.3604
131.3902
65.6951
26.2780
14.8947
7.0226
4.3891
3.7095
3.0582
2.6335
2.6335
2.4069
2.1804
2.0105
2.0954
39.3604
43.8911
10.0808
4.3891
4.8139
3.9360
4.3891
3.9360
3.7095
3.2848
3.7095
4.8139
6.5695
6.5695
5.2669
3.5113
2.8600
2.1804
1.5857
1.5008
92.0298
12.2612
7.4473
6.1448
4.8139
4.1626
3.7095
2.6335
2.1804
1.5857
1.3026
1.2176
1.1327
0.8778
0.8778
0.5663
0.5380
0.6230
0.5380
0.3115
0.3964
0.3398
0.3115
0.2180
0.0708
0.0708
0.0708
0.0623
0.0538
0.1274
0.0623
2.2370
0.9061
0.0623
0.0538
1.9255
0.6513
0.0538
0.0538
0.0538
0.0538
0.0538
1.6707
1.5857
0.0623
0.5097
12.4311
1.4158
0.8212
2.0105
3.1432
1.8972
1.5008
6.8810
24.0976
12.3461
2.3786
1.6141
0.5380
1.0194
0.1841
0.5947
2.0671
0.6230
0.3398
0.0481
0.0263
0.2265
33.9802
35.6792
4.6440
2.3220
1.2176
0.0263
0.0263
0.0263
0.0263
0.0311
0.0340
0.0311
0.0340
0.0340
0.0340
0.0340
0.0425
0.0396
0.1218
13.7620
3.6246
1.1893
9.5145
1.5291
0.5097
0.3115
0.1218
0.3964
3.4547
14.1584
2.5768
0.4248
0.1501
1.0194
3.6812
1.8406
2.9733
1.2459
0.0218
0.0130
0.0130
0.0218
0.0088
0.0088
0.0088
0.0130
4.7855
1.2743
0.3964
0.8495
2.0105
3.9927
0.5663
5.6634
1.7273
2.5768
0.9061
0.7646
0.2832
0.0130
0.0130
0.0130
1.0194
1.1893
0.6796
5.6634
2.7184
4.9838
0.4814
1.5574
1.8406
1.2743
0.7646
0.0176
0.0088
0.0088
0.0088
0.0088
0.0088
0.0088
0.0088
0.0088
0.0088
0.0088
3.3414
3.3414
1.0477
0.0218
0.0088
0.0088
0.0088
0.0088
0.0088
0.0088
0.0088
0.0088
0.0130
0.0130
0.2265
1.1327
0.8212
0.0340
0.1019
3.3697
0.2067
0.5663
1.2743
1.7556
0.2067
0.0176
0.0130
0.0130
0.0130
0.0130
0.0130
0.0130
0.0130
0.0130
0.0130
0.0130
0.0176
0.0176
0.0176
0.0130
0.0130
0.0623
0.1784
0.0130
0.0130
0.0130
0.0130
0.0130
0.0130
0.0130
0.0130
0.0130
0.0130
0.0130
0.0088
0.0088
12.3178
13.8753
1.7556
1.8406
1.2459
0.4248
3.8511
2.1804
1.2743
0.5097
0.0176
0.1784
0.0263
0.0042
0.0042
1.6141
0.9061
0.0088
18.0095
45.5901
9.0614
17.7547
4.4741
2.4636
1.6141
1.3026
1.0194
0.6230
0.5947
0.6513
0.4248
0.2464
0.3681
0.9911
0.3681
0.4531
0.4248
0.2718
0.0623
0.5380
0.0963
0.0425
2.3786
2.6618
1.0194
0.1699
0.0538
0.0042
0.0425
0.9061
0.0088
0.1019
0.0263
0.0263
4.4174
1.5574
0.0176
1.3026
22.0871
13.9602
1.0194
1.5291
0.3964
0.0176
0.6230
0.3964
0.0263
1.2176
0.2832
0.0130
0.8778
0.0340
0.3681
0.0425
0.0088
2.2370
27.2974
2.0105
0.7646
0.4814
0.2747
9.5145
1.3875
1.0194
1.3026
0.6230
0.3398
0.2464
0.1982
5.0404
4.3325
0.9628
0.2237
0.0906
0.0425
1.4442
3.8228
1.2176
0.7646
4.3325
0.7646
0.1359
0.0340
0.0218
0.0176
0.0176
0.0218
8.4667
3.1149
0.0793
16.5937
4.3042
2.0105
1.3592
1.5008
0.4814
0.0176
0.2407
5.8616
1.3309
0.8778
0.3398
0.0311
0.5097
3.7095
1.5857
0.5380
0.0311
2.7467
1.4442
0.8778
0.7362
0.1274
0.0263
0.0176
38.5109
32.2812
4.3042
3.4263
4.0776
3.0582
46.4396
87.4991
15.6026
3.9077
11.3834
30.5822
14.4699
10.9586
10.9586
10.0808
6.1448
5.2669
2.6335
1.6141
1.4158
0.7079
0.2180
0.1529
0.1274
0.1189
0.1529
0.1841
0.1444
0.2180
0.1104
0.0425
0.0042
0.0042
0.0042
0.0042
0.0042
0.0042
0.0042
1.9822
1.7556
2.9450
10.7887
4.9554
0.3681
0.0088
0.0042
0.1274
0.0088
0.2322
0.0042
7.7588
1.3309
6.2297
141.0179
16.3388
15.4610
3.6812
16.3388
4.8988
15.9424
53.8020
65.6951
25.5418
47.2891
11.4683
7.8438
4.0776
12.5160
2.2370
4.1626
3.5962
25.2020
5.6067
1.5857
0.6796
0.3681
0.1926
9.6844
6.7111
0.8778
0.3681
0.2067
0.1048
2.8600
18.4909
3.7661
22.3420
4.7006
5.1820
3.0582
4.3325
0.3964
0.0088
5.4368
61.4476
5.3519
2.0105
0.5380
0.1841
0.0176
0.1841
0.0396
1.5008
70.2258
7.9287
3.0582
2.2370
1.3592
1.4158
4.7006
0.8212
0.3681
0.0906
0.0878
0.0425
0.1189
3.5113
4.8988
0.7362
44.1743
35.3961
7.1925
1.9822
0.5380
0.2803
10.3923
4.8705
1.3592
1.0760
0.7929
0.6230
4.9554
4.6440
2.2370
1.3026
2.1521
31.1485
6.8244
21.2093
11.7515
5.8616
2.2653
1.0760
0.6796
1.1610
8.9481
12.7143
3.9927
2.2370
13.3656
8.0986
2.2370
5.3802
16.4804
4.8139
1.5857
18.7174
5.6634
1.9255
1.5857
0.8778
0.4248
0.0340
4.0776
5.8616
8.0986
4.6440
1.3592
0.5380
0.0906
0.0878
0.0218
0.7646
1.5008
1.3592
3.4263
0.2747
0.4248
4.8139
0.0088
0.0566
4.9554
0.0708
35.3961
42.1921
13.5921
33.9802
122.6119
26.2780
9.6277
7.0226
4.8139
20.1616
14.0168
7.0226
6.1448
5.6917
8.3252
3.5113
2.8600
2.0105
1.5008
1.2176
1.0477
0.7929
0.6230
0.5380
1.2176
2.6335
1.3026
0.5380
0.2180
0.0425
0.0263
0.0218
0.0176
0.0176
0.0176
0.0088
48.1386
43.8911
56.9169
28.6000
6.1448
3.5113
2.8600
2.1804
1.8406
1.7556
1.6707
4.8139
2.8600
