0.1076
0.0850
0.0651
0.0651
0.0651
0.0453
0.0453
0.0453
0.0453
0.0453
0.0283
0.0283
0.0283
0.0453
0.0651
0.1359
0.0850
0.0651
0.0453
0.0850
0.2322
0.1076
0.1359
0.2322
0.3115
0.3964
0.1982
0.5097
0.1982
0.1359
0.1642
0.1982
0.1359
0.1642
0.1359
0.1104
0.0850
0.0651
0.0651
0.0453
0.0453
0.0453
0.0651
0.3398
0.1359
0.0850
0.0850
0.0651
0.0453
0.0453
0.0453
0.0283
0.0283
0.0453
0.0283
0.0170
0.0283
0.0283
0.0283
0.0283
0.0283
0.0283
0.0651
0.0850
0.1982
1.0760
0.1642
0.1076
0.0850
0.0651
0.0651
0.0283
0.0850
0.0651
0.0453
0.0453
0.0453
0.0453
0.0453
0.5663
0.2718
0.1416
0.1416
0.1416
2.8317
2.8317
2.8317
6.5129
1.4158
1.4158
2.8317
2.8317
0.5663
0.5663
0.3964
0.3398
0.2832
0.2549
0.2265
0.1982
0.1812
0.1642
0.1642
0.3115
2.1804
0.4531
0.3115
0.4531
1.1893
1.7556
0.6513
0.8212
1.8972
0.2832
0.2832
0.2832
0.2832
0.2832
0.2832
0.2832
0.2832
0.2832
0.2832
0.2265
0.2265
0.2322
0.2322
0.1982
0.1982
0.1642
0.1642
0.3964
0.6513
0.3398
0.3115
0.4531
0.3398
0.3398
0.3115
0.1982
0.1642
0.1642
0.1359
0.1359
0.1359
0.1359
0.1359
0.1359
0.1076
0.1076
0.1076
0.1076
0.3398
0.5947
0.8212
0.5663
0.2718
0.1982
0.1359
0.1331
0.1274
0.1218
0.1161
0.1104
0.1076
0.0850
0.0850
0.0850
0.0850
0.0850
0.0850
0.0850
0.1076
0.7362
0.6513
0.3115
0.1642
0.1812
0.1982
0.3115
0.1642
0.3964
