4.8422
3.5962
4.2192
4.2192
3.5962
3.5962
4.8422
4.8422
6.2297
3.5962
2.4919
2.4919
2.4919
6.2297
3.5962
3.5962
3.5962
3.5962
3.5962
3.5962
3.5962
3.5962
3.5962
3.5962
4.8422
3.5962
3.5962
3.5962
3.5962
3.5962
3.5962
3.5962
3.5962
3.5962
2.4919
2.4919
3.5962
3.5962
3.5962
3.5962
3.5962
2.4919
2.4919
2.4919
2.4919
3.5962
3.5962
3.5962
3.5962
3.5962
3.5962
3.5962
3.5962
3.5962
4.8422
4.8422
3.5962
3.5962
3.5962
3.5962
3.5962
3.5962
4.8422
4.8422
4.8422
4.8422
6.2297
6.2297
6.2297
9.3446
9.3446
7.7305
6.2297
4.8422
6.2297
6.2297
6.2297
6.2297
3.5962
3.5962
3.5962
3.5962
3.5962
11.0153
16.4804
6.2297
4.8422
4.8422
3.5962
3.5962
3.5962
2.4919
2.4919
2.4919
2.4919
2.4919
1.5574
1.5574
14.5832
3.5962
2.4919
2.4919
1.5574
1.5574
1.5574
1.5574
2.4919
2.4919
2.4919
2.4919
9.3446
9.3446
6.2297
2.4919
2.4919
2.4919
4.8422
2.4919
4.8422
3.5962
3.5962
2.4919
2.4919
2.4919
2.4919
2.4919
3.5962
3.5962
3.5962
4.8422
4.8422
3.5962
3.5962
2.4919
2.4919
2.4919
3.5962
2.4919
2.4919
3.5962
2.4919
3.5962
4.8422
7.7305
3.5962
2.4919
2.4919
2.4919
2.4919
2.4919
2.4919
2.4919
6.2297
9.3446
16.4804
3.5962
2.4919
2.4919
3.5962
4.8422
3.5962
4.8422
4.8422
3.5962
3.5962
3.5962
3.5962
3.5962
3.5962
3.5962
3.5962
3.5962
4.8422
7.7305
6.2297
9.3446
4.8422
4.8422
3.5962
3.5962
3.5962
3.5962
3.5962
3.5113
4.4741
4.4741
3.5113
3.5113
3.5113
3.5113
3.5113
3.5113
4.4741
3.5113
4.4741
8.5517
4.4741
4.4741
3.5113
3.5113
3.5113
3.5113
4.4741
3.5113
3.5113
3.5113
3.5113
3.5113
3.5113
3.5113
3.5113
3.5113
3.5113
3.5113
3.5113
3.5113
3.5113
3.5113
4.4741
5.6634
3.5113
3.5113
3.5113
3.5113
3.5113
3.5113
2.6335
2.6335
2.6335
2.6335
3.5113
8.2402
4.4741
3.5113
3.5113
3.5113
2.6335
3.5113
3.5113
2.6335
2.6335
2.6335
2.6335
2.6335
2.6335
2.6335
2.6335
2.6335
3.5113
3.5113
2.6335
2.6335
2.6335
2.6335
2.6335
2.6335
2.6335
2.6335
2.6335
2.6335
3.5113
3.5113
3.5113
3.5113
3.5113
25.7683
25.7683
18.5475
3.5113
6.3430
2.6335
3.5113
3.5113
3.5113
2.6335
2.6335
2.6335
2.6335
2.6335
7.0226
5.6634
3.5113
2.6335
2.6335
2.6335
3.5113
3.5113
3.5113
2.6335
2.6335
3.5113
2.6335
2.6335
2.6335
2.6335
2.6335
2.6335
3.5113
3.5113
3.5113
3.5113
2.6335
2.6335
3.5113
2.6335
7.0226
4.4741
3.5113
2.6335
2.6335
5.6634
4.4741
4.4741
14.1584
10.3073
27.0426
5.6634
4.4741
3.5113
3.5113
3.5113
4.4741
7.0226
25.7683
5.6634
4.4741
4.4741
4.4741
5.6634
5.6634
3.5113
2.6335
2.6335
4.4741
3.5113
3.5113
23.3614
3.5113
3.5113
3.5113
3.5113
3.5113
2.6335
2.6335
2.6335
2.6335
2.6335
2.6335
2.6335
2.6335
2.6335
2.6335
2.6335
2.6335
2.6335
2.6335
2.6335
2.6335
2.6335
2.6335
2.6335
2.6335
2.6335
2.6335
3.5113
2.5485
2.5485
2.5485
3.5113
2.5485
2.5485
4.5873
7.4473
3.5113
2.5485
2.5485
3.5113
3.5113
2.5485
2.5485
2.5485
3.5113
2.5485
2.5485
3.5113
3.5113
3.5113
2.5485
2.5485
2.5485
2.5485
5.9182
3.5113
3.5113
2.5485
2.5485
2.5485
2.5485
2.5485
2.5485
2.5485
2.5485
2.5485
2.5485
2.5485
2.5485
2.5485
2.5485
2.5485
2.5485
2.5485
2.5485
2.5485
2.5485
2.5485
2.5485
2.5485
2.5485
2.5485
2.5485
2.5485
2.5485
2.5485
3.5113
2.5485
2.5485
2.5485
2.5485
2.5485
5.9182
2.5485
2.5485
2.5485
3.5113
2.5485
3.5113
3.5113
3.5113
2.5485
20.5863
5.2669
3.5113
3.0299
2.1521
1.7556
1.4442
1.7556
1.7556
1.1327
2.1521
1.7556
20.5863
3.5113
2.5485
1.7556
11.7515
14.8947
9.8543
10.7321
7.2208
13.7903
8.0986
12.7143
19.4820
27.1559
25.8533
6.4846
5.6917
5.0404
5.6917
5.6917
10.7321
7.2208
5.6917
6.4846
5.0404
5.0404
4.3891
4.3891
4.3891
3.8511
5.0404
4.3891
6.4846
12.7143
8.9764
11.7515
15.9990
8.9764
5.6917
5.6917
5.0404
6.4846
5.0404
5.0404
5.0404
4.3891
23.2198
7.2208
5.0404
5.0404
3.8511
5.0404
3.8511
4.3891
3.3414
3.3414
3.3414
3.3414
12.7143
4.3891
8.9764
23.2198
20.6713
17.0751
37.0951
14.8947
31.1485
221.1546
38.5109
17.0751
14.8947
10.7321
9.8543
8.0986
8.9764
7.2208
17.0751
6.4846
5.6917
5.6917
5.6917
5.0404
5.0404
12.7143
8.0986
7.2208
6.4846
6.4846
8.9764
6.4846
5.6917
5.6917
15.9990
7.2208
5.6917
5.0404
5.0404
5.0404
4.3891
5.6917
4.3891
4.3891
4.3891
4.3891
3.8511
4.3891
5.0404
5.0404
4.3891
3.8511
3.8511
3.8511
3.3414
3.3414
3.3414
3.3414
3.3414
3.3414
3.3414
5.6917
5.0404
2.8883
2.8883
2.8883
2.8883
2.8883
2.8883
2.8883
2.8883
2.8883
2.8883
2.8883
2.8883
2.8883
2.8883
2.8883
5.0404
5.0404
11.7515
5.0404
3.8511
3.3414
4.3891
6.4846
3.8511
3.3414
3.3414
9.8543
8.0986
5.0404
4.3891
3.3414
3.3414
2.8883
2.8883
2.8883
2.8883
2.8883
3.3414
3.3414
2.8883
2.8883
3.8511
2.8883
2.4636
2.4636
2.4636
8.0986
4.3891
2.4636
2.4636
2.0954
2.0954
2.0954
2.0954
2.0954
2.0954
2.0954
2.0954
2.0954
1.7556
1.7556
1.2176
1.7556
1.7556
2.0954
9.8543
24.5224
19.4820
10.7321
7.2208
5.6917
5.6917
5.0404
5.6917
5.0404
4.3891
4.3891
4.3891
3.8511
3.3414
4.3891
3.3414
11.7515
8.9764
27.1559
8.9764
7.2208
14.8947
32.2812
13.7903
8.9764
13.7903
10.7321
10.7321
9.8543
8.9764
13.7903
20.6713
23.2198
43.0416
29.7327
21.9172
12.7143
92.8793
48.1386
20.1616
18.8307
16.1972
18.8307
11.8364
12.9125
6.3147
5.6067
5.6067
12.9125
6.3147
7.1075
18.8307
40.4931
11.8364
7.1075
7.1075
6.3147
7.1075
17.5281
7.1075
8.7499
6.3147
6.3147
5.6067
5.6067
16.1972
6.3147
4.8988
4.8988
9.6277
4.8988
4.3042
3.6812
6.3147
29.7327
11.8364
7.1075
8.7499
6.3147
5.6067
7.1075
18.8307
6.3147
12.9125
22.7667
11.8364
42.1921
24.0976
16.1972
8.7499
7.1075
6.3147
12.9125
6.3147
7.1075
14.0168
8.7499
18.8307
21.4642
31.4317
26.7311
18.8307
14.0168
14.0168
22.7667
9.6277
7.8721
32.8475
7.8721
11.8364
8.7499
7.1075
6.3147
5.6067
5.6067
29.7327
57.7664
10.7321
7.8721
6.3147
12.9125
6.3147
6.3147
6.3147
6.3147
4.8988
11.8364
5.6067
4.8988
6.3147
5.6067
8.7499
6.3147
5.6067
4.8988
4.3042
4.8988
4.3042
3.6812
3.1432
3.1432
3.1432
5.6067
5.6067
9.6277
7.8721
3.1432
2.6335
4.8988
10.7321
4.8988
14.0168
28.2602
24.0976
42.1921
15.1212
25.4002
11.8364
7.1075
5.6067
4.8988
4.3042
4.3042
3.6812
12.9125
7.1075
4.3042
3.1432
3.6812
2.6335
5.6067
2.6335
4.3042
3.6812
2.1804
2.1804
2.6335
2.6335
2.1804
3.1432
3.1432
2.6335
4.1626
3.6812
3.1998
3.1998
3.1998
3.1998
2.7467
2.7467
4.1626
3.1998
2.7467
2.7467
3.1998
4.1626
3.1998
4.1626
5.2669
7.1925
16.1972
7.1925
5.2669
6.4846
7.1925
16.1972
42.1921
8.7499
9.6277
34.2634
29.7327
14.0168
10.7321
7.1925
16.1972
22.7667
14.0168
12.9125
11.8364
15.1212
49.8377
26.7311
9.6277
7.8721
7.1925
5.8616
5.2669
8.7499
6.4846
5.2669
20.1616
7.1925
6.4846
45.0238
12.9125
7.8721
6.4846
9.6277
9.6277
6.4846
9.6277
14.0168
24.0976
17.5281
14.0168
7.8721
25.4002
20.1616
17.5281
28.2602
18.8307
7.1925
7.1925
6.4846
7.8721
8.7499
6.4846
5.2669
7.8721
6.4846
107.3208
34.2634
11.8364
8.7499
9.6277
16.1972
32.8475
10.7321
7.8721
10.7321
11.8364
61.4476
12.9125
8.7499
7.8721
8.7499
14.0168
12.9125
29.7327
7.8721
7.1925
6.4846
5.8616
7.8721
7.1925
5.8616
5.2669
4.7289
4.7289
54.3683
51.2535
12.9125
103.0733
20.1616
10.7321
9.6277
6.4846
12.9125
10.7321
7.1925
6.4846
7.1925
7.1925
7.1925
5.8616
4.7289
14.0168
5.8616
5.2669
5.2669
4.7289
4.1626
3.6812
3.6812
3.6812
3.6812
3.1998
3.6812
3.6812
3.6812
3.1998
3.1998
3.1998
3.6812
3.1998
3.6812
3.1998
3.1998
7.8721
6.4846
6.4846
5.2669
4.7289
3.1998
2.7467
2.7467
4.7289
4.1626
6.4846
12.9125
5.2669
31.4317
6.4846
6.4846
24.0976
39.0772
153.1941
160.8397
113.8337
16.1972
14.0168
7.8721
59.4654
34.2634
16.1972
9.6277
7.8721
10.7321
45.0238
10.7321
9.6277
7.1925
6.4846
5.8616
4.0210
4.0210
3.7378
3.5113
3.7378
3.5113
3.5113
3.5113
3.2848
3.2848
3.2848
3.2848
3.5113
3.5113
3.2848
124.0278
6.1448
4.7855
4.0210
4.7855
5.6634
4.0210
3.7378
3.7378
17.5281
13.7903
4.7855
4.7855
4.0210
4.0210
4.0210
3.7378
25.8533
22.7667
7.4473
6.7960
5.1820
4.7855
5.1820
4.7855
6.1448
5.6634
4.7855
3.7378
3.7378
3.7378
3.5113
3.5113
3.5113
3.5113
3.5113
6.1448
4.3891
3.5113
6.1448
4.0210
21.4642
13.7903
7.4473
6.1448
14.8947
4.7855
4.3891
4.3891
4.0210
4.3891
4.0210
7.4473
4.7855
11.7515
4.7855
4.7855
6.1448
6.1448
5.1820
4.3891
4.3891
4.0210
4.0210
3.7378
4.0210
4.0210
3.7378
3.7378
3.5113
3.5113
3.5113
3.5113
3.5113
3.5113
3.2848
3.2848
3.2848
3.2848
3.2848
3.7378
3.2848
3.2848
3.2848
3.7378
3.2848
4.0210
3.5113
3.7378
3.5113
16.1972
6.1448
4.0210
3.7378
3.5113
10.7321
5.6634
4.0210
3.7378
5.1820
4.0210
4.3891
18.8307
45.5901
27.3824
6.1448
14.8947
6.1448
5.1820
4.7855
4.3891
4.0210
3.7378
22.7667
7.4473
14.8947
13.7903
6.7960
10.7321
6.7960
14.8947
3.1432
5.6634
5.6634
6.1448
6.7960
6.1448
14.8947
24.3242
9.8543
6.7960
5.6634
8.2402
6.7960
3.1432
9.8543
2.9733
5.6634
6.7960
50.6872
97.6931
13.7903
11.7515
9.8543
21.4642
28.8832
113.5506
116.0991
58.6159
56.9169
35.1129
95.4278
16.1972
8.9764
6.7960
7.4473
6.1448
2.9733
5.1820
4.7855
10.7321
6.7960
6.1448
5.1820
20.1616
6.7960
65.4119
2.8034
2.6335
5.6634
4.5873
5.6634
5.6634
2.6335
4.8705
4.4741
2.7184
2.5485
2.8883
2.8034
13.3656
14.2434
12.0347
5.2669
5.1253
5.3802
17.1317
8.4951
4.8705
3.8511
3.3414
3.5113
4.4741
14.2434
4.7289
2.9733
17.9246
35.3961
11.3834
10.7887
7.7871
4.5873
10.9586
6.2297
4.3042
4.1626
13.7903
13.3656
20.8129
9.9958
7.4473
6.8244
6.5412
5.3802
4.0210
3.5113
3.3414
3.1432
3.0582
2.9733
2.8883
8.1553
156.3090
16.0840
5.7766
7.1358
7.6172
5.7766
5.1253
4.3891
20.8129
9.5994
12.2612
23.4463
30.8654
37.0951
23.4463
45.8733
16.8768
11.6099
9.9958
7.7871
6.5412
6.2297
5.9182
6.2297
5.1253
4.8705
4.5873
4.3891
4.3042
4.3042
4.1626
4.1626
4.1626
3.9360
9.0331
3.9360
9.2030
3.1432
2.9733
3.3414
3.2281
3.1432
3.9360
3.1432
3.0582
2.9733
3.5962
3.1432
2.8883
8.8349
3.1432
3.1432
3.0582
2.9733
2.9733
2.9733
2.8034
10.1657
20.8129
10.7887
5.1253
4.3042
4.3042
4.5873
4.5873
4.1626
3.9360
3.7378
3.1432
3.3414
3.2281
3.2281
2.9733
2.6335
2.6335
2.5485
10.9586
3.5113
4.3891
9.8259
3.8511
3.3414
3.1432
4.1626
3.9360
3.7378
3.5962
5.5218
9.5994
5.7766
4.0210
4.4741
3.2281
3.0582
3.0582
3.0582
3.7378
3.3414
3.1432
2.9733
2.8034
2.6335
9.3729
2.8034
2.7184
2.6335
2.5485
42.4753
5.6634
3.9360
3.1432
2.9733
2.8883
2.8034
2.8034
14.2434
6.5412
12.7143
5.3802
3.9360
3.1432
2.9733
2.8034
2.6335
2.4919
2.3786
2.1804
1.7556
2.0671
2.2653
1.6990
1.6990
2.4069
1.9255
1.6990
1.6990
1.6990
1.6990
1.6990
1.6990
1.6990
1.8406
1.7556
1.9255
1.7556
1.7556
2.0671
1.6990
1.6990
1.6990
1.6990
1.6707
1.6707
2.3786
11.3834
6.8244
1.6990
2.8883
1.5857
1.5291
1.6141
6.2580
2.0388
3.4830
21.9172
7.6739
4.6440
4.1626
3.6529
3.2848
3.1432
3.0299
3.2564
43.8911
4.8988
2.6335
2.2370
2.6901
2.0671
2.1804
1.9822
17.5281
4.3891
3.0582
2.8600
2.6335
6.5695
21.9172
16.1972
3.0582
2.1521
2.0105
2.0105
1.9539
1.7556
1.6990
1.6707
1.7273
1.5857
1.5857
1.5008
1.4725
1.4442
1.4158
1.4158
2.1238
1.7840
1.3026
1.2459
1.2176
1.2176
1.2176
1.7273
1.4442
1.1893
1.1327
1.2176
1.3592
1.3026
1.1893
1.1044
1.1893
9.8259
1.9539
1.8972
1.5857
1.3592
1.3875
1.2176
1.2176
17.6131
32.2812
47.2891
32.2812
15.8574
7.6739
5.8616
11.9214
19.4537
9.0331
5.4368
4.8988
10.9586
9.0331
4.5024
3.7661
37.9446
11.6949
4.9838
2.2653
17.1317
23.7295
19.3121
6.4279
4.5873
4.2758
3.3131
3.0299
2.8317
2.6901
2.5485
2.4919
2.3503
2.2653
2.3220
2.8600
2.4919
2.9166
4.7289
2.8883
4.4741
3.0865
5.7483
2.6335
2.1804
2.4069
8.2402
2.6051
2.1804
2.0388
2.0671
2.0105
1.8972
1.8406
1.7840
5.1820
2.0671
2.2087
5.8333
2.0954
1.8972
1.8689
1.8123
1.7556
2.1804
2.2370
2.7751
1.7273
1.6424
1.5857
1.5857
1.6141
1.5574
1.4725
1.5574
1.5857
1.3592
1.3309
1.3026
1.3026
1.3026
1.2743
1.2743
1.3026
1.3309
1.3026
1.2743
3.0299
3.3697
1.7273
1.7840
1.7840
2.1238
1.8406
3.1432
3.4547
2.0105
1.7556
1.6990
1.6707
1.7556
1.7556
1.5857
1.5857
1.6707
1.6424
1.5857
1.5857
1.5574
3.2281
12.1479
7.7588
15.3194
48.1386
32.2812
27.6089
9.2030
5.1253
4.7006
7.2774
3.6246
3.5396
2.6901
2.3503
3.1149
2.6901
2.1804
2.1521
2.2087
5.8616
13.8469
3.9927
3.3980
2.4919
2.4636
2.2653
2.0671
1.9539
2.1804
2.4069
2.1804
1.9822
1.7556
1.7556
1.7556
1.7556
1.9822
1.9822
1.9822
1.9822
5.2669
4.8139
9.6277
17.5281
6.5695
7.4473
5.2669
3.9360
4.1626
4.3891
3.0582
3.5113
4.3891
8.7499
5.2669
39.3604
13.1390
6.5695
5.2669
6.1448
13.1390
6.5695
4.8139
3.9360
8.7499
4.8139
21.9172
131.3902
87.4991
35.1129
13.1390
8.7499
4.8139
3.9360
3.5113
4.3891
3.3131
3.6246
10.3073
6.0881
3.5113
12.4311
16.2822
6.3147
9.1180
13.6770
24.4941
9.1180
5.5501
8.7499
35.1129
9.4578
3.7378
3.5113
2.8034
9.1180
13.7620
18.3210
6.2297
4.8705
4.7006
3.4547
3.1149
2.8600
2.6901
4.0776
2.9450
2.7467
16.5937
9.2030
6.3430
5.2669
4.3042
6.8810
10.3923
5.0687
7.2774
7.7588
6.6261
6.1731
51.2535
53.5188
31.7149
68.8099
44.1743
25.9382
27.4107
18.5192
28.0054
20.7562
14.2717
9.3729
7.1925
11.2984
11.3834
6.2297
18.2360
20.0766
18.6608
11.6949
13.4505
6.7394
5.5218
8.3252
4.5024
3.9927
24.8339
12.0063
6.1448
4.7855
4.2758
3.9077
4.3891
3.9927
3.7378
3.2281
2.9733
2.8317
2.7184
2.8317
15.4610
38.5109
55.5010
44.1743
48.1386
60.3149
21.1244
34.5466
12.0063
28.3168
33.1307
9.2030
7.4473
6.0881
12.8275
5.6067
4.9554
4.3891
4.6440
4.5024
3.7661
5.1820
4.3891
4.1343
4.3042
6.1731
3.4547
12.1479
26.8161
6.2297
5.9182
13.1107
31.9980
6.6261
5.4368
6.6545
4.2758
3.9077
3.6246
3.5396
3.3414
3.1149
3.0299
7.3624
3.5396
3.9077
25.9665
6.4279
4.1909
6.3147
6.0315
19.8501
5.4368
4.7289
3.9360
3.6812
9.8543
17.5281
49.8377
17.9246
21.1244
10.3073
18.1794
6.3996
5.2669
4.7006
4.1343
3.8228
3.5962
3.5113
3.2281
3.0299
3.1432
3.2281
3.3131
3.1149
2.9733
4.2475
3.7945
2.8600
2.7184
2.5768
2.4919
14.1584
10.7321
3.8511
3.3131
3.0299
2.8317
2.7184
2.6051
10.9869
5.2953
3.1149
2.7467
2.8600
2.5485
2.3220
2.1804
2.1238
2.1238
2.0671
1.9255
1.8972
2.8034
2.1238
1.9822
1.8972
1.8123
1.8972
2.4069
20.1616
56.0674
2.1804
2.3786
1.8406
1.7556
1.8406
1.7556
1.6990
4.2475
11.0436
4.5873
2.4636
14.4699
3.7661
74.4733
12.7143
6.6261
7.1075
11.1285
22.4836
8.4101
9.1180
5.6067
4.5024
3.9360
5.7766
3.8511
12.3178
14.9796
14.8380
33.6970
12.7992
28.3168
17.5281
10.1657
70.5089
19.9634
25.7117
10.4772
9.5428
6.3147
5.4652
5.2669
13.3089
69.6594
80.1367
37.9446
16.0273
8.6650
8.6650
45.5901
66.2614
11.6949
8.2402
7.1075
6.9093
7.1075
6.9093
9.2313
8.2402
5.6067
5.1820
38.7941
8.7499
6.3996
6.1731
10.3923
25.2869
8.6650
7.5040
9.6277
19.4820
10.0808
6.1731
6.0881
10.2507
7.3907
9.3446
9.3446
6.3147
5.3519
6.8810
18.1228
9.6844
6.3996
5.3519
5.4652
8.0986
5.3519
4.6440
6.0032
9.6277
4.4174
9.5994
5.2669
5.4652
5.1820
6.8810
6.0315
4.3325
3.9927
3.7661
3.5962
3.5396
3.4263
3.4263
3.3414
5.1253
3.6812
3.3697
3.1998
8.3252
9.6277
6.7960
4.8139
3.9360
4.0776
5.2669
4.3891
3.9360
4.8139
3.9360
3.5962
3.3414
3.3414
3.3414
3.3414
3.6812
3.3414
17.5281
7.8721
4.8139
2.9733
2.7467
2.6335
2.5768
9.7127
28.0337
14.7248
6.4846
13.8469
7.7588
10.3073
20.7279
6.7111
5.1820
5.4652
4.9554
4.8988
11.2701
14.4699
10.9586
7.0226
3.9360
3.0582
2.6335
2.1804
2.1804
2.1804
2.1804
2.1804
2.1804
2.1804
2.1804
2.1804
2.1804
2.4636
2.1804
2.1804
2.0671
5.2669
7.4473
4.8139
3.9360
2.3786
2.3786
2.4636
2.4636
2.3786
2.3786
2.3786
2.8883
2.4069
1.5008
1.4725
1.4725
1.4725
1.4442
5.2103
3.0865
1.8972
1.6424
31.1485
32.8475
3.4830
3.6812
3.2281
32.2812
60.8812
10.5622
4.7572
3.4830
3.0299
2.8883
2.3786
2.2087
2.0954
2.0105
1.9255
1.8406
1.8123
1.7840
3.0299
3.6246
10.5339
2.8883
2.2370
11.8931
17.9246
12.7992
7.5323
4.2475
3.0582
2.8317
3.4547
16.1972
4.2475
3.0299
7.1358
8.6366
3.2281
2.8883
2.5768
2.5768
2.4069
2.7184
48.1386
14.1301
8.7782
6.5129
5.2386
3.9644
3.1149
2.6335
2.1804
1.9822
4.3891
8.2119
3.1149
2.6335
2.4636
2.2653
2.1804
2.0954
2.0105
1.9822
2.6335
2.4636
2.1804
1.9822
4.3891
8.7782
3.1149
4.3891
6.5129
8.2119
7.0792
9.6277
9.2030
30.5822
8.7782
21.8040
56.9169
30.5822
35.1129
17.5564
13.0257
26.3347
11.0436
8.7782
6.2297
5.2386
6.5129
4.8139
3.5396
5.2386
8.7782
35.1129
21.8040
8.7782
3.5396
3.1149
3.5396
3.1149
3.2564
2.4636
2.1804
1.9822
5.6634
3.9644
3.1149
2.6335
2.1804
1.9822
2.1804
1.9822
1.7556
1.7556
1.7556
1.6707
1.6141
1.5857
1.5291
1.5291
1.9822
21.8040
30.5822
19.8218
17.5564
19.8218
24.7489
28.6000
7.8438
8.1269
5.3236
4.5307
3.6812
3.3414
3.2281
3.0299
2.8034
8.9764
19.0572
5.2669
4.7572
4.1343
3.3414
3.4547
3.1715
8.4667
4.6440
6.7394
3.8228
3.2564
2.9450
2.8883
4.1909
3.0016
2.4636
2.3503
3.5113
2.5202
2.3503
3.9077
11.5816
30.5822
63.9961
19.7368
27.0709
32.5644
29.7327
17.4432
6.8810
5.0121
6.4279
2.2370
4.5873
2.5768
2.7751
2.3786
2.0671
3.2564
3.4830
2.8034
2.6051
2.7751
2.5768
2.4636
2.3220
2.1521
2.0671
1.9822
2.0105
7.2774
8.8632
5.0687
3.1715
5.6351
3.1715
2.1238
1.9539
2.0105
2.1521
2.5768
7.3907
3.2281
2.6051
4.8139
7.2774
2.6051
2.2653
3.0016
2.1804
2.4636
2.0671
2.7751
2.4352
2.1521
1.9822
1.8123
1.6990
1.5857
1.8123
1.6990
4.2475
5.6634
2.8317
4.5307
14.1584
25.4852
48.1386
88.3486
36.2456
32.5644
16.4804
16.0557
16.1406
22.2854
11.7515
8.6650
8.2119
7.9004
5.4368
58.0495
135.6377
77.8713
13.5921
5.7766
4.0210
3.7378
2.7184
6.7394
34.8297
8.4951
5.4935
4.4174
3.8794
3.5396
21.1810
16.4804
6.8810
4.3042
3.7378
3.9644
4.3042
3.1715
10.1941
4.7289
7.1925
5.9465
5.9749
19.9634
8.0137
4.7006
3.8794
3.3980
3.0865
2.9166
2.8883
2.6901
2.5202
2.6901
16.7353
4.7855
3.0582
2.7184
2.5485
2.8883
3.5113
2.5485
2.2653
2.2087
2.1238
31.7149
6.3430
3.6246
3.0865
2.9450
3.0299
3.0299
3.0299
3.2281
3.1149
2.8317
2.8317
2.8317
2.8317
2.8317
2.8317
4.2475
1.7840
1.7840
2.9450
1.7556
1.6424
1.6424
1.6424
7.0792
21.5208
5.6634
2.8317
2.2653
2.5485
2.4352
2.2653
2.3220
2.3786
2.2653
2.1521
2.0954
2.0388
2.2653
2.0954
2.0388
1.9822
1.9822
4.2475
4.8139
21.2376
8.4951
9.9109
6.5129
96.2773
16.9901
5.6634
4.8139
4.2475
3.6812
4.2475
12.7426
16.9901
23.7862
7.0792
5.0970
4.2475
8.4951
11.3267
5.6634
61.1644
10.0808
3.8794
7.4756
3.6246
2.7184
2.3220
2.1804
2.1521
2.0388
1.8689
1.7556
1.6707
1.6141
1.5857
11.0436
33.9802
8.2119
7.0792
4.5307
3.6812
2.8317
2.4919
2.2653
2.0671
1.9822
1.8972
1.8406
1.7556
1.9822
2.1521
1.7556
2.2653
1.9822
1.8689
1.8123
1.7556
1.7556
1.7556
1.8123
2.1521
2.1521
5.6634
10.4772
6.2297
3.1149
2.4919
2.2653
1.9822
2.2653
2.6901
2.2653
1.9822
3.3980
2.8317
2.4069
2.1238
1.9255
42.4753
104.7723
70.7921
25.4852
9.9109
28.3168
11.3267
5.6634
5.0970
4.2475
15.2911
5.6634
4.2475
3.6812
11.3267
16.9901
17.8396
7.6455
7.0792
6.5129
16.4238
5.9465
5.0970
5.3802
4.5307
4.2475
33.9802
28.3168
5.0970
4.2475
3.3980
2.8317
2.5485
2.4069
7.9287
6.7960
4.8139
4.2475
11.3267
8.7782
6.2297
4.5307
3.9644
3.6812
3.1149
2.8317
3.1149
2.8317
3.1149
3.1149
2.8317
2.5485
2.7751
2.7751
2.7751
3.1149
2.8317
2.5485
2.4352
2.3220
2.2653
2.2087
16.9901
19.8218
96.2773
104.7723
70.7921
26.0515
6.5129
5.9465
5.0970
4.4741
4.2475
3.7378
3.8794
5.0121
3.3980
4.2475
6.2297
11.0436
10.7604
9.3446
25.4852
50.9703
25.4852
19.8218
11.3267
7.0792
13.3089
9.6277
7.6455
5.6634
4.5307
6.5129
8.4951
22.0871
11.3267
7.0792
5.6634
3.8794
3.8228
3.7378
3.6246
3.2564
3.0582
3.0016
2.9166
3.1149
4.8139
9.0614
7.3624
5.0970
4.2475
3.9644
3.6812
5.6634
12.7426
8.4951
6.7960
5.6634
4.8139
6.7960
6.5129
87.7822
4.3891
4.3891
2.6051
2.3220
2.2087
2.1804
2.2087
2.3503
2.1521
3.4830
45.3070
12.2895
4.1909
3.1715
2.8883
2.6051
2.4636
2.3220
2.2937
2.4352
6.7960
4.5873
2.2653
2.0954
1.9822
1.8689
2.0388
2.1521
2.0388
1.8689
1.7840
1.7556
1.7556
1.7556
1.9822
1.9255
1.8972
1.8689
1.8123
1.8689
2.8317
2.2653
8.4951
3.3980
2.8317
2.5485
7.0792
2.8317
2.2653
22.6535
14.1584
8.4951
11.3267
16.9901
4.2475
2.8317
2.5485
2.2653
1.9822
1.9255
1.8689
1.8123
1.8123
1.8123
1.8123
1.8123
1.8123
1.8123
9.9109
5.6634
4.2475
3.3980
4.2475
3.1149
2.5485
2.2653
1.9822
1.8689
1.8123
1.8689
1.7556
1.6990
1.6424
1.6424
36.8119
10.4772
25.4852
28.3168
16.9901
7.0792
4.2475
5.6634
9.9109
8.4951
50.9703
12.7426
7.0792
4.9554
4.2475
11.3267
6.5129
3.6812
3.3980
5.6634
33.9802
11.3267
5.6634
2.8317
3.1149
2.6618
2.4919
2.2653
2.1521
1.9822
1.8689
2.2653
5.0970
2.2653
1.9822
4.2475
2.8317
1.9822
1.8123
1.7556
1.6990
1.7556
1.7556
1.7556
1.6990
1.6990
1.6990
2.8317
2.3786
1.8123
1.6990
2.5485
3.6812
2.2653
1.7273
1.7273
1.7273
1.6707
2.3786
2.0671
1.7273
1.6707
1.6424
1.6141
1.6424
1.6141
1.5857
1.5574
1.5574
1.5291
1.5291
1.5291
1.5291
1.5291
1.5291
1.5008
1.4725
1.8689
1.6707
1.4725
1.4442
1.4442
2.1804
1.6141
1.9539
2.0105
1.6141
1.5008
1.5291
1.5291
1.4725
1.4725
1.4725
1.4725
1.4442
1.4442
1.4725
2.1804
2.2653
2.2653
3.1149
2.8317
2.5485
2.4352
2.3786
2.3220
2.2087
2.0954
2.0388
1.9822
1.8689
2.2653
1.9822
1.8123
1.6990
1.9255
1.7556
1.6141
1.9255
1.8123
2.2653
1.8123
3.6812
4.8139
4.2475
7.0792
4.2475
3.6812
3.1149
2.8317
2.6618
2.6051
2.5768
2.5202
3.0582
10.7038
2.7184
3.4830
2.6051
2.2370
4.8988
7.7305
3.8228
9.6844
12.3178
20.8978
6.7960
4.2475
18.0378
8.2402
12.9125
8.5517
4.4741
16.2256
21.1527
6.0881
5.6917
4.6440
23.5030
13.9319
40.7763
24.4091
25.4852
9.9675
6.0881
4.8705
6.0315
5.1537
12.5444
4.7572
3.7378
3.2281
3.1149
2.7184
2.7467
2.6051
4.3608
22.0305
16.6220
7.9287
10.9586
17.4715
8.9481
11.8648
9.3162
6.0881
4.4741
4.3608
5.4652
3.7945
3.2281
2.8317
2.6335
2.4636
10.7038
6.0032
3.5679
2.9166
3.1149
2.5485
2.4919
2.4352
2.3220
3.4547
11.6665
12.9125
3.9077
2.9166
4.3042
6.2580
9.0331
4.1343
3.0299
2.7184
2.6335
2.7467
21.8323
21.0111
4.9838
3.6812
22.2854
13.3656
5.8050
4.7572
4.3608
3.9077
3.4263
3.1149
2.9450
2.8317
2.7184
2.6051
2.5485
2.4352
2.4352
2.5485
2.4352
2.3220
2.2370
2.2937
10.2224
2.9166
2.7751
6.8810
12.6576
10.2790
5.2103
3.3697
3.0016
6.0881
6.8810
10.3640
7.3624
5.8333
4.4741
8.0137
5.6634
5.8899
5.5218
5.4368
4.1909
3.5113
3.9077
3.4830
3.0299
2.8883
7.5323
4.5873
9.1463
5.5501
26.9010
9.1747
17.6414
41.9089
13.1957
8.6933
6.0881
6.9659
18.0661
22.1721
2.5485
1.9822
1.9255
1.7840
1.6424
1.5574
1.5574
1.5008
1.4725
1.4442
1.4158
1.5574
1.4158
1.3875
1.3592
1.3309
1.3309
13.0541
2.8883
2.2937
2.3786
1.9539
1.8972
1.9822
2.0671
4.7006
2.1804
3.4263
2.5202
5.3236
12.1479
3.0299
2.5485
2.2087
1.9822
1.8689
1.7556
1.9539
2.5768
2.3786
5.6634
3.9644
2.9450
2.4919
8.8065
9.1463
4.3325
4.2758
2.9166
2.8317
2.7184
4.0210
2.7184
2.6901
2.6051
15.7442
4.9838
3.2281
3.0299
2.8034
3.8228
2.8317
4.4741
2.7184
3.1998
2.3786
2.4636
11.1568
3.5113
5.8616
4.4457
3.9077
3.2564
2.8883
10.1091
16.7069
10.3356
5.4368
41.6258
77.5882
18.1228
9.4295
6.7960
6.2863
4.8139
4.2475
3.7945
8.2685
6.1448
7.7871
6.8244
5.5218
5.3519
4.5873
3.7378
6.7111
6.4279
4.8139
9.9109
11.3267
7.0792
4.8139
4.2475
3.6812
3.3980
3.1149
3.3980
3.1149
5.6634
4.2475
3.1149
2.8317
2.5485
2.3786
42.4753
6.0881
4.0210
3.9077
10.9586
4.0776
3.4830
3.2281
3.0016
2.7467
2.4919
3.2848
49.5545
13.5071
8.0420
6.2014
7.7588
13.4505
29.7327
6.7960
5.6067
4.8139
4.0776
3.5113
3.4830
3.0299
21.8040
11.1285
23.9561
7.5889
17.0751
13.1957
7.2208
6.2297
5.0121
4.0776
3.7378
13.3089
14.5832
20.7279
10.5339
5.8050
5.5218
4.1909
3.8511
3.3697
3.1149
2.9166
2.8034
2.6335
2.4919
2.4352
2.3786
2.2653
2.2087
2.1804
2.1521
2.1521
2.1238
2.0671
2.1804
2.0105
1.9255
1.8972
1.8972
3.6529
6.4846
2.2937
1.9822
2.2087
1.9255
2.8317
31.1485
6.3996
5.5501
3.2564
2.6051
2.4352
2.2937
6.5412
7.8438
2.8883
2.3786
2.2087
2.0954
2.0388
2.0671
2.0388
1.8972
1.8406
1.7556
1.7556
1.7556
1.7273
1.6707
8.0420
4.0493
16.3388
5.2386
4.0493
3.2281
3.0016
3.7945
7.3907
4.7572
15.9990
13.5071
11.4117
9.5145
14.4982
6.1731
4.9554
5.5784
7.7588
4.6440
3.7378
3.4263
5.2669
3.3131
2.8034
2.6335
2.4919
2.4352
2.3786
2.9166
3.3131
2.3503
2.2370
2.1804
2.0954
2.0388
2.3786
2.0954
1.9539
1.9255
1.8972
1.8972
5.7200
2.3220
2.0388
1.9539
1.8972
1.8689
1.8406
1.8123
2.1804
3.0299
2.7184
1.9255
1.7840
1.7556
1.7273
1.7273
1.7273
1.6990
4.4174
1.9822
1.7556
1.7273
1.8406
1.9822
1.7556
1.6707
2.2937
1.8406
1.6990
6.7394
3.2848
2.0105
1.9822
2.2937
1.9255
1.7840
1.7273
1.6707
1.6707
1.6141
1.6141
1.5857
1.5857
1.5857
2.1521
1.7273
2.1521
2.8883
1.8972
6.4279
7.1925
4.5307
6.8810
5.7200
3.2564
3.8511
10.5905
4.2192
3.0016
2.5485
2.2937
2.1521
4.4174
2.5485
2.0671
1.8123
1.7273
1.7273
1.6990
1.6424
1.6141
1.9539
1.8406
1.6141
52.3862
8.0986
3.6246
6.4562
32.2812
10.1941
4.5873
3.4263
3.0865
3.9644
2.6618
2.4636
2.1521
5.8616
3.5396
2.4352
4.3325
3.8794
3.6812
9.9109
19.9634
14.2717
10.6188
9.9392
21.2376
17.8679
7.8721
6.2297
6.3147
5.2669
7.3907
9.1463
8.3535
7.2491
9.4578
8.7216
4.6440
6.3996
12.7426
5.6634
1.6707
1.3026
1.2459
1.0760
0.9911
0.9911
1.1044
5.0404
1.1327
1.0477
3.7378
2.1521
3.3131
2.7467
1.7273
1.6141
1.2459
14.3566
14.9230
4.7855
2.5485
1.9255
2.5485
1.8406
2.5485
1.4725
1.3309
1.5008
1.4725
6.3996
1.4725
1.7556
1.6424
1.2743
1.1893
1.1327
1.1327
1.0760
1.0477
1.0477
1.0194
25.7683
42.1921
9.6844
3.7945
2.7184
2.6901
3.6812
2.2087
42.1921
55.7842
22.9366
13.1673
9.4295
20.3315
14.6115
10.6471
10.5905
40.7763
17.1600
8.7216
79.0040
17.2733
8.2685
5.8899
4.9554
4.5873
18.3493
9.8826
4.8705
11.1285
5.3802
4.3608
3.6246
3.9644
3.2281
2.8317
2.6335
2.4636
2.3786
2.2937
2.2087
2.1521
2.4352
2.1521
2.5485
2.4919
2.2653
2.0671
1.9255
3.0016
1.9539
9.4295
2.4352
2.0671
2.1521
2.2370
10.9303
6.2014
3.5679
3.0865
2.2087
2.8600
4.4457
7.3341
5.7766
3.4263
2.4352
2.9450
3.8511
2.5485
2.0105
4.0776
2.3786
2.0105
8.5800
4.9838
3.8511
10.7887
4.8139
4.0493
22.6535
33.9802
23.0216
9.2879
11.2135
2.4919
4.3042
3.7945
6.8527
11.6099
6.0598
7.8721
10.6471
4.7572
4.0776
3.5679
3.2564
5.1820
3.1149
2.8034
2.6335
2.7467
2.4636
2.4636
2.3220
2.6335
2.5485
2.4636
5.6634
2.5485
2.4919
2.8317
2.8317
3.1149
20.9545
33.9802
14.1584
7.9287
8.2119
4.2475
3.1149
62.2971
15.8574
9.9109
5.9465
5.0970
6.2297
5.8050
16.4238
7.0792
10.1941
19.8218
14.7248
7.9287
6.2297
5.6634
5.0970
3.9644
3.8794
3.8228
3.6812
2.2370
2.2087
2.2653
2.6618
2.8317
2.3503
3.2848
4.7572
4.2758
3.4830
2.6051
2.3503
2.2653
4.2192
3.6246
5.2953
2.7184
2.4919
2.3503
2.2653
2.1804
2.0954
2.0671
2.0388
1.9822
1.9539
2.3220
8.5517
3.4547
2.4352
2.4919
2.2087
2.0671
2.2370
2.2937
2.2087
3.0582
3.1998
4.7006
4.2475
21.3509
17.1317
6.6261
4.1909
3.4830
3.5679
7.2491
20.6996
17.2450
8.3252
56.9169
80.9862
73.3406
23.9277
12.2895
7.5323
5.7200
4.8139
4.1626
3.6529
4.8988
3.8228
3.0299
2.7184
2.5485
2.3786
2.3220
2.2370
2.2653
3.7378
2.3786
2.2087
2.8317
2.2087
2.2370
3.5962
2.7467
2.2087
2.1238
3.1715
13.9602
20.6713
21.5774
8.7216
6.0598
4.5024
12.8842
8.0137
6.3996
4.5024
3.6529
3.8511
10.1374
5.0970
7.6739
9.9958
6.9659
6.8527
17.4715
22.5685
39.0772
34.5466
12.8842
17.4149
27.6939
16.0840
8.0703
5.9465
4.8705
4.2758
3.8228
3.6529
3.3697
3.0299
2.7751
17.2166
7.6739
3.8228
3.1149
3.3980
14.1584
28.3168
84.9505
19.8218
9.2596
6.5412
12.8275
5.6917
4.2758
3.7095
3.3697
3.0865
2.8883
2.7184
3.5679
14.8380
15.0929
4.8705
9.8259
11.4117
5.0970
3.7661
3.4263
3.2281
25.0887
8.4951
4.2475
2.5485
2.2653
2.0388
1.9822
1.9255
1.9255
1.9822
2.0954
2.2370
1.9539
2.8600
4.2758
2.0671
4.0210
6.6545
16.4238
14.5265
25.6267
6.0598
9.5428
4.8422
4.2758
3.2564
3.0865
3.0865
2.7751
4.4741
4.2192
5.2669
2.1521
2.1521
88.6317
29.4495
5.7200
4.1626
0.9061
0.9061
0.9911
1.1327
0.9061
1.2459
3.7095
1.6707
0.9911
1.0194
1.1327
0.9345
1.2459
1.9822
1.2176
1.0194
1.0760
1.1893
3.2564
31.7149
2.4919
1.7556
1.4725
1.4442
1.3309
2.4636
1.9822
1.4725
1.3026
1.2459
1.1893
0.9061
0.9061
0.8778
1.1327
1.6424
5.5218
2.2653
4.5873
5.5218
2.8317
4.2192
2.1521
1.6141
1.4158
1.3875
1.7273
1.5008
1.6707
1.2459
1.3309
1.2459
1.4442
2.2653
24.0127
24.0410
46.1565
31.1485
6.0881
3.8228
2.7751
2.6618
2.4352
2.2087
2.0105
1.8972
1.7556
1.6990
3.0865
1.9255
1.6990
1.5857
1.5008
16.4804
12.8558
3.7661
2.4919
2.4069
2.0388
1.8406
1.7556
1.6707
1.5857
1.5291
1.4725
1.4158
1.3875
1.3592
1.8689
1.3875
1.3875
1.3875
1.2176
1.4158
1.6141
1.4442
1.1893
33.9802
24.8056
9.1463
5.9749
8.0703
4.0776
2.7751
2.2370
2.0671
12.0063
12.4311
3.1432
2.4919
2.6335
29.1664
19.7368
6.8527
3.8794
2.8883
2.3786
2.0671
1.8972
1.7556
1.6424
3.2848
8.9481
2.5485
1.7840
1.6424
1.5857
73.3406
45.0238
8.8915
6.7394
4.2192
3.4830
3.0299
2.7184
2.7184
2.3786
2.4352
5.2103
11.0719
5.3236
3.7661
3.3980
4.2475
9.9109
4.2475
3.3980
3.1149
2.7751
2.8883
4.0493
2.3786
16.9618
4.9271
2.9733
2.5485
3.1998
2.8883
2.9166
3.9927
47.5723
7.4756
4.2192
3.4830
2.7751
2.3786
2.2370
10.4772
32.5644
33.6970
59.4654
7.7588
9.9958
13.7903
9.1180
5.7200
9.9958
10.4489
23.2481
8.4384
5.9182
7.2774
24.9471
1.5291
2.4919
2.1238
1.8689
1.6990
4.0776
2.4352
2.0105
1.9539
1.7273
1.6424
2.9733
5.1537
24.6923
15.6309
4.5873
2.9450
2.4352
2.1804
2.1804
2.0954
7.9004
2.7751
2.0105
2.0105
2.0388
1.9822
3.3131
2.1804
1.8972
1.8406
1.7273
3.4830
2.2370
1.7556
1.6707
2.4919
2.2087
3.2281
1.8972
1.7556
1.6990
1.6707
1.6141
1.5857
7.8154
13.9602
2.6618
2.1804
1.9822
1.9539
1.7840
1.9539
1.7556
1.8406
2.1521
1.6707
1.5857
1.5857
1.7556
1.6424
1.5291
1.4725
1.4725
1.4725
1.4725
2.3220
2.0105
3.4830
2.4069
2.3220
1.8123
1.5857
1.5291
1.4725
1.7556
1.4725
1.4158
1.3875
1.3875
1.3592
1.3026
1.3026
1.3026
1.3026
1.8123
1.5008
4.3608
1.8972
2.4636
1.6990
1.4725
1.3875
3.1432
2.9450
1.6141
1.4725
1.6707
3.1149
1.5857
1.4725
1.4725
1.4725
1.7840
1.5291
1.5574
1.3875
1.3592
1.3309
1.3875
1.8123
1.9539
1.4442
1.3309
1.3026
1.5008
3.8794
1.7273
1.5857
1.4725
1.3592
1.3026
2.2653
1.6990
1.4158
1.4725
1.4158
1.3592
1.3592
1.5291
1.5291
1.4158
1.2743
1.2743
1.2743
1.4158
5.4085
24.8905
5.1820
2.4919
1.8972
1.6990
1.5857
1.4725
7.7022
27.6089
6.2297
8.3818
9.2879
12.4311
18.3776
7.1358
6.2297
17.3016
5.6634
6.5129
4.2475
5.6634
7.0792
6.5129
4.8139
14.1584
16.9901
18.6891
14.1584
16.9901
4.2475
7.0792
5.6634
7.0792
9.9109
7.0792
5.6634
5.0970
4.5307
3.9644
4.8139
7.0792
6.2297
5.0970
9.9109
5.6634
1.1610
1.1327
1.1327
1.1610
1.1893
1.5291
1.3592
1.3875
1.3309
1.4158
1.2743
1.3026
7.1925
3.3980
1.5008
1.6424
1.8972
2.8317
1.4725
1.6424
1.7273
1.5008
1.2459
1.2176
22.0871
4.7572
4.3891
7.8721
2.9450
2.1521
1.9539
2.0671
5.1820
8.2119
4.9838
4.6440
13.9602
8.4384
3.0865
2.6335
2.4352
9.3729
9.2596
9.3162
3.2281
3.1998
2.4636
2.2653
2.0954
1.9539
1.8972
1.9255
1.7556
1.7273
1.6990
1.6990
1.6424
1.5857
1.5574
1.5291
1.4725
1.4725
1.6707
5.1253
1.7273
1.5291
6.9659
2.2087
1.6707
1.5857
1.5291
1.4725
1.4442
1.4158
1.3875
1.3875
2.2087
2.8883
4.9838
2.2937
1.8406
1.8972
1.7273
1.5574
1.4725
1.4442
1.4442
28.6000
45.0238
5.5501
3.1149
11.5250
5.9182
3.3697
2.6051
2.2653
2.1238
1.9539
1.8689
1.7840
1.6990
1.6424
1.5857
1.5291
1.5008
1.4725
1.5008
1.8972
1.5857
1.4442
1.4158
1.3875
1.3875
1.3592
2.8034
1.5857
1.4158
1.3875
1.3309
1.3026
1.3026
1.3026
1.3026
1.3026
1.2459
1.2459
1.2459
1.2459
1.2176
1.2176
1.3309
1.2176
1.1893
1.1893
1.1610
1.1610
1.2459
1.1893
1.1327
1.1327
1.2176
1.1893
1.1327
1.1044
1.1327
1.1327
1.1044
1.1044
1.1327
1.1044
1.8972
2.4069
1.3875
1.1893
1.1610
1.1327
1.1610
1.1610
1.3875
2.2653
1.3875
1.2459
1.2459
1.2459
1.3026
12.9408
9.9392
1.9255
5.8050
3.1149
2.4069
2.4636
2.3220
1.9822
1.7556
1.9255
1.8123
1.6424
1.8689
2.2653
3.0016
1.8123
2.2653
2.1238
2.1238
4.5307
4.8139
2.1804
2.1238
2.1521
2.0105
1.9255
1.9255
1.9255
1.8972
1.9539
2.7751
1.9539
1.8406
2.2653
6.8810
3.5396
2.4919
7.8721
5.5784
2.5485
2.2370
2.0954
2.0105
2.0954
2.0671
3.1432
90.6139
18.0661
11.6382
63.1466
14.7814
6.6545
4.7572
3.8228
3.3131
3.0865
2.8883
4.3891
3.3697
2.7184
32.5644
42.7584
7.2491
4.8139
3.8794
3.3697
5.7200
11.8081
5.2103
4.1059
3.1149
2.8883
2.8317
2.6618
2.4919
2.4636
2.4069
2.7751
2.3786
2.2937
7.6739
2.6051
2.3786
12.1479
6.9659
3.1715
5.3236
9.4578
5.0970
19.2555
14.8097
13.3372
5.7200
4.3325
3.9360
3.9360
3.4830
3.0016
2.8317
2.8317
3.5396
3.0582
2.6618
2.4919
2.4069
2.7751
5.1820
2.5202
2.4069
2.3220
2.2653
2.2087
2.1804
2.2087
2.1238
2.0954
8.6366
3.1149
20.8412
13.4222
5.8333
35.6792
28.8832
10.4772
8.2119
5.6634
3.3980
4.2475
11.3267
19.8218
9.9109
5.6634
4.2475
3.6812
3.3980
5.6634
7.0792
5.6634
8.4951
5.6634
8.4951
19.8218
8.4951
3.6812
3.3980
5.6634
3.9644
33.9802
11.3267
56.6337
9.9109
7.0792
11.3267
25.4852
22.6535
33.9802
11.3267
8.4951
5.6634
3.9644
5.6634
28.3168
39.6436
28.3168
48.1386
11.3267
7.0792
5.6634
5.3802
4.8139
3.9644
3.6812
3.3980
3.3980
4.2475
3.1149
3.0865
3.0582
2.8034
2.7751
2.6335
2.6051
2.6051
2.6051
2.7467
3.1715
5.0687
3.0582
2.8317
2.5202
2.4352
2.4069
2.5202
2.4636
2.2937
2.2370
2.2087
2.2370
1.3309
1.3026
2.7184
1.5291
2.2937
1.5574
1.2459
1.3026
1.3875
1.3026
1.6990
1.3309
1.4725
1.3026
2.0388
1.3875
8.1836
1.7273
1.8972
2.1804
1.7556
1.3592
1.2743
1.2459
1.1893
1.1610
1.1327
1.4158
1.2743
1.4158
11.3267
19.8218
8.4951
5.6634
4.2475
2.5485
2.8317
2.2653
5.0970
2.8317
4.2475
1.9822
1.6990
2.8317
7.0792
5.6634
4.8139
4.2475
11.3267
3.3980
2.2653
1.9822
2.2653
4.2475
2.2653
1.9822
2.8317
2.5485
2.2653
7.0792
3.3980
1.6990
9.9109
3.3980
5.6634
4.2475
2.8317
2.4352
2.2653
2.5485
2.4069
2.2370
2.0954
1.9822
2.0388
1.8406
1.7556
1.6990
1.6424
1.5857
1.5574
1.5291
1.5857
2.6051
12.1196
22.4269
3.8794
3.8228
2.5485
2.1804
3.6812
2.6901
2.2370
1.9822
1.8689
1.8406
1.7840
1.7840
1.7273
59.7485
9.0048
13.8469
5.2953
3.5396
2.6051
2.2937
2.1804
2.0954
1.9539
2.2370
1.7840
1.6990
1.8689
1.6141
1.5857
1.5291
1.5008
1.4725
1.4725
1.4442
1.3592
1.3309
1.3026
1.3026
1.2743
1.2743
1.2743
1.2459
1.2743
1.4442
1.2459
1.3592
7.7871
2.8034
1.6141
1.6141
1.4442
1.5574
1.3592
1.3026
1.2459
1.2459
1.2459
1.2459
1.2459
1.2176
1.2176
1.3875
1.1893
1.3592
2.6051
1.5008
1.3026
1.1893
1.1610
1.9255
8.6933
12.7143
15.1212
3.6529
4.1626
4.6723
9.0048
8.3818
4.2758
8.5234
11.9497
53.2357
38.5109
53.2357
43.6079
10.2507
6.6545
7.7305
28.1186
19.9917
17.3299
9.1180
9.6277
7.2491
4.7572
3.8228
3.1149
2.0954
2.0105
1.9255
1.9539
10.7321
8.3535
2.8883
3.5679
4.9271
3.0865
5.3519
9.9958
4.3891
8.9764
3.7945
3.1149
5.8333
4.8988
3.9360
3.1998
3.4830
2.8883
6.6828
16.9901
12.0630
5.6351
4.2192
3.6246
3.7378
3.4830
2.9166
2.7184
2.5768
2.4636
2.3220
2.2370
2.1521
2.1238
2.1238
3.7945
3.0582
13.7903
4.2192
2.8883
2.4636
31.1485
20.9828
5.9749
4.3325
3.6812
3.2848
2.9166
2.7751
2.9733
2.9166
2.5485
2.3786
2.2653
2.2653
2.1521
2.1521
2.1238
2.6051
2.0671
2.0388
13.6770
8.0986
10.4772
4.4457
3.3980
3.0016
2.7184
2.5485
2.5485
5.0687
3.1149
2.6335
2.2653
2.1521
2.3220
2.2087
2.0388
1.9822
1.8972
2.2937
1.9822
1.8689
1.8123
1.8406
1.8406
1.7556
1.7273
1.6990
1.6707
2.2370
1.7840
1.5291
1.5008
1.4725
1.8123
1.5574
1.4725
1.5857
1.4725
1.4158
1.3875
1.3592
1.3592
1.3592
1.3026
1.3026
1.3026
1.2743
1.2743
1.2743
1.3592
1.3875
1.6707
9.1747
11.4683
3.0582
1.9255
1.8689
1.6424
1.5291
1.5008
1.4725
5.6917
1.9255
2.6051
11.0153
5.3236
2.6901
13.6204
5.2386
3.0016
2.3786
2.0105
1.9255
1.8123
22.8800
11.3267
3.5679
4.2475
6.1731
7.0226
9.4578
6.0598
4.7006
3.3980
3.0865
2.8317
2.9733
5.1820
3.7945
2.6901
4.4741
3.4263
8.7216
5.7766
3.3131
3.0865
2.8883
2.4636
3.7661
2.4636
2.2087
2.0671
1.9539
1.8972
1.8123
13.4788
6.5695
3.5113
5.4368
3.6529
3.2281
2.9166
2.9166
3.4830
4.1909
6.1448
1.8689
3.9644
6.1448
7.1358
3.9360
2.6901
4.7855
2.6901
2.5485
2.0388
1.8689
1.7273
4.0493
2.1521
1.7840
1.6424
1.9822
2.1804
1.6424
1.5008
1.4158
1.4158
2.2937
9.3446
2.3786
3.0016
10.5056
63.7129
14.5265
8.8915
5.7200
98.5426
81.2693
70.2258
13.1673
6.7960
6.6545
4.5024
3.1149
2.4352
2.2087
2.2653
2.4352
2.6618
2.5485
4.2475
3.4830
3.3980
25.4568
5.2103
3.5113
3.1715
2.9166
42.7584
15.9990
9.8826
10.0242
15.0646
7.1358
8.2402
10.5905
9.4578
7.7871
5.7483
4.5024
3.8794
3.5113
10.0242
3.9360
3.2281
3.0016
3.1149
3.0299
2.6335
2.6051
2.4919
2.3786
2.2653
2.1804
5.2953
18.9157
32.5644
35.3961
12.7709
52.6693
49.8377
9.0048
6.1448
5.2953
4.1626
3.6246
3.2848
3.0016
3.3414
2.8883
2.6051
3.5679
16.4804
9.0614
3.5679
3.0299
3.0865
3.2281
3.7378
2.6901
2.5485
2.4069
3.2848
4.4741
3.1149
8.6366
47.0060
65.4119
9.3162
5.9749
8.6083
11.2701
5.0687
5.0687
4.7855
3.9927
3.6812
3.3131
3.1149
3.0016
2.8034
2.6901
2.9733
3.1998
4.6723
3.2848
3.8511
8.9198
10.6755
5.3519
3.5113
2.9733
2.7751
2.6901
2.5485
2.4636
2.9733
22.3986
67.6773
24.8905
15.8858
13.6487
33.4139
41.0594
35.1129
9.9109
8.3535
14.7531
12.1762
7.0226
5.8616
5.2953
5.0687
4.8988
7.2208
7.9570
33.1307
48.7050
27.9487
58.6159
20.9545
11.8364
7.3624
33.1307
23.9561
14.7814
22.6818
72.7743
84.9505
24.9188
11.2701
9.4012
98.8258
35.9624
68.5268
64.2792
109.3030
6.3713
4.8988
5.6917
5.2386
21.0111
9.7693
5.9749
4.8422
5.1253
5.6067
5.0687
8.2119
7.6172
4.6723
4.3891
5.2953
6.7677
9.3162
6.2297
4.5590
4.2192
4.1059
3.9927
3.6529
3.5113
8.2402
5.7200
15.8574
45.8733
150.3625
26.8161
10.9586
16.6503
51.2535
51.2535
17.4715
20.9261
10.2507
6.8527
5.8050
5.3519
4.9554
4.9554
4.3325
4.1059
3.9927
3.9927
4.2192
3.7945
3.6812
6.8244
13.7903
5.3519
110.7189
25.4285
8.5517
6.5412
6.4846
5.4085
5.1253
5.1253
6.6828
4.6723
4.6723
4.5590
4.3891
5.7766
5.2953
4.3891
3.9927
3.7378
3.7378
10.9869
7.7588
10.7038
5.3519
4.5590
4.7855
8.7499
5.2386
4.3325
4.6156
9.6277
24.4658
6.5978
5.5784
5.1253
5.5218
5.4085
5.5218
6.0315
5.3519
4.5590
4.2192
3.9360
3.8228
3.7378
3.6246
3.5113
4.2758
3.6812
6.4846
22.6252
7.4190
5.6351
4.6156
4.1626
3.8794
3.7945
3.6246
3.4830
3.3980
3.3980
3.3697
3.3414
3.3131
3.2564
3.2281
3.1998
3.1998
3.1715
3.1715
5.0970
3.3980
3.1149
3.0299
2.8317
2.7751
2.7184
2.6618
2.6051
2.5485
2.5202
2.5202
2.4352
2.3786
2.3220
2.2653
2.2087
2.1804
2.1521
2.0954
2.0388
2.0105
2.0105
1.9822
1.9539
1.9255
1.9255
1.9255
1.9255
1.9255
1.9255
1.8972
1.8972
2.0954
2.2653
2.5485
2.0954
2.0388
2.0388
2.6618
2.3220
2.2087
3.3980
2.2653
2.3220
2.3786
1.8689
1.6424
1.5857
1.5291
1.5291
1.8123
2.6618
1.8123
1.5291
1.4158
1.3875
1.3592
1.3592
1.3592
11.4683
5.0121
5.1820
4.3891
3.8794
3.3980
3.3980
7.7588
3.6246
6.3713
3.6246
2.9166
5.8050
3.7378
3.3697
2.5768
3.0865
2.4919
9.4012
23.2481
7.7871
4.7855
4.0493
3.3131
3.0865
8.8065
5.4368
3.3980
3.0016
3.1149
2.7184
2.6335
2.6051
2.5768
2.2653
2.1521
2.0388
1.9822
1.9255
1.8406
1.8123
1.9255
3.4547
6.5978
2.5768
2.0388
1.8689
1.8123
1.7556
5.0404
6.1164
4.6440
3.0299
2.4069
2.2370
2.3786
2.0388
1.9255
1.8689
1.8972
1.8123
1.7556
1.7273
1.6990
1.6990
1.6707
1.6424
1.6424
1.6141
1.6141
1.6424
1.6424
1.6424
1.8689
1.6424
1.5857
1.5574
1.5291
2.8034
2.6335
1.6424
1.6424
1.6141
1.5291
1.5291
1.7273
1.5574
1.5008
1.5008
1.5008
1.4725
1.4725
1.4725
1.4442
1.4442
2.2937
5.5501
2.3786
1.7556
1.6141
1.5291
1.5291
1.4725
1.8972
2.7751
2.0388
1.6424
1.5291
4.0493
2.9166
2.1804
1.8406
1.6990
1.6424
3.0865
9.2596
3.6812
4.1343
3.0865
2.8034
2.5485
3.5679
3.7661
6.5695
5.5218
2.8883
2.4069
2.2653
2.1804
2.5485
4.4457
2.6618
2.1238
1.9822
1.8972
1.7840
2.3220
2.7184
3.6529
2.7467
2.0954
2.0388
2.3220
2.2653
1.8972
1.8972
1.7556
1.6990
1.7273
1.8123
1.7273
1.6141
1.5857
2.3220
1.6424
1.7273
1.5574
1.5291
1.5291
1.5008
1.4442
1.4158
1.5291
2.3786
1.5008
1.4158
1.3875
1.3592
1.3309
1.3309
1.6424
1.4725
1.3592
1.3592
1.3875
1.2459
1.2176
1.2176
1.3875
1.7556
5.7483
3.0016
2.2370
1.4725
1.3026
1.2176
1.1893
1.1893
1.1327
1.2176
1.1327
1.1327
1.1327
1.4725
1.5008
1.1893
1.1327
1.0760
1.0477
1.0194
1.0477
1.0477
1.0477
1.0194
1.0194
1.4158
1.4158
1.0760
1.0194
1.2743
1.3026
2.6618
1.6141
1.1044
1.0477
1.1327
1.6141
4.7572
5.2386
14.7531
19.5669
3.6812
3.1715
2.1238
2.3503
1.9255
16.0273
22.6535
14.1584
4.2475
2.8317
6.2297
2.8317
7.3624
8.2119
3.9644
10.7604
4.8139
3.3980
28.3168
31.1485
8.4951
3.9644
2.6901
5.0970
2.8317
3.6812
5.0970
2.8317
4.5307
3.9644
16.9901
9.9109
7.0792
4.8139
3.9644
2.8317
2.4069
3.1149
3.3980
6.2297
4.8139
12.7426
5.9465
9.3446
4.5307
6.5129
8.4951
12.7426
4.5307
3.1149
2.6051
2.6051
2.2653
2.0388
1.9822
7.0792
4.2475
2.8317
2.0388
1.8972
1.8406
1.7840
1.7556
4.2475
2.5485
1.9255
7.0792
21.2376
2.8317
2.4352
2.2653
5.6634
2.8317
2.1521
1.9822
2.8317
2.8317
2.3786
12.6293
3.6246
2.7751
2.4069
3.1432
18.2077
13.4788
5.0121
3.6529
3.1149
27.8355
7.2208
4.5024
3.6246
3.1715
3.3414
3.1149
2.5768
2.7751
3.1715
5.9465
4.4741
2.6901
2.4069
2.2087
2.2370
2.2370
3.0016
2.9733
7.1925
6.2580
8.4951
8.9198
13.3656
20.0200
40.4931
13.1107
6.2863
12.0913
13.5355
12.0630
7.0792
6.2297
6.1164
9.8826
9.4578
9.7693
17.2733
11.8931
6.4562
5.8899
4.9838
4.3042
3.8794
4.2475
3.9077
6.7394
6.9659
4.9271
4.9838
3.9644
5.0970
20.7846
5.8333
6.9943
6.5129
2.4636
3.1715
2.2087
1.7556
1.6424
2.5202
2.8600
1.8406
1.6424
1.5857
3.4263
2.6618
1.9255
1.8972
1.7273
4.6156
2.8883
2.0388
1.8123
45.3070
8.6933
4.1909
3.5396
3.7945
8.2402
3.6246
3.1149
2.8883
2.6901
2.5485
2.4069
2.3220
2.2653
2.2370
2.1521
2.3503
2.0671
3.6812
6.7960
4.1909
2.9733
2.6335
2.5485
2.3503
2.2087
4.0493
2.5768
2.2370
2.1804
2.0954
2.0105
1.9822
1.9255
1.8689
1.8406
11.4117
4.5590
7.3624
6.2297
3.9644
6.5129
5.9465
3.9644
2.5485
2.1521
2.1238
2.0388
1.9539
1.8972
1.8689
1.8123
1.7840
1.7556
1.7556
1.6990
1.6990
1.6707
1.6424
1.6424
1.6424
1.6424
1.6990
1.6141
1.6707
2.8883
1.6707
1.5574
1.5291
1.5291
1.5291
1.5008
1.4725
1.4725
1.5008
1.4725
1.4442
1.4442
1.6424
1.5291
1.4158
1.4158
1.3875
1.3592
1.4158
1.3592
1.3592
1.3309
1.3309
1.6424
1.5857
1.6141
1.4158
1.3592
1.3309
1.3875
1.3309
1.3026
1.3026
1.2459
1.2459
1.2459
1.2459
1.2743
1.3309
1.2743
1.2459
1.6424
1.3026
1.2743
1.2459
1.2459
1.4725
1.3592
1.5291
1.3026
1.2459
1.2459
1.3592
1.2176
1.1893
1.1893
1.1893
1.1893
1.2176
2.6335
1.3309
1.2459
1.2176
1.2176
1.1893
1.1327
1.1610
1.2176
1.1610
1.1610
1.1327
1.1327
1.1327
1.1327
1.1327
1.1327
1.1327
1.3875
11.3267
11.8931
15.5743
31.1485
7.0792
12.1762
4.8139
8.4951
22.6535
12.7426
9.9109
7.0792
3.9644
9.3446
5.0970
3.1149
3.6812
7.6455
4.2475
3.1149
2.8317
5.6634
3.3980
8.4951
5.6634
3.6812
4.8139
3.5396
2.8600
3.5679
3.0582
2.8600
2.8317
4.4174
3.0865
3.5962
5.8616
12.1479
5.9465
3.7945
3.1715
2.9166
2.7751
8.9481
4.7572
6.1164
5.6067
3.7095
3.1998
3.1149
2.8034
3.6529
5.2669
4.5307
3.1149
2.8600
2.6901
2.6051
2.4919
76.7387
37.3782
13.5071
32.5644
25.1454
10.5339
17.9529
9.2596
7.6739
10.5905
7.5040
10.2790
6.5695
8.3818
7.6739
5.8333
5.1537
8.1836
15.2061
5.9465
10.4206
5.8333
4.7006
4.1343
3.7095
3.9644
4.5873
3.4547
3.0865
2.9450
2.8317
2.9166
4.2758
3.5679
2.8317
2.6901
4.5873
5.1253
5.2386
3.2281
3.4547
11.4966
9.1747
4.3891
3.6246
3.3414
3.0299
3.0299
4.9554
2.9450
2.6618
2.7751
2.6901
2.5485
3.8511
2.7184
2.4069
2.3220
2.2937
2.2937
2.4636
2.3220
2.2653
2.3220
2.4352
2.1521
2.1238
2.0671
2.0954
10.1941
3.0299
2.3786
2.3220
2.6618
2.3220
2.2653
19.1139
3.5396
2.7467
2.7751
2.6335
2.3786
3.2564
2.4352
2.2370
2.1238
2.0671
2.0388
2.0388
2.0388
2.0388
2.0388
2.0388
2.0388
3.8794
6.2014
31.7149
28.6000
16.9052
5.4935
4.1343
3.5679
6.0032
5.6917
3.9644
4.1343
3.1998
3.5396
2.9166
2.7751
2.6335
2.5485
2.5485
2.4636
2.3503
2.3220
2.3503
2.2653
2.2087
2.2087
2.1804
2.1521
2.1238
2.0671
2.0671
2.1521
2.0671
3.3414
3.5396
3.8511
3.4547
2.4352
2.2370
2.2653
3.0299
2.6051
9.4578
5.6634
2.8883
2.6051
2.7467
12.8558
6.1731
19.1988
13.2806
6.3430
11.3834
6.2297
7.0226
5.1537
4.3891
4.9271
8.3818
8.3818
5.6634
4.7006
9.2879
5.2103
9.3729
8.1269
9.3729
7.7022
19.5953
10.2790
8.2119
6.0032
5.0970
6.0598
5.6067
4.9838
4.7006
7.0792
4.3891
13.2523
8.1836
17.6980
62.8634
77.5882
20.3881
9.7693
6.2297
5.2669
4.7289
6.3713
4.7006
4.1343
4.9271
12.7426
5.3802
6.0032
4.9838
6.9093
15.8574
30.5822
8.6933
7.7588
10.0808
6.3713
7.4756
5.4368
5.4368
4.8139
4.0776
3.8511
3.5396
3.3980
3.2281
4.1909
3.3980
3.1149
3.0582
3.0865
3.4547
8.4951
16.9901
70.7921
56.6337
28.3168
14.1584
84.9505
16.9901
8.6083
6.6828
5.9465
5.0970
4.7006
5.3802
4.2475
8.3818
7.3624
4.9271
6.3430
22.6535
28.3168
42.4753
14.1584
13.6487
7.0792
6.3430
5.4368
4.9271
4.5873
4.3891
6.1164
5.0970
4.2192
4.0210
3.8511
3.7378
6.3147
6.1731
4.0493
3.7945
3.6246
3.6246
3.7095
30.0159
84.9505
28.3168
9.9109
6.2863
24.4658
8.4951
5.6634
4.8139
4.3891
4.0493
5.2386
6.3996
4.1909
3.7378
3.5396
3.8794
3.5396
3.3697
3.8511
3.7945
3.3980
3.1149
3.1998
4.6156
3.1998
3.0582
2.9733
2.9166
2.8883
8.3252
3.9644
15.9141
28.1753
5.2103
7.4190
5.2103
3.9644
3.6812
3.4547
3.3414
3.1998
3.1149
3.3980
3.1998
3.0582
2.9733
2.9166
2.8600
2.8317
6.2297
4.8139
4.5590
4.2192
4.1343
3.4547
15.5459
18.8590
9.0331
6.1731
8.3535
19.0289
13.6487
8.7782
6.0032
5.2103
9.3729
18.2360
12.4028
3.2848
3.0016
2.8317
2.7184
2.6618
3.1998
3.2564
2.6335
2.5485
3.4547
2.6618
2.4636
3.2848
8.2968
9.8259
8.3818
4.4174
3.5679
3.1149
2.8883
2.7467
2.8600
2.8317
2.8600
2.6051
3.5679
2.6901
2.8883
3.1432
4.9838
3.4263
2.8317
2.7751
2.6051
24.8339
16.1123
88.3486
11.2135
6.2014
5.3802
5.2103
4.5590
4.1059
4.1343
3.7945
3.5962
3.5113
5.1537
7.5606
13.2806
7.9004
7.0226
6.9659
5.7483
5.5218
7.3907
17.3016
6.9659
5.4085
5.7200
4.8422
4.2475
4.0493
3.8228
3.6529
3.7095
7.6739
3.7945
3.5962
3.3980
3.3131
3.2564
6.1448
4.2475
3.5113
4.7572
36.2456
12.0063
11.8648
10.4489
6.0315
5.1253
17.5281
11.4683
19.2555
6.6261
9.4578
5.8899
6.3430
13.3372
9.2596
10.7038
8.5517
6.5695
6.7960
8.1836
6.5412
7.4190
12.6576
15.2345
7.6739
33.6970
135.0714
55.5010
92.3129
31.9980
11.0153
9.7976
17.1883
7.8721
6.3996
7.6455
5.5218
5.2669
5.7200
4.7572
4.4741
4.3042
4.1909
4.2475
4.5307
3.9360
3.7945
3.7378
8.4384
4.4457
4.3608
5.4085
6.3147
4.3325
4.0493
3.8511
5.8333
4.2475
3.7661
3.6246
3.4830
3.0582
3.0016
2.9733
3.0582
10.7038
46.4396
90.8971
57.4832
124.0278
28.8832
12.1479
12.3461
10.7604
17.1317
45.5901
56.0674
28.6000
10.7604
7.1358
7.1075
9.7410
5.9749
5.2103
4.7855
4.5307
4.3608
4.1909
4.1343
3.9644
3.9644
3.8794
3.8794
3.8511
6.3996
4.0776
3.5962
3.4547
3.4547
4.2192
3.9077
4.0210
3.4263
3.3131
3.4263
3.8511
2.6335
2.8317
4.0493
3.6246
3.7661
3.4547
3.2564
3.2281
3.0582
9.7693
4.3042
3.4263
3.2281
3.2848
3.7095
4.4457
3.3980
3.0865
3.3414
4.1909
10.2507
24.2959
15.4044
5.8050
6.2863
4.6440
4.0776
3.7661
3.5962
3.4263
3.2848
3.1998
3.0865
3.0299
45.5901
16.2256
6.0032
4.8139
5.1253
4.4741
3.8511
3.5962
5.0970
5.4085
35.3961
11.5816
5.4652
4.5024
4.3891
4.2475
4.4457
3.9077
4.0210
3.3980
3.2848
3.3980
3.2281
3.0299
2.9450
2.9166
2.9450
2.8034
2.7751
2.7467
2.7184
2.6901
2.6618
2.6335
2.6051
5.4368
2.8600
2.6618
5.5218
6.9659
2.9733
2.7751
2.8034
2.6901
2.6051
2.7184
2.7467
2.5485
2.5202
2.5202
2.4919
2.5202
2.5768
2.4636
2.4352
2.8034
3.2848
2.8883
3.4263
3.4263
3.4547
2.8317
2.7751
2.7184
2.5485
2.6901
2.5202
2.4636
2.4352
2.4069
2.3786
4.2758
12.6010
39.3604
7.7305
9.2030
9.8259
29.7327
88.0654
38.7941
66.2614
16.7919
8.9481
11.8648
15.3477
7.7588
6.8244
6.2580
5.1537
8.9198
18.2927
17.8962
14.8947
13.9036
11.9780
7.6739
5.6634
4.9271
4.5590
4.4741
4.1343
3.7945
3.5396
3.3131
3.6246
9.0614
3.9644
3.6246
3.9927
3.3697
3.1149
3.0299
2.9733
6.1164
4.2475
6.2297
5.7200
29.1664
5.4085
4.2758
3.7661
3.9927
40.4931
40.7763
25.9949
25.5984
15.8008
11.7798
6.6261
5.4368
9.1747
5.8616
4.5307
4.1909
3.9360
3.7095
3.9077
3.4830
3.3131
3.1715
3.0582
3.0016
3.4547
3.1432
6.6828
8.6933
4.3042
4.5873
3.5679
16.7353
4.4457
5.5784
4.7572
3.8794
3.5679
12.4311
4.7572
3.9077
5.7200
4.1343
3.7661
3.4547
3.1998
3.0865
4.7572
3.3414
13.6770
3.9644
3.7945
5.9465
3.5679
3.6812
3.5396
3.1432
3.0299
3.0299
3.0582
5.7483
13.0257
4.1059
4.2758
4.2475
3.8511
4.5307
6.8527
5.0687
3.6812
3.3131
3.1149
3.0299
3.1149
27.4957
39.9268
10.7038
54.9347
73.6238
143.8496
96.2773
67.9604
16.1406
31.1485
24.9188
10.7604
7.0792
4.8139
4.2475
3.9644
3.3980
3.2281
3.2564
3.9644
3.6812
3.8794
3.7378
3.5679
3.4263
13.2806
12.1196
6.7960
5.8616
7.8721
26.4196
19.3970
14.6681
7.5606
7.9004
10.5056
19.9917
18.8873
22.9933
49.5545
31.7149
13.0541
11.9214
6.9376
5.9749
5.3802
4.8139
4.5307
4.3325
4.1059
3.9360
3.8228
3.6812
3.5962
3.4830
3.9077
4.5024
3.5679
3.3131
3.2564
3.1715
3.5113
3.1149
3.0865
3.0582
3.0016
3.0016
3.0299
2.9450
2.9450
2.9166
3.3131
3.1715
3.3131
3.0582
9.6277
3.7945
3.1149
3.0016
2.9733
2.9450
2.9733
3.4830
3.0582
2.9450
2.9166
2.8883
2.8883
2.8600
2.8034
2.8034
2.9450
3.0299
3.0016
26.6178
3.9927
3.3131
3.3980
8.4951
20.5014
12.4311
5.2953
4.2758
4.0210
3.6812
3.4263
3.2848
3.3980
3.1432
3.0582
3.0299
3.0016
2.9733
3.0299
4.8705
13.8753
14.1584
23.5030
26.0515
31.9980
11.8931
7.9287
6.5129
9.6277
9.6277
33.4139
47.8555
48.1386
9.6277
6.5129
17.8396
7.3624
18.4060
38.2277
35.9624
13.5921
6.7960
5.3802
4.8139
2.5485
2.5485
3.0016
2.6051
2.4919
2.8317
2.6901
2.6335
2.6051
2.5485
2.5485
2.4919
2.4919
3.0016
12.1479
13.4222
18.4343
5.4085
3.4263
2.9733
2.7751
2.6901
2.6335
5.1820
3.7095
4.1059
9.8543
4.7289
3.1715
2.8317
2.7751
2.6051
2.4919
2.4636
2.4352
3.1432
3.1149
4.3042
3.7661
3.0865
2.7751
2.9166
2.5768
3.0865
8.4667
4.0210
2.8883
2.8883
3.9644
4.8422
8.7499
3.7095
3.7378
4.1059
3.6246
6.2014
8.8349
7.1925
3.3131
7.8154
6.6261
5.3802
4.5307
3.8511
3.3131
4.5024
4.5307
4.3325
3.2564
3.1998
3.7945
18.2644
6.7960
47.0060
128.8417
14.2434
7.5606
5.6917
5.0404
9.0048
4.4457
4.0493
7.0509
4.5873
4.1059
9.8826
5.5218
4.0210
4.3891
6.7960
4.7572
4.1059
4.7006
8.8349
5.3236
5.5784
4.0210
3.6529
3.4263
3.7378
3.5396
3.1432
3.0582
3.0299
2.8600
5.2953
4.0776
3.0582
2.8600
6.0032
3.1715
2.8600
2.7184
2.6618
2.5768
2.4919
2.4919
2.4636
2.6901
2.6051
2.4352
2.8317
2.6335
2.3786
2.4636
2.5202
2.6901
8.1836
9.5428
3.9927
2.9733
2.6618
2.5768
3.1149
7.5606
33.9802
7.4756
4.3325
3.5679
3.2281
3.5396
2.9733
2.7751
2.7751
2.7467
2.5485
2.5202
2.4636
2.4069
2.3503
2.3503
2.3220
2.3220
2.2937
2.6901
5.2386
2.8883
2.4919
2.3220
2.2653
2.2653
2.2370
11.5250
16.1972
20.6713
13.6487
9.0614
4.5590
4.7006
3.7095
3.2848
3.2281
5.5784
3.3697
3.0299
2.9166
3.0299
3.2848
3.0016
2.7184
2.6335
2.5768
2.5485
2.9733
2.8600
2.7467
2.6618
2.6051
2.5485
15.7442
3.7095
2.9733
2.7184
2.5768
44.4574
11.1285
6.2297
37.3782
20.1050
11.1852
6.8527
4.9271
4.1343
3.6812
3.3697
3.2564
3.1998
4.4174
4.1343
4.4457
3.5113
3.3414
3.4830
3.5396
4.1059
4.2475
4.3891
3.4830
3.0016
2.8317
2.8317
3.2281
4.7006
3.3697
4.5307
3.5679
7.1925
4.6156
3.4830
3.1149
3.0299
6.0881
5.9465
3.2281
2.9166
2.8317
2.9450
2.6618
5.8899
5.4368
6.5695
4.1909
3.2848
3.7661
4.1909
4.8139
22.2854
33.6970
17.6980
7.5040
6.2297
4.8139
4.5307
5.3236
14.1584
11.0153
5.4085
4.4741
4.1059
4.5024
19.3970
7.0792
8.2968
7.9570
5.4085
10.2224
18.1228
7.1358
25.9099
28.6000
7.8721
23.3614
37.3782
32.8475
8.8915
4.6723
3.4263
2.8883
3.5113
12.6859
12.9974
8.5800
5.1820
7.2491
5.1820
4.3608
3.3697
4.3891
3.6812
4.2192
3.4547
3.0582
2.7467
2.6335
2.5485
3.0299
2.6051
2.4919
2.4352
2.3786
2.3220
2.2937
2.2653
4.5307
2.6901
2.4069
2.8317
2.4069
2.2653
2.2370
2.2653
2.2087
2.2087
4.2192
6.9093
5.4085
2.8034
2.5202
6.5695
2.8317
2.4919
2.3786
2.2653
2.2370
2.2087
2.1521
2.1238
2.0954
2.2937
2.4352
4.1626
2.7467
2.2370
2.1804
2.3786
2.2937
2.1238
2.1238
2.7751
4.3325
7.7022
3.2848
5.3802
3.4263
2.8317
2.6335
2.5202
2.5485
2.4919
1.9822
1.9539
1.8689
1.8406
1.8123
1.8689
1.8123
1.7556
1.7273
1.7273
1.7273
1.6990
1.6707
1.6707
1.6424
1.6424
2.5485
11.3267
3.3980
2.5485
2.4352
2.4919
4.8139
3.3980
2.5485
16.9901
7.0792
3.5396
2.7467
2.9733
2.3220
2.3786
3.0865
2.1804
2.7751
5.5501
2.2937
2.0388
3.9077
3.2848
3.9077
4.4741
2.3503
2.1521
2.2937
3.7661
3.1715
2.5485
2.5202
2.7184
34.2634
5.9465
3.8794
4.9838
27.9770
6.1448
4.5873
4.8422
3.5113
3.1715
3.0016
2.8034
2.6901
5.1820
3.2281
3.5113
2.6335
2.4919
2.4919
10.7321
4.3608
6.2580
3.5962
7.7022
9.5428
6.6828
8.4951
14.4982
14.2434
7.1925
11.2135
14.1301
9.6277
6.0315
4.5873
3.8794
3.3980
3.1432
4.8422
8.6366
7.4756
8.0703
5.5218
5.5218
11.5816
6.9376
4.4174
4.2475
3.9360
3.6812
3.5113
3.3131
3.0865
2.9733
2.9450
2.8883
2.7467
2.6618
3.0299
2.8034
2.5202
2.5485
5.6634
3.5113
3.5113
3.0865
2.6051
2.5202
2.4352
2.4352
2.9733
2.8883
3.4830
2.7467
2.5768
11.7798
8.0986
9.2313
8.4951
11.4966
18.0095
23.7862
13.5355
6.4562
4.9554
4.1343
3.7661
3.5113
3.2848
3.0865
2.8883
3.8511
6.5978
3.5962
3.6246
3.0299
3.7378
3.2281
5.2953
9.2879
62.5802
70.5089
14.1584
10.5905
52.1030
9.5145
6.3996
5.2953
4.5590
4.0493
3.7095
3.5396
3.5679
3.3980
3.1715
2.9450
2.8600
2.8034
2.7184
2.6618
2.6335
2.5768
2.5202
2.5202
2.4919
2.4636
2.4636
3.1715
2.4636
3.2281
7.5889
4.7572
3.1432
3.1715
2.8600
2.6618
5.0687
4.8139
5.5784
8.8632
23.4747
7.7871
14.7531
9.1747
5.4368
5.9749
5.0404
4.8988
3.7945
5.6917
19.6236
6.7677
4.5873
4.4457
7.7588
4.1343
3.9077
3.8511
4.8705
8.8349
11.7232
4.7572
4.0493
12.0630
25.3719
43.0416
20.1050
10.8454
9.1180
7.6455
5.5501
4.9271
4.4457
4.1343
3.9644
3.8228
5.4935
3.8228
3.5396
3.4830
3.4830
4.9271
5.0970
4.7572
4.7572
13.4222
7.6172
4.5024
5.3802
4.4174
6.5978
6.2580
11.0719
16.5370
32.8475
38.7941
25.7683
17.5564
9.5994
7.2208
6.0032
8.8915
6.0598
6.2014
13.7337
7.7871
6.5129
11.1852
5.9182
9.4295
5.7200
4.8139
4.7572
6.5695
6.2580
12.0630
7.5889
6.3430
8.0420
6.8244
5.4085
4.8422
5.3519
5.4368
4.5024
5.2103
4.2475
3.8511
3.7095
3.5679
3.7661
19.7652
9.4578
4.8705
4.5873
4.0210
3.7945
4.0493
3.5962
3.4263
3.3697
3.3131
3.2281
3.1715
4.2758
3.1998
3.0865
3.0865
3.0299
2.9733
2.9733
3.0582
2.9166
3.9360
8.0420
3.9360
3.3131
3.0582
2.9733
2.9166
2.8317
2.7184
2.6901
2.6901
2.6901
3.6812
3.3980
3.1149
3.3980
2.8317
2.4919
2.3786
2.3220
2.3220
2.5485
3.1149
2.6618
2.4352
2.2653
2.1521
2.4069
1.9539
1.9255
2.0671
2.6335
2.0954
1.9539
22.4553
4.1343
2.8317
2.5485
2.4636
2.4636
2.3503
2.3220
2.2653
2.2653
2.2087
2.2937
2.2087
3.7945
2.4636
2.1521
2.0954
2.0954
2.0954
2.0954
2.0954
2.0388
2.0105
2.0105
2.0671
2.0105
1.9822
1.9822
1.9539
1.9255
1.9255
1.8972
1.9539
2.4069
4.7289
2.2087
2.0388
2.6335
10.3073
6.9376
2.9733
2.7184
2.3786
21.0961
9.6844
9.5711
5.6067
8.2119
8.4384
12.2895
22.6535
11.4966
8.1269
7.0792
8.5234
6.0315
5.1537
4.6723
4.4457
4.2475
4.6156
3.7945
5.7200
5.0687
4.1343
4.5307
3.5962
4.4457
20.0200
6.9943
10.6471
8.7782
9.9392
12.6010
7.0792
10.6188
113.2674
14.3000
7.3624
5.0970
4.4174
4.7289
201.0496
14.5832
12.4594
7.3624
11.0436
6.5129
6.2297
5.0970
4.5307
4.5307
5.0970
4.8139
4.5307
4.3891
4.8139
4.2475
13.5638
9.2313
4.5590
4.8139
4.2475
4.2475
7.9287
4.9554
4.2475
4.5307
4.1059
3.6812
3.4830
3.3131
3.1998
3.1149
3.1149
4.9554
8.7216
6.0881
3.5113
3.3980
3.3131
3.0582
3.0299
2.9733
2.9166
2.8317
2.7751
4.2475
27.8355
8.2968
4.3325
3.3697
2.5202
7.7022
10.5056
4.1626
3.5396
3.2848
3.1998
3.2564
3.0582
2.9166
2.7467
6.2014
5.0121
3.0865
2.8600
2.7184
2.6901
2.6335
2.5768
2.9166
12.5160
6.6545
12.1479
5.7766
18.0095
5.4652
6.9659
18.6325
14.4982
14.4416
12.7709
6.2297
6.5412
5.2669
4.3325
4.1059
3.7095
3.4547
3.3414
3.1998
3.8228
4.9554
3.9360
6.3430
3.4830
3.1998
3.0016
4.9838
5.3519
3.9077
3.2281
3.0299
2.9733
2.9450
2.9166
3.2281
3.6812
6.7960
22.8800
23.8145
31.9980
13.2806
6.5129
5.2669
17.3016
23.9277
11.3834
7.7305
5.6917
4.7289
4.2192
3.8794
3.6246
3.3980
3.2848
7.8438
4.2192
3.3980
3.2281
3.1149
3.1432
3.0016
2.9166
4.5307
3.1149
3.7378
3.3697
3.1715
2.9166
2.8034
2.9450
5.0404
5.6634
3.3131
4.8988
3.4263
2.6901
2.5202
2.4352
2.3786
2.5768
2.4919
2.3786
2.8883
5.3802
9.4012
3.7661
3.4547
4.1059
11.7515
6.4562
4.9554
15.5459
13.3372
8.1553
5.3236
4.3325
7.6455
4.1059
3.5679
9.9958
6.0598
4.1343
3.6812
4.4741
3.4263
3.5962
3.2564
2.9450
4.3325
10.0242
6.8244
20.9545
6.6545
4.7006
3.8228
43.3248
12.5727
6.5978
7.2774
12.8275
24.7489
8.5234
9.7976
5.8899
4.7289
4.1909
4.1059
14.0168
6.6261
5.6351
4.3608
8.9198
7.5606
7.9287
7.0792
5.6351
6.2014
4.4174
5.6634
8.4951
14.1584
8.4951
5.9465
5.2386
4.5307
5.6634
5.0970
3.3131
3.1715
3.0016
2.8883
2.8317
2.8317
10.2790
15.9707
5.4652
3.9360
3.5962
3.1998
9.1463
13.6487
5.0121
3.9360
3.5679
3.9644
3.3131
3.9077
43.8911
78.1545
23.9561
9.4861
6.4846
5.2386
4.8422
6.3713
4.2475
5.0404
4.2475
3.7095
3.5113
9.4295
4.5590
3.6812
29.1664
8.7782
8.6650
6.0032
4.4741
3.9927
3.7378
3.5962
7.5040
14.7814
15.2628
5.7200
4.6156
4.0493
3.7378
3.5396
3.5679
6.7394
3.6246
3.5396
3.2281
3.1149
3.0016
3.0865
3.0299
2.9450
2.8034
2.7467
2.6901
2.6618
2.7184
2.6618
2.5768
2.5485
19.6236
4.5024
3.1715
4.7572
6.7394
7.3057
6.7677
4.5024
3.7095
6.2297
7.5040
15.5743
7.4473
7.3057
4.5590
4.1343
3.8511
3.6812
3.3980
5.3802
8.1269
14.6115
6.2580
9.7410
5.3802
4.2192
3.9077
6.5129
3.7661
23.1632
19.5953
37.6614
20.1616
10.2790
13.5071
21.7757
8.3818
6.0315
3.0582
3.2848
14.1867
15.4044
8.4101
6.0598
7.8721
5.2386
5.6634
4.4741
3.8228
3.6529
4.1343
3.2564
3.0299
2.9166
2.8034
2.9166
3.1715
2.6335
3.3131
5.2103
17.0751
5.3802
3.8511
3.8511
3.7661
3.9077
3.0865
2.9450
3.3697
20.4448
5.1820
3.8511
3.3697
3.2281
2.9733
2.8317
3.0865
3.8511
2.6901
3.0865
3.3697
3.2281
2.6618
2.4636
2.3786
2.3220
4.0493
3.1149
4.4741
2.7184
2.5768
3.8228
12.7709
11.5533
7.9854
11.4683
12.2895
14.0452
7.2208
4.9838
11.0436
5.7200
4.3608
3.7945
4.2475
17.0467
24.4091
10.0525
10.8454
6.3147
5.0404
4.2192
3.8511
3.9360
3.8794
4.6440
4.5307
4.2475
4.7006
3.3697
4.6440
3.6812
3.1432
3.4263
3.3980
3.5679
3.9077
14.3850
11.1002
5.2669
4.9554
4.3608
3.8794
3.6812
7.6455
4.6723
3.6812
3.3414
3.1432
3.0016
2.8883
2.8034
2.7467
2.6618
2.6051
2.5768
5.0687
5.4935
6.2014
3.8511
3.1715
2.9733
2.8317
2.6901
2.6051
2.5768
2.8883
2.8034
2.4919
2.4352
2.4069
6.5129
2.9166
2.5768
3.0582
2.5202
2.4352
2.3786
2.3786
2.3503
2.2937
2.2937
2.2653
2.3220
2.8034
6.9943
6.1731
3.1149
2.6618
2.4919
2.4069
6.3430
10.7038
4.3608
4.0493
5.1253
3.3697
2.9450
2.7751
2.6335
2.5768
2.4919
2.4636
2.4069
2.4352
2.6901
2.6335
2.3786
2.5768
2.7184
2.2653
2.2087
2.1521
2.1521
2.1804
2.1521
2.0954
2.0671
2.0388
2.2087
2.2087
2.5202
2.1238
2.1804
3.9927
5.2669
3.1432
3.4830
4.0210
5.7766
3.4547
3.1998
11.3551
3.9927
3.7661
3.7095
6.7394
4.7855
4.6440
6.1731
4.1626
3.7378
6.9943
4.2192
4.2758
7.4473
6.0881
5.6634
4.6156
3.8228
3.5679
3.3980
3.2564
3.1432
3.0865
3.0016
3.1149
3.0865
3.0582
2.8883
2.8600
2.7467
2.9450
5.9749
5.2669
7.6739
3.5962
3.2848
2.9733
3.0299
2.8883
9.8543
20.3598
14.6964
11.5250
7.3907
14.6681
10.9869
14.8947
14.1867
11.7232
11.2135
10.4206
7.9004
5.7483
4.8988
4.4741
10.9020
5.4085
6.0598
4.8139
5.8333
5.3519
16.9618
19.2838
22.0305
11.9214
15.5743
15.9424
8.2968
6.3996
5.3519
5.6634
4.7572
4.4741
4.3325
4.0210
3.7661
3.5962
3.4547
3.3697
3.4263
3.2281
3.7945
3.3980
4.6723
3.3697
3.1715
6.0881
4.0210
5.2953
8.1836
4.1626
3.5962
3.3980
3.2564
3.2564
3.1715
6.2297
5.8050
4.3042
3.6812
3.2564
3.1715
3.0582
3.0582
3.1149
2.9450
2.9166
2.8883
2.8317
2.7751
2.8883
52.3862
19.5669
18.5475
14.0452
23.3614
10.3640
9.6844
9.7127
7.8721
14.0735
19.8218
9.2313
5.4935
5.7766
7.5040
8.0420
3.8794
3.9927
2.8883
4.0776
5.1537
7.1642
4.0776
3.6529
3.4547
3.2564
3.1149
3.0016
3.0299
13.6487
15.6309
14.8663
7.3907
4.9838
4.2758
3.9077
6.5978
4.6440
4.0776
3.7378
3.3697
3.1715
6.5978
4.3608
7.3907
3.9360
5.1253
3.7378
3.5962
3.3697
6.5129
4.5873
4.2192
6.0315
6.1164
11.1568
5.2386
4.0776
3.7945
3.5113
3.3131
3.0865
2.9733
4.2475
13.6487
13.3656
8.4667
5.7766
6.9943
2.4636
2.3503
2.4919
2.9166
2.7751
5.3236
3.5396
3.2848
2.7467
3.2564
2.5768
2.8034
4.4457
3.0582
2.9450
2.6901
2.5202
8.8915
10.0525
16.5370
12.8558
6.9659
4.3891
3.9927
3.6812
3.3131
3.1998
3.1149
2.8600
2.8883
3.5396
3.1149
2.8600
2.6051
32.5644
7.9287
4.7855
7.5323
5.0970
6.4279
4.0493
3.3980
5.1820
3.4263
3.0299
2.7751
2.6618
2.6051
2.4919
2.4636
5.4935
4.1343
3.5113
3.5962
3.9644
2.8034
2.8883
5.6634
9.1180
4.7855
4.1343
9.9958
24.9755
11.4683
6.9093
6.8527
5.2103
5.4085
4.2758
5.8050
24.0693
14.6681
17.3865
15.5176
9.9675
6.5412
5.0687
4.3891
4.7572
4.0776
6.3147
3.8511
3.9927
3.9360
3.3697
3.1715
7.5606
3.7945
3.1432
2.9450
3.3697
2.8600
2.6618
2.5202
2.4352
2.4069
2.3220
3.0016
3.6246
4.4174
4.3891
5.2669
4.6440
11.1568
5.5218
11.6949
25.0038
10.3073
6.1164
9.6560
38.2277
27.1842
20.3881
8.8915
6.3147
5.0404
4.3891
7.1358
4.1343
3.6812
3.4547
3.2848
3.1149
3.1149
2.8883
2.8034
2.6901
2.6335
2.5202
2.4352
2.4352
2.3503
2.2653
2.2087
2.2087
2.1804
2.1521
2.1238
2.0671
2.0671
2.0388
2.0671
1.9822
1.9255
1.9255
1.9822
1.8972
1.8689
2.5485
2.2937
1.9822
1.8689
1.9822
1.9255
1.8406
1.8123
1.7273
1.6990
1.7273
1.6990
1.6707
1.6707
1.6707
1.6707
1.6424
1.6424
1.6707
1.6707
1.6707
1.7840
2.3786
1.7840
1.8972
1.8406
1.8972
2.5768
2.6901
3.8794
7.0792
3.8511
4.3042
3.9927
13.3939
4.0210
3.6529
2.9733
2.7467
2.6901
2.5485
2.4919
2.6335
2.4636
2.5202
2.3786
2.3220
2.3503
3.3414
2.3786
2.2937
2.1804
2.1521
2.3786
2.8034
2.2087
2.2653
2.7184
2.2653
2.6618
5.1537
8.4667
6.2297
7.5606
21.9172
11.1002
10.2790
8.4101
5.1537
4.0493
3.9927
4.0493
3.5679
3.1715
4.7855
4.4174
3.5962
11.4117
14.7814
7.9004
4.8422
11.1568
6.5412
9.0614
4.7289
3.9644
3.5679
3.9360
3.1998
3.6812
3.2848
4.6156
14.1584
8.4951
4.4741
3.6812
3.2848
3.0582
2.8883
2.7467
15.0079
3.5679
3.1432
2.9733
3.0865
2.7467
41.6258
44.4574
6.7960
7.7022
4.6440
3.9360
3.5396
3.2564
3.0299
4.7289
4.1059
4.4174
3.3414
2.9450
2.8034
2.6618
2.6901
2.6051
2.4919
2.4069
2.3220
2.2937
2.2937
2.2087
2.1521
2.1238
2.0954
2.0671
2.0388
2.0105
2.0671
1.9822
1.9822
2.4069
3.7661
2.4919
2.0671
1.9822
1.9539
1.9255
1.8972
1.8972
1.8689
1.8689
1.8972
2.7184
2.0388
2.0388
2.5202
2.4352
5.4652
2.4352
2.0954
1.9822
2.8883
2.1238
2.2087
2.4636
2.2653
7.6739
64.5624
39.6436
13.1107
6.9659
12.4311
15.8858
7.1925
5.0687
4.0210
3.5962
11.1568
13.3089
6.3713
4.9838
4.3891
3.7378
12.6859
6.4562
5.5501
3.9644
3.5396
3.4263
3.3697
2.9733
3.6812
3.1149
2.9450
4.3042
4.4741
4.9838
3.0582
2.8034
2.7467
2.5485
2.4919
2.5202
2.8034
2.4636
3.4830
2.3786
2.2653
2.2087
2.1804
2.1238
2.0954
2.0388
2.0105
2.0105
1.9822
2.2087
2.8883
4.9554
2.8883
2.5768
2.5202
12.6010
4.4174
3.4263
3.1432
2.7751
5.0687
5.7200
3.4547
4.4457
4.9554
3.7661
4.1343
3.4830
3.9927
3.5962
3.6529
3.2564
3.7661
3.8511
3.1432
2.9166
3.5962
18.6891
9.7410
4.3608
3.7095
5.3519
5.6634
8.0986
7.6739
6.0315
4.9271
6.1731
8.7782
17.2733
6.0315
4.5873
4.1626
3.7661
5.1820
3.3980
3.1432
3.0016
2.8883
2.7467
2.6618
2.6051
2.5768
2.5202
2.4636
2.4069
2.3786
43.3248
31.7149
12.0063
5.4652
4.3042
4.7855
5.8616
4.1909
8.9764
6.5695
9.3446
5.0687
4.9554
5.3519
4.6156
3.8511
3.6812
7.8154
22.9933
10.3073
6.1448
5.4085
6.2014
7.9004
5.2103
5.0970
3.9927
5.9465
3.8228
3.4830
3.5962
3.2281
3.0582
3.0582
2.8883
2.8317
2.6901
2.6335
2.5768
2.5485
2.4919
2.4919
2.4352
2.4069
2.6901
2.6051
2.3503
2.3220
2.4919
2.3503
2.2653
2.2370
2.2937
3.3697
9.7410
19.0289
22.2854
16.7636
8.4101
5.0970
4.5307
17.2166
42.4753
87.7822
43.0416
52.1030
28.0903
12.9691
7.5040
6.3430
7.1358
5.2386
4.4174
3.9927
13.2523
6.0881
4.4174
3.9927
4.7289
9.5994
5.5784
4.9838
4.1059
3.7378
3.4547
3.3980
4.1626
3.1715
3.0299
2.9166
2.9733
10.2224
3.5679
3.1432
2.9450
2.8317
3.8511
3.0016
3.7095
3.5396
8.9198
27.6372
4.5024
3.6812
4.8422
3.4830
3.1715
4.6156
3.3131
4.3042
30.2990
27.0992
6.2863
4.6440
3.9927
3.6246
3.4547
3.2281
20.8412
138.1862
20.7846
9.6277
7.3624
9.5428
5.8333
4.7855
2.3220
3.1998
3.5113
2.3220
5.6351
2.7751
2.5768
2.6618
2.4069
2.2937
2.6618
2.9450
2.7751
2.4069
2.3503
2.2937
3.5113
2.9733
2.8600
2.4069
2.2653
2.2087
2.1521
2.1804
3.1432
2.2937
2.1238
2.3786
4.0493
2.5202
2.8600
2.2937
2.1804
2.4352
2.1521
2.0671
2.0388
2.0105
2.0105
1.9822
2.7184
6.7677
2.4352
7.7871
10.7038
40.7763
23.6446
11.6382
9.2596
5.4085
4.4741
3.7945
3.4263
3.1998
2.9733
3.1432
2.8600
2.6618
5.9465
6.0598
3.1998
2.8317
3.9077
2.8034
2.6051
2.4919
16.8202
5.7200
3.5962
3.1715
2.8883
2.7467
3.2564
2.9166
2.7467
2.4919
2.4352
2.5202
3.7378
2.5202
2.3220
3.5113
2.7751
2.7467
2.4636
2.4919
2.6618
7.3907
8.1269
3.9927
3.4830
2.8317
2.6335
2.5485
2.4069
2.3220
2.2653
2.1804
2.1521
2.1521
2.0954
3.2564
5.8616
2.5202
2.2937
2.2087
3.4263
2.2653
2.1238
2.1521
3.0299
5.3802
2.6051
2.2937
2.1521
7.7022
3.1149
2.4636
2.2937
2.2087
2.3220
5.3236
10.1374
4.5024
3.1998
2.7467
2.5485
2.4069
2.7184
2.3220
2.2087
2.1521
2.1238
2.0671
4.0210
56.6337
31.1485
12.3461
5.5784
4.2475
3.5962
3.2281
3.1715
3.1149
3.6812
2.9733
6.4279
3.1432
4.4457
3.2281
4.8988
3.9360
3.0299
2.7467
2.5768
2.4352
3.0865
2.7751
2.5768
2.3220
2.2087
2.1521
2.0954
2.0671
2.0105
4.5307
4.6156
3.3414
2.6618
2.2937
2.2087
2.1238
2.0388
2.0105
1.9822
1.9539
1.9255
2.2653
2.1238
1.8972
15.0929
14.8663
2.0105
10.4772
5.1820
3.4263
3.7661
2.7467
5.1253
5.0970
8.3818
4.1626
6.3996
10.6471
12.1762
4.7855
5.0970
5.3802
3.5113
3.1149
2.8883
2.8600
2.8883
4.1909
2.6335
2.4636
2.6618
2.3503
2.5202
6.0598
10.4489
4.6440
2.8883
2.5768
3.4830
2.7184
3.0016
4.3325
3.7378
6.7111
7.7588
3.3131
3.0016
4.2475
3.7095
4.5590
4.1626
3.9927
3.5396
8.1553
4.1626
6.7394
3.7945
3.2848
3.4830
6.9943
4.9271
3.4547
3.0299
2.8034
2.7751
6.0032
4.1909
11.7232
19.7368
21.4075
20.8695
41.0594
16.4521
20.9828
24.9188
13.3656
10.6755
9.4861
5.9465
5.0404
4.3608
3.9077
3.5679
6.9659
3.5113
3.1715
2.9733
2.8317
2.7184
2.6335
2.8317
2.5485
2.4352
2.4352
3.1432
2.6618
2.9450
3.1432
37.9446
4.6156
3.4830
3.0016
2.7751
2.6335
2.5485
2.5485
2.4069
2.3503
2.2937
2.3503
2.2087
18.6891
3.3131
2.6901
2.4919
2.4069
2.3220
2.2937
2.3786
10.5622
10.3356
3.1715
3.0582
4.4741
3.2281
2.9166
2.7467
2.6618
2.7467
3.6246
2.5768
2.5202
2.6051
3.9077
4.8705
12.2895
5.0404
3.2564
2.9450
2.7467
2.6051
2.4919
2.4069
3.6246
2.9450
2.4352
2.3503
2.2653
2.2087
2.1804
2.1804
2.1238
2.0954
2.2370
7.8438
60.8812
7.6172
4.6440
24.7772
26.8161
7.4473
13.7337
9.8826
5.2386
17.0751
19.7368
6.0881
6.0315
4.7006
3.8794
43.8911
10.0808
5.7200
7.2208
5.8616
4.8139
3.8794
20.1050
16.2256
44.7406
35.6792
39.6436
26.7594
25.7683
10.7038
37.9446
31.7149
20.1333
11.5816
5.1820
4.7289
4.1626
7.3907
4.0210
4.0776
19.5386
7.5040
8.0137
4.6156
4.0493
3.7378
3.5396
3.3697
14.7531
4.7006
3.8228
3.9927
9.4578
8.6933
6.4846
4.1909
4.4174
17.4715
16.2256
12.5160
50.1208
15.8858
8.6650
20.1333
15.4044
7.5606
12.7992
6.0032
5.1253
12.0630
6.6828
4.9271
4.3325
4.4457
3.9927
3.6812
3.4547
13.5638
34.2634
7.0509
8.0703
24.0976
15.8858
6.9943
5.5218
4.7006
4.3891
4.0493
3.7661
7.0226
8.0420
6.8527
15.8574
22.9366
11.6949
9.8826
7.2208
7.1358
5.9749
5.2953
5.6067
4.9554
8.7216
11.1285
5.3802
4.4457
4.0776
3.8228
3.5962
3.4547
3.4263
8.5234
7.4190
3.7378
3.5679
4.0210
4.0493
4.4741
5.7766
12.1762
13.1673
13.0257
5.9465
4.5307
33.1307
29.7327
65.1287
9.2596
6.0881
4.8705
4.3325
3.8794
3.5396
4.3042
5.7200
3.2848
3.1149
2.9733
3.1149
3.0865
2.9166
15.0079
9.8543
3.9927
3.3414
3.0865
3.1149
2.8317
2.7751
2.7467
3.2848
13.7903
4.9271
3.3980
3.0865
3.0016
20.4164
13.4222
97.4100
13.9602
28.6000
12.0913
6.6261
5.2953
4.5873
4.2192
3.9927
29.1664
18.9440
9.3729
5.6634
4.7289
4.2192
3.9360
3.7095
3.5396
3.3980
3.2848
3.2564
4.1626
4.7006
14.8097
11.9497
4.5024
3.7945
3.4547
3.2848
3.1715
3.0865
3.1998
3.1432
2.9166
2.8883
7.6172
7.0226
3.6812
5.7200
6.9093
4.5024
5.7766
3.7378
3.3131
3.1149
3.0865
2.9450
2.8600
2.8034
2.7751
2.7184
4.7289
8.9764
4.4457
3.5113
21.1527
11.5250
7.4756
58.0495
58.6159
12.2895
8.1269
6.2014
10.4206
9.0048
7.6455
6.2014
5.8616
7.6455
4.5873
4.0493
3.9644
3.8228
3.3414
3.3980
3.0865
2.9450
3.3980
3.0299
16.0840
14.0168
5.8333
20.6713
7.4190
5.4368
4.3325
5.2386
5.3802
8.6650
6.1164
4.7855
3.7945
7.7871
4.5307
3.7095
3.5679
18.9440
18.3210
7.5040
8.7782
13.0541
6.0032
4.6723
4.1343
3.7661
3.4830
3.5113
3.8794
3.9644
4.1909
3.5113
3.1715
4.4457
4.8422
3.3980
3.0016
2.8317
2.7184
2.6335
2.5768
2.5202
2.4919
2.5768
2.4636
2.3786
2.3503
2.3220
2.3220
2.3220
2.3503
2.5485
2.3503
2.2370
2.2087
2.1804
2.1804
2.1521
2.1521
2.1238
2.1238
2.0954
2.0954
2.0671
2.0671
2.0671
2.0671
2.0388
2.0388
2.0388
2.0388
2.9166
2.2653
2.1238
2.0388
2.1238
2.9450
3.3131
2.1804
2.2087
2.2087
2.1521
2.0388
2.8883
7.0226
2.7467
2.2937
2.2937
5.4368
3.2564
10.9869
3.8511
5.0687
13.5638
39.0772
29.4495
26.0232
21.8323
8.2685
5.7483
4.7572
3.9927
3.5962
4.5307
3.8794
3.1149
2.9166
2.8034
2.6901
2.7751
2.5485
2.4919
2.4636
2.8317
3.6529
2.7467
3.8794
5.9749
12.0630
5.9749
5.9182
30.2990
118.6476
11.7232
8.7216
7.4756
8.4951
19.4537
22.1721
23.4180
46.4396
49.2713
14.1301
13.7620
8.1553
6.0598
5.9749
6.1448
50.4040
80.9862
37.6614
16.0273
38.2277
43.3248
19.6236
42.4753
23.7578
22.1438
11.6099
7.8438
6.9943
11.3551
6.7960
5.2669
4.7572
13.3939
45.0238
13.9602
8.0986
8.3252
6.5412
3.6812
3.5679
3.5396
3.1149
2.8600
2.7467
2.6335
2.5768
2.7751
2.5485
3.1432
2.6901
10.8170
7.0509
4.6156
3.1432
2.8034
2.6335
2.5202
2.7184
8.2685
4.6723
4.6723
3.5113
3.0299
3.0299
4.3325
2.8600
10.0242
6.4846
5.4368
62.0139
8.7782
5.3519
4.3608
3.8511
3.4830
3.2281
3.0865
3.0016
3.1715
2.8600
2.7184
3.3980
3.5962
4.9554
3.4263
5.3519
3.0299
2.7467
2.8883
3.7095
4.4174
3.8794
4.6440
4.1343
3.1149
3.6529
2.8317
10.2790
3.5962
3.0865
3.9360
5.0121
3.5396
3.0582
2.8600
3.3131
2.7184
2.6051
2.5485
2.4636
2.4352
2.4069
2.7184
3.9360
3.4830
4.6440
3.3414
2.8034
2.5768
2.4919
2.4352
2.3503
2.3220
2.2937
2.2370
2.2087
5.8333
3.1432
4.1909
2.6901
2.4352
2.4636
2.3786
3.1715
5.0404
14.1584
21.6907
10.7887
8.4951
9.0614
18.1228
7.5889
5.0687
4.6156
4.8988
4.5024
3.6529
3.4830
3.4830
3.1432
2.9166
2.8034
4.8422
3.2281
2.8600
2.6901
2.6051
2.8317
2.7751
8.7216
6.7677
14.0735
4.8705
3.5962
3.2281
3.0016
2.8317
3.0016
2.7184
2.6051
2.5202
2.4352
2.3786
2.5202
2.3786
2.2937
2.2937
3.9360
2.5768
2.4069
3.4830
2.6618
4.2758
65.1287
30.0159
8.4384
9.3162
6.4279
7.3057
5.2103
3.9644
3.5113
3.2281
3.0299
2.8883
2.7184
2.6051
7.5040
5.7200
3.0582
3.3131
2.8317
5.0687
3.1432
5.7483
6.4562
5.7766
3.5113
3.5962
2.9733
3.4263
3.0582
3.8511
4.1059
6.1731
3.7378
3.1149
12.7992
3.7661
3.2281
5.2103
4.7289
6.5978
7.2208
5.9182
8.6083
6.5412
5.1253
5.1537
3.8794
3.3980
4.7855
3.2281
3.7095
4.6440
3.0582
15.1495
4.8422
3.6246
3.6812
3.0865
2.8883
3.3131
2.7184
2.5202
2.4352
2.4069
3.1715
3.1432
2.5768
3.0582
4.3608
12.1762
7.5040
10.2790
4.8705
3.7661
3.1432
2.8883
3.1432
2.6618
2.7467
2.6051
2.4069
2.3503
2.7184
2.4636
2.2653
2.8317
6.5978
3.7378
2.5485
2.2937
2.2087
2.1238
2.0954
2.0388
6.7960
35.1129
5.1253
4.1343
3.3414
3.7945
3.4263
20.1050
23.4463
6.5129
15.7442
11.0436
5.6067
9.5711
7.7305
6.3713
5.8899
9.8543
11.7232
9.1180
5.0121
4.5307
11.2418
6.6828
5.9749
5.5501
6.4846
4.4457
5.7766
13.1107
21.4075
20.6713
16.3388
17.4149
20.8412
32.2812
13.0824
7.7022
6.3713
5.4368
6.5412
4.2475
3.7378
3.3980
3.1998
3.0016
2.8600
2.7751
2.6335
2.5768
2.4919
2.4352
2.4069
2.5768
2.3503
2.6335
2.7467
3.8794
5.9465
2.6901
9.7127
3.7661
3.2564
10.0242
14.4699
8.7782
15.8291
35.9624
63.4297
40.7763
21.5774
18.0378
19.9917
8.6933
6.7394
5.7483
4.4457
4.0493
3.9077
3.3980
3.1998
3.0299
2.9166
2.7467
2.6618
2.5485
2.4919
2.4352
2.3786
2.6335
2.3503
2.2653
2.2087
2.1804
2.1521
2.0954
2.0954
2.0671
2.0388
2.0105
2.0105
1.9822
1.9539
1.9539
1.9539
1.9255
1.9539
1.9255
1.9255
1.9255
1.9255
3.5396
8.6366
6.9659
11.4966
22.6818
8.4667
6.9659
4.5873
3.9360
3.1998
2.8883
2.7184
2.9733
2.5768
2.4352
2.3220
4.5873
3.2848
3.0016
2.3503
2.1804
2.1804
2.0954
1.9255
2.7184
2.2937
2.0671
12.3178
4.1626
2.8317
2.7467
2.5202
2.7751
2.3503
7.6455
4.1059
2.6901
2.5485
3.0016
2.4069
2.2653
2.2370
11.7515
6.0315
10.7038
8.4101
4.2475
3.3131
3.3697
2.8034
2.5768
2.4636
2.3220
2.2653
2.6051
2.7184
2.9166
2.2653
2.1238
2.0671
4.4174
24.4374
58.8990
26.7028
6.4279
7.2774
19.0856
30.8654
6.8527
4.9271
4.0210
3.7095
3.3131
2.9733
21.4925
5.8899
3.8511
3.6812
3.3697
2.8317
2.6335
2.5202
2.4069
2.3503
2.4919
4.7289
24.0127
28.2319
113.8337
11.9780
6.6828
7.3057
4.5873
5.0970
24.7489
5.7483
4.3042
3.6246
4.3042
4.9554
4.0493
13.1957
22.8800
9.5145
6.6261
11.9497
52.1030
8.4384
22.3986
10.3356
11.2984
7.1075
5.1820
5.3519
5.2669
3.9644
3.5396
5.2953
3.2848
3.0582
2.9166
3.0582
5.8333
5.0121
2.9733
2.7184
2.5768
2.4636
2.3786
2.7751
3.2848
2.7751
11.7515
6.2014
3.0865
2.9166
4.0776
3.0299
2.6618
5.9749
14.0168
9.4578
6.1731
3.9360
3.3414
3.5962
2.9166
2.7467
2.6051
11.3551
8.0703
4.2192
4.0210
3.5113
7.3907
7.5323
5.2953
3.7945
3.2281
2.9733
2.8317
3.7095
7.3341
3.0582
2.8883
3.6246
3.3697
3.6529
3.2564
12.2895
17.7547
12.8275
48.1386
25.2020
41.3426
13.4788
7.9854
16.9052
7.5323
5.8333
4.5024
4.0210
4.1059
3.9360
5.5501
9.6560
12.5444
12.8842
5.2953
11.6382
5.4652
12.6293
5.2103
4.1343
4.7572
5.7483
7.7022
2.1521
2.4919
2.8034
28.6000
6.6828
7.3907
3.5396
2.8600
2.6618
18.9723
22.4269
10.4489
5.7200
4.5307
3.5962
3.2281
3.0016
2.8317
2.8034
2.6051
3.1149
2.6618
2.4636
2.3503
2.2653
2.2087
2.1521
2.0954
4.1626
3.4263
2.2370
2.1521
2.7467
20.6713
9.7127
5.0121
3.1998
11.2418
8.0986
6.5412
4.9554
19.3970
6.7111
12.7992
148.9466
19.5386
17.9529
37.0951
12.7709
6.6828
4.8422
4.2192
9.7127
4.5307
3.9077
3.8228
76.4555
12.3461
5.4085
4.9271
4.7006
3.8228
3.5396
3.3414
3.5679
3.2564
3.1715
3.0865
2.8600
2.8317
2.7751
2.7184
2.6901
2.6618
2.6051
2.5768
2.5485
2.5485
2.5202
2.4919
2.4636
2.4352
2.5202
2.4352
3.5962
3.5679
3.1715
2.5768
2.4636
3.0582
3.0299
3.1715
2.8034
2.4636
2.3786
2.8317
3.9077
2.9450
2.4636
2.3786
2.3220
2.2937
2.2653
2.1804
2.1521
2.1521
2.1238
2.0954
2.0954
2.0954
2.0954
2.3786
2.0671
1.6990
1.6424
1.6424
1.6141
1.6424
1.6990
1.6707
3.1432
7.0792
3.9360
2.1804
2.0954
1.8406
1.7556
1.7273
1.6990
1.6707
1.6424
1.6141
1.7556
2.2937
1.7556
1.6424
1.6141
1.5857
1.5857
1.5574
1.5574
1.5574
1.5574
1.5574
1.5574
1.5291
1.5291
1.6990
1.6990
1.5574
6.4846
1.8972
1.6707
1.7556
2.9166
2.6051
3.5396
7.2774
4.5873
3.5396
6.0032
4.7855
3.0582
2.5768
12.7426
62.5802
53.2357
16.2539
23.0499
10.9586
6.6545
6.5129
4.5873
4.6440
4.3042
3.7661
4.3891
3.3980
3.2281
3.9927
3.0865
2.7184
1.8689
2.1521
1.9822
2.1521
5.3802
2.8034
2.1238
1.9822
1.9255
1.9255
1.9822
1.9539
1.9822
1.8972
1.8406
1.8972
1.8689
1.8406
1.7840
1.7556
1.7556
1.7556
1.7556
1.7273
1.7556
2.1238
3.3697
3.6246
6.7677
5.8333
3.1432
2.3786
2.4919
21.6341
16.2256
15.0929
19.5953
9.4012
4.4741
3.8794
3.1432
3.3131
2.7467
2.6051
2.4636
3.7095
2.8317
2.4069
2.4352
2.5485
2.2087
2.1521
2.0954
2.0388
2.1238
3.5962
3.5679
2.9733
8.9481
7.1075
3.3980
21.2943
30.5822
45.5901
7.3057
4.4457
3.5962
3.1998
2.9450
46.4396
13.9319
6.6261
19.1139
8.0137
4.2475
3.5962
3.2281
2.9733
2.8034
9.7410
5.5501
7.6172
5.6917
3.4830
9.4861
4.4741
14.4133
54.6515
10.2507
5.6067
4.6440
3.7661
3.3131
3.2281
3.1715
2.8034
2.7467
5.8899
3.0016
3.1149
2.6618
2.7751
2.4919
22.3703
10.1657
7.9287
3.7945
9.3162
4.1626
3.1998
2.9166
2.7467
3.2848
2.6335
2.4919
2.4352
2.3503
2.2937
2.2653
2.2087
2.2087
2.1804
2.1238
2.0954
2.0671
2.0388
2.0388
2.0105
2.1804
2.4069
14.8947
2.8317
6.0598
6.7394
18.9157
9.0331
6.7111
3.3697
2.9166
3.4263
3.2281
3.0016
3.1998
2.9450
6.6545
3.4547
23.0499
4.0493
3.1432
2.8600
2.7751
2.6335
2.5202
29.1664
61.1644
42.1921
20.7846
8.2119
12.3178
10.7038
13.1390
7.0509
5.9465
4.0493
3.5679
3.2848
3.0582
2.9166
3.1998
3.2848
3.7661
2.8317
3.3414
3.5113
4.0210
3.9077
14.3566
7.2208
3.6529
3.1998
3.2564
2.8317
2.2653
2.1804
2.0954
2.2937
2.1521
2.2087
2.2087
3.2848
2.6335
2.2087
2.1804
2.0954
2.0671
2.2087
4.2192
2.3786
2.9733
2.3220
2.1804
2.4352
3.1998
3.9360
2.8034
2.4352
2.7184
2.3786
2.3220
2.6335
2.4636
3.5962
2.9166
6.5978
33.6970
15.6026
33.1307
85.8000
45.0238
16.9618
10.0242
14.3000
6.6828
17.0467
6.9376
4.6440
4.0210
3.8794
3.4830
6.1731
12.9974
17.7830
25.4568
15.4327
11.5533
5.6067
4.2758
3.7661
4.0776
3.6246
3.4547
3.2564
6.7111
18.8307
7.7588
4.8422
3.7945
3.5396
3.3697
3.4830
3.3414
3.1432
5.7766
39.3604
21.1244
40.4931
12.1196
10.4489
5.8050
7.5323
11.6382
22.1438
12.5160
10.3640
10.7887
8.5800
5.4652
4.4741
3.9927
3.6812
3.4263
3.3131
3.1998
3.1998
3.0582
2.9733
2.8600
2.7751
2.7751
2.7184
2.6051
2.5768
2.5768
2.6051
2.8883
2.6618
2.6051
2.5202
2.4636
2.6618
60.3149
6.5412
3.5679
3.0865
2.8600
2.7467
2.6618
2.6051
2.5768
3.9927
2.8600
2.5202
2.4636
2.5768
2.4919
2.4069
2.3786
2.3503
2.3503
2.4636
2.3786
2.5202
2.4069
2.3220
2.4636
2.4636
2.4069
12.8558
3.3980
3.3980
5.4085
19.7085
39.3604
19.6236
83.5347
13.3656
13.0541
37.3782
19.6236
13.2523
60.8812
159.4238
220.8714
90.8971
38.5109
