1.4442
1.4442
1.5857
14.5832
8.3252
15.8008
10.3073
5.9465
4.5024
3.8511
3.4547
3.0582
2.8883
5.4368
6.2297
2.6618
2.0954
1.9255
1.5857
1.5857
1.4442
1.4442
1.4442
1.3026
1.3026
1.1893
1.1893
1.1893
1.0477
1.0477
1.0477
1.2176
3.0582
8.3252
3.0582
3.0582
2.4919
2.1804
3.2281
2.3220
2.1804
2.0105
1.6990
1.5857
1.4442
1.4442
1.4442
1.4442
1.4442
1.4442
1.4442
2.6618
2.3220
1.6990
2.3220
2.1804
3.9077
4.8705
3.0582
2.4919
3.2281
2.6618
2.1804
2.0105
1.8406
2.1804
3.2281
5.9465
2.6618
2.8883
2.6618
2.6618
2.1804
2.1804
2.0105
1.8406
1.6990
1.6990
1.5857
1.4442
1.5857
1.8406
2.1804
1.6990
1.6990
1.6990
2.0105
2.1804
3.9077
2.3220
2.0105
1.6990
1.3026
1.3026
1.3026
1.2176
1.1327
1.1327
1.4442
1.4442
1.2176
1.0477
1.1327
1.8406
1.1327
1.6990
4.1059
1.8406
1.4442
1.4442
15.1212
10.3073
4.8705
5.9465
6.9093
3.4547
3.0582
9.4578
28.6000
8.6650
5.9465
5.3802
3.9077
3.4547
3.0582
2.8883
2.6618
4.3891
7.5889
3.0582
4.3891
7.9287
3.6812
4.6440
5.9465
6.9093
4.3891
3.0582
4.6440
12.9125
18.7458
9.0614
5.6917
7.9287
7.2208
4.6440
3.9077
3.6812
3.4547
3.2281
5.9465
17.3016
18.1794
7.9287
6.5695
7.9287
6.2580
3.9077
3.2281
3.0582
2.8883
7.9287
6.2580
5.3802
5.6917
5.1253
6.2580
5.9465
3.6812
2.8883
2.8883
2.6618
2.6618
2.4919
2.3220
2.3220
2.3220
2.3220
2.4919
3.9077
3.0582
2.3220
0.3398
0.3398
0.3398
0.8495
1.9255
0.5097
0.3964
0.3681
0.3681
0.3964
0.5947
0.5097
0.3964
0.3964
0.3681
0.3398
0.3115
0.3115
0.3115
0.3115
0.3115
0.3115
0.3115
0.4814
0.3681
0.3398
0.3115
1.4158
5.6067
2.1521
0.5380
0.3964
0.3681
0.3398
0.3398
0.3681
0.3115
0.3115
0.3964
1.2743
0.5097
0.3964
0.4814
1.5008
0.8778
1.6141
1.4158
0.5097
0.4248
0.3681
0.3681
0.3398
0.3398
0.3115
0.6796
0.9628
0.5947
0.4248
0.3964
0.3681
0.4531
0.4248
0.3964
0.3681
0.3681
0.4248
0.3964
0.3681
0.3681
0.3398
0.3115
0.3115
0.3115
0.3115
0.3115
0.3964
0.3681
0.3398
6.3147
4.4174
2.0105
8.2402
8.5517
3.0582
1.5857
1.0477
0.7646
0.5663
0.5097
1.2743
14.8380
7.6172
3.3697
2.0671
1.1327
0.7362
0.6230
0.6230
1.1893
0.6796
0.5097
0.4814
0.4531
0.4248
0.4248
0.4248
0.4248
0.4531
0.8212
0.8212
0.8212
0.8212
0.8212
0.8212
0.8212
0.8212
0.5380
0.5663
0.7646
0.5663
0.5097
0.4814
7.2208
2.2653
0.8778
0.7362
0.7362
1.7840
1.6990
0.9628
0.7362
0.6230
4.4174
1.2176
0.6796
0.5947
0.5380
0.5097
0.4814
3.6812
1.0194
0.6230
0.5380
0.5097
0.4814
0.4814
0.4531
0.4814
1.1327
0.5380
0.4531
0.4531
0.4248
0.4248
0.4248
0.4248
0.3964
0.3964
0.3964
0.3964
0.3964
0.3964
0.3964
0.3964
0.3964
0.3964
0.3964
0.3964
0.3964
0.3964
0.3964
0.3964
0.3964
0.4248
0.4248
0.3964
0.3964
1.1327
0.4248
0.3964
0.3964
0.3964
0.3964
0.3964
0.3681
0.3681
0.3398
0.3398
0.3398
0.3681
0.3398
0.3398
0.3398
0.3398
0.3398
0.3398
0.3398
0.3398
0.3398
0.3398
0.3115
0.3115
0.3398
0.3398
0.3398
0.3398
0.5380
0.7929
0.3964
0.3681
0.3115
0.3115
0.3115
0.3115
0.3115
0.2832
0.2803
0.2803
0.2718
0.2718
0.2718
0.2662
0.2662
0.2577
0.2577
0.2577
11.6665
1.1327
0.5947
0.8495
0.3964
0.6796
0.3681
0.3115
0.2832
0.2832
0.2718
0.2718
0.2718
0.2803
0.2832
0.3115
0.3115
0.3115
0.3115
0.3115
0.3115
0.3115
0.3115
0.3115
0.3398
0.4531
0.6796
0.6513
0.4248
0.3681
0.3398
0.3115
0.3115
0.3115
0.3398
0.3115
10.9586
10.5905
1.3592
0.7362
1.1893
2.3220
1.5008
0.7646
0.5663
0.5097
0.5663
0.6513
0.5097
5.5218
16.6503
7.3624
1.2176
0.9061
0.7362
0.8212
0.7646
4.1626
1.0194
0.7362
0.6230
0.5663
0.5097
0.5097
0.4814
0.5097
0.4531
0.4531
1.1327
2.2370
1.1327
0.8778
2.0105
1.4158
0.9628
0.6513
0.5663
0.5947
0.5097
0.4814
0.4531
0.4248
0.4248
0.4248
0.3964
0.3964
0.7929
1.1044
0.8495
0.7362
0.6513
0.5663
0.4814
13.8753
10.1941
1.6707
0.9628
0.7362
0.6230
0.5663
0.5097
0.5097
0.5380
0.5097
0.4531
0.4248
0.4248
0.4248
0.4248
1.0477
5.6634
19.9351
15.9990
11.8364
3.6812
2.1804
1.6990
1.0194
0.7929
0.8495
0.9061
0.8495
1.8406
1.2176
0.7079
0.6230
0.5380
0.6513
14.0735
11.5250
2.6335
2.3786
1.6990
1.4442
2.5768
1.5857
1.0477
0.8495
0.2832
0.2832
0.2832
0.2832
0.2832
0.2832
0.2832
0.2832
0.3115
0.2832
0.2832
0.2832
0.2832
0.3115
0.3115
0.3115
0.3115
0.2832
0.2832
0.2832
0.2832
1.0477
0.3681
0.3681
0.3115
0.2775
0.2662
0.2633
0.2549
0.2464
0.2464
0.2464
0.2464
0.2464
0.2379
0.2832
0.6230
0.4531
0.5097
0.2832
0.2549
0.2379
0.2379
0.2379
0.3115
0.3115
0.2633
0.2662
0.2775
0.4814
6.5695
1.5008
0.9061
0.3681
0.2832
0.3398
0.4814
0.6513
0.5097
0.3398
0.3115
0.3115
0.3115
0.3115
0.3115
0.3115
0.3115
1.3592
0.8212
0.3115
0.2832
1.2743
1.7556
6.3996
0.7646
0.4814
0.4248
0.3681
0.3115
0.3115
0.2832
0.3115
2.4919
0.9061
6.5695
6.5695
0.4814
0.4814
0.4814
0.4814
0.4814
0.4814
0.4814
0.4814
0.4814
0.3398
0.3398
0.3398
0.3398
0.3398
0.3398
0.3398
0.3398
1.9255
1.9255
1.9255
1.9255
1.9255
1.9255
0.7079
0.7079
0.7079
0.7079
0.7079
0.6230
0.6230
0.6230
0.6230
0.6230
0.6230
0.6230
0.6230
0.6230
5.2669
0.5663
0.5663
0.5663
0.5663
0.5663
0.5663
0.5663
0.5663
2.4069
2.4069
2.4069
2.4069
2.4069
1.2176
1.2176
1.2176
1.2176
1.2176
1.2176
0.3964
0.3964
0.3964
0.3964
0.3964
0.3964
0.3964
0.3964
0.3964
0.3398
0.3398
0.3398
0.3398
0.3398
0.3398
0.3398
0.3398
0.3398
0.3398
0.3398
0.3398
0.3398
0.3398
0.3398
0.3398
0.3398
0.3398
0.3398
0.3398
0.3398
0.3398
2.4069
2.4069
2.4069
2.4069
2.4069
1.1327
1.1327
1.1327
1.1327
0.4248
0.4248
0.4248
0.4248
0.4248
0.4248
0.4248
0.4248
0.4248
0.4248
0.4248
0.4248
0.4248
0.4248
0.4248
0.4248
0.4248
0.3681
0.3681
0.3681
0.3681
0.3681
0.3681
0.3681
0.3681
0.3681
0.3681
0.3681
0.4248
0.3681
0.3398
0.3398
0.3398
0.3398
13.1390
13.1390
13.1390
13.1390
13.1390
13.1390
13.1390
13.1390
1.9255
1.9255
1.9255
1.9255
1.9255
1.9255
1.9255
0.8778
0.8778
0.8778
0.8778
0.8778
0.8778
0.8778
0.8778
0.8778
0.8778
0.8778
0.8778
0.5380
0.5380
0.5380
0.5380
1.4158
1.4158
1.4158
1.4158
1.4158
1.4158
1.4158
1.4158
0.4814
0.4814
0.4814
0.4814
0.4814
0.4814
0.4814
0.4814
0.4814
0.4814
0.4814
0.4814
0.9628
0.9628
0.9628
0.9628
0.9628
0.9628
0.9628
0.4248
0.4248
1.5008
1.5008
0.5663
0.5663
0.5663
0.5663
0.5663
0.5663
0.5663
0.5663
0.5663
0.5663
1.3026
1.3026
1.3026
1.3026
1.3026
1.3026
1.3026
1.3026
1.3026
1.3026
0.7079
0.7079
0.7079
4.2192
0.7362
0.5663
0.5097
0.4814
0.4814
0.4531
0.4531
0.4531
0.4531
0.4531
0.4531
0.4531
0.5663
8.4101
1.5008
0.9628
0.7362
3.6246
9.9958
4.2475
1.1893
1.9822
1.2176
1.1327
3.4263
1.0477
0.7362
0.6796
0.9061
0.7079
0.7079
0.7646
0.6230
3.6812
2.0671
9.0614
1.7840
4.8139
4.1059
1.4158
1.0477
0.7646
0.6513
0.6230
0.5663
0.5380
0.5380
0.5380
0.5097
0.5097
0.5380
3.1998
0.8212
0.5663
0.5380
0.5097
0.5380
0.4814
0.5097
0.6513
0.5380
0.5097
0.4248
0.3964
0.3964
0.3681
0.5097
0.4814
0.3964
0.3681
0.3681
0.3681
0.3681
0.3681
0.3681
0.3681
0.3681
0.3681
0.3964
0.3964
0.3964
0.3964
0.4248
0.4248
0.4248
0.4248
0.4248
0.4248
0.4814
0.3964
0.4814
0.4248
0.3681
0.6230
0.5380
0.3964
16.6786
4.0210
2.8600
1.1327
0.7079
0.5380
0.9061
1.1893
0.5663
0.4814
0.4531
0.4248
2.1804
7.1075
0.6513
0.4248
0.4248
0.4248
0.4248
1.1327
0.4531
1.5291
1.6707
1.6707
1.1893
0.5380
0.4531
2.8600
30.2990
1.8406
1.0194
0.7362
0.5380
0.5380
0.4814
0.4248
0.4248
0.4248
0.4248
0.4248
0.4814
3.4263
1.5008
0.9061
0.7362
11.5533
31.4317
6.7394
37.9446
28.2885
40.7763
15.5459
9.8259
3.5962
4.8139
15.8574
17.0751
5.0404
2.5485
4.6440
4.9554
1.7556
1.3026
1.1327
0.9628
0.9628
0.8778
0.8212
0.7929
6.2580
15.2911
2.0105
8.8915
2.1804
1.5008
1.2176
1.0477
0.9628
0.9061
0.8212
0.7646
0.7929
0.7362
4.5590
1.4158
1.0477
10.8170
8.0986
2.8883
1.5008
1.0477
1.0194
0.9061
0.8212
0.7646
0.7362
0.6513
0.6230
0.6230
0.5947
0.5663
1.1044
0.6230
0.5663
0.5380
0.5380
0.5097
0.4814
0.4814
0.5380
0.4814
0.4531
0.4531
5.3802
8.0703
30.2990
2.1804
1.1327
1.9255
0.7929
0.6230
0.5947
2.6335
1.1327
1.2743
1.6141
11.1568
18.7174
1.2176
0.8212
0.7079
0.6513
0.6513
0.6230
0.5947
0.5663
0.5380
0.5380
0.8212
9.0614
1.8972
4.8988
1.4158
0.9628
0.7929
0.7362
0.6513
0.6230
1.3026
0.6230
0.5380
0.6230
2.3786
1.5857
1.0194
0.7362
0.6230
0.6230
0.5380
0.5380
0.5380
0.5380
0.5380
0.5380
0.5380
0.5380
0.5380
0.5380
0.5380
0.5380
0.5380
0.5380
0.5947
0.6230
0.5947
0.5947
0.7079
1.2743
0.6796
0.6230
0.5947
0.5663
0.5380
0.5380
0.4814
0.9628
3.1998
0.6513
0.6796
10.7887
7.6172
2.4636
1.1327
0.8778
0.8212
0.7646
16.7919
13.1390
1.4158
1.4158
1.4158
1.4158
1.4158
1.4158
1.4158
1.4158
0.6230
0.6230
0.6230
0.6230
5.6917
5.6917
0.7929
0.7929
0.7929
0.7929
0.7929
0.7929
0.7929
1.1327
0.6230
0.6230
0.6230
0.6230
0.6230
2.1804
2.1804
0.7362
0.6513
1.3592
0.7929
0.6513
0.7646
0.7079
0.6513
0.6230
0.6230
0.7362
0.6513
0.6230
0.5947
0.5663
0.5663
0.5663
0.5663
0.5380
0.5380
0.5380
0.5380
0.5380
0.6230
1.6141
2.0105
0.8495
0.6230
0.5663
0.5663
0.5663
0.5663
0.5663
0.5663
0.5663
0.5663
0.5663
0.5663
0.5663
0.6230
0.6230
0.6230
0.6230
0.6230
0.7079
0.7079
0.7362
0.6230
0.6230
0.6230
0.6230
0.6230
0.6230
0.6513
0.6513
0.6513
0.6513
0.5380
0.5380
0.5380
0.5380
0.5380
0.5380
0.6230
0.6230
0.6513
0.7362
1.5291
2.3786
0.7929
0.6796
0.6513
0.6796
5.0404
4.5873
0.9628
0.7362
0.6513
0.6230
0.5663
0.5663
0.5947
0.6513
0.5663
0.5380
0.5380
0.4814
0.4814
0.4814
0.4814
0.4814
0.4814
0.5380
0.5097
0.4814
0.4814
0.4814
0.4814
0.4814
0.4814
0.4814
0.5380
0.8778
0.3398
0.3681
0.3398
0.3681
0.3681
0.3681
0.9061
0.6513
0.4248
0.6230
1.0194
0.6230
0.4531
0.3964
0.3681
0.3681
0.3681
0.3964
0.4531
0.5380
0.6230
1.5008
0.5947
0.5097
4.1059
2.7184
0.6230
1.1044
0.5380
0.5380
0.5097
0.5097
1.3026
10.3073
1.6990
0.7079
0.6513
0.5947
0.5947
0.7362
0.7929
0.4814
0.4248
0.5380
0.3964
0.3681
0.3398
0.3398
0.3398
0.3398
0.3115
0.3115
0.3115
0.3681
0.3115
0.3115
0.3115
0.3398
0.3115
0.3115
0.3115
0.3115
0.3115
11.6665
5.6917
10.5905
2.8034
0.7079
1.7840
0.8778
1.0477
1.1893
7.2774
8.5800
5.2953
17.1317
4.7289
3.6246
1.6990
7.7022
10.7887
13.2240
3.3697
3.6246
1.2176
0.8212
0.7646
0.9628
0.6796
0.5663
0.5380
1.1893
0.6513
0.6513
0.5380
0.4814
0.4814
0.4531
0.4248
0.4248
0.4531
0.5097
0.4814
0.4531
0.4248
0.4248
0.4248
0.4248
0.4248
0.4531
3.6812
7.5323
1.6141
0.8778
0.7362
0.7079
0.7362
0.6513
0.5947
0.8778
3.7378
3.7378
3.7378
4.1626
4.1626
4.1626
0.7362
9.0614
1.0477
2.9450
0.8495
0.8778
1.0477
0.7362
15.8008
2.6618
1.3592
0.7929
0.8778
23.3897
8.6366
7.5323
7.1925
10.2507
4.3042
4.1626
17.7830
29.1664
7.2208
9.8259
5.3519
2.9450
2.1804
1.8972
1.7556
1.5008
1.4442
1.2743
0.8495
1.4158
1.2743
1.1327
0.9628
0.8212
0.8212
0.7929
6.7960
3.2848
1.2176
0.9061
0.8212
0.7646
0.7362
0.7079
0.7079
0.7079
0.7362
0.7079
0.7079
0.7362
0.7929
5.7483
10.2507
0.3964
0.3964
0.3964
0.3964
0.4248
0.3964
0.3964
0.3964
0.3964
0.3964
0.3964
0.3964
0.3964
0.3964
0.3964
0.3964
0.3964
0.3964
0.4248
0.4248
0.4531
0.4531
0.5097
0.5380
0.4248
0.3964
0.3964
0.3681
0.3681
0.3681
0.3681
0.3964
0.3964
0.3964
0.3964
0.3964
0.3681
0.3681
0.3681
0.3681
0.3681
0.3681
0.3681
0.3681
0.3398
0.3681
1.0194
12.2612
34.2634
5.3519
1.5291
0.9628
0.7362
10.6471
8.0986
1.0194
0.8212
0.9628
1.9255
0.7929
0.6230
0.5663
0.5663
0.5380
0.5380
0.5097
0.5097
0.4814
0.4814
0.5097
0.5380
0.5380
0.5097
0.4814
4.8139
13.1390
1.5008
0.7079
0.5663
0.5380
0.5097
0.4814
0.4814
0.4531
0.4531
0.4531
0.4531
0.5663
3.5113
1.9822
2.2653
1.1327
1.6141
2.1804
0.8778
0.6230
0.5380
0.5097
0.5097
0.4814
0.4814
0.4531
0.4531
0.4531
0.4531
0.4531
0.4531
7.5040
2.2653
0.7079
0.6230
0.6230
0.9628
2.2370
3.2281
1.7840
0.8495
1.1893
5.1253
1.5008
0.8212
0.7079
1.6990
0.7362
0.6513
0.6230
2.2370
0.7362
0.5663
0.5663
0.5663
1.3026
0.6230
0.6513
1.6707
1.1044
0.9061
0.7079
0.7362
0.6513
0.5663
0.5380
1.8406
1.1327
0.6230
0.5663
0.5097
0.4814
0.4814
0.4814
0.4814
0.9061
4.8988
24.4374
20.4164
19.8784
31.7149
13.6204
6.0032
2.5485
1.5857
1.1044
0.9061
0.8495
0.7929
0.7646
0.7362
0.7362
1.0477
0.8778
0.7646
0.7362
0.7362
1.4442
0.9628
0.7646
1.0194
0.7362
0.7929
0.8778
0.7646
0.7079
0.3115
0.3115
0.3115
0.3115
0.3115
0.2832
0.3115
0.3681
0.3681
0.3398
0.3398
0.3398
0.3398
0.3398
0.3681
0.3681
0.3681
0.3681
0.3681
0.3681
0.3681
0.3681
0.3681
0.3681
0.3681
0.3681
0.3398
0.3398
0.3398
0.3398
0.3398
1.4442
0.7079
0.4248
0.7929
0.7646
0.4531
0.3964
0.3681
0.3681
0.3681
0.3398
0.3398
0.3398
0.3398
0.3398
0.3398
0.3398
0.3398
0.3115
0.3115
0.3115
0.3115
0.3115
0.3115
8.5800
0.8778
0.4531
0.3964
0.3681
0.3681
0.3398
0.3398
0.3398
0.3398
0.3398
0.3398
0.3398
0.3398
0.3398
0.3398
0.3398
17.7547
2.0105
0.9061
0.8212
0.7646
0.7362
0.7362
0.7079
1.4442
33.4139
7.5323
2.8883
7.5323
1.5857
0.9628
0.5947
0.5097
0.4531
0.4248
0.3964
0.3681
0.3964
0.3681
0.3681
0.3681
0.3681
0.3681
0.3681
0.3681
0.3681
0.3681
0.3681
0.3681
0.3681
0.3681
0.3681
0.3681
0.3681
0.3681
0.3964
0.3964
0.4248
0.5380
0.4531
0.4248
0.5947
0.5663
0.4814
0.4531
0.4531
2.0671
0.8778
0.4814
0.4248
0.3964
0.3681
0.3681
0.3681
0.4531
0.7079
0.5380
0.4531
0.3964
0.3964
0.3681
0.4248
0.4814
1.4158
2.9733
2.5485
1.0194
0.6513
0.5663
0.5097
0.4814
0.4531
0.4531
0.4248
0.4248
0.4248
0.3964
0.3964
0.3964
0.4248
0.4248
0.3964
0.3964
0.3964
0.3964
0.3964
0.3681
0.3964
0.3964
0.3964
0.3964
0.3964
0.3964
0.3964
0.3964
0.3964
0.3964
0.3964
0.3964
0.3964
0.3964
0.3964
0.3964
0.4814
0.4248
0.4248
0.4248
0.4814
0.4248
0.3964
0.4814
0.5663
0.4814
0.4248
0.3964
0.3964
0.3681
0.3681
0.3964
0.3964
0.4248
0.6796
0.6796
0.4814
0.4248
0.4248
2.2653
0.6230
0.5097
0.5663
0.4248
1.6141
1.6141
1.2176
0.5380
0.4248
0.4248
0.3964
0.3964
0.3681
0.3681
1.8972
0.5947
0.4248
0.3964
0.3681
0.4531
17.7830
0.9061
0.5097
0.5380
0.4531
0.3964
0.3964
0.3964
0.3681
0.3681
0.3681
0.3681
0.5097
0.6230
0.5663
0.4531
0.4248
0.5380
1.0194
0.6796
0.5097
0.4814
0.4248
0.4248
0.3964
0.3964
0.3681
0.3681
0.3681
0.3681
7.8438
0.8778
0.4814
0.4248
0.3964
0.3964
0.3681
0.3681
0.3681
0.3681
0.3681
3.5396
1.2743
0.6796
1.0194
3.4263
1.8406
3.1149
1.2176
0.9061
1.0194
1.6707
0.7362
1.5291
0.9628
0.5663
0.5380
5.8616
5.2953
1.3592
0.6230
0.5380
0.5380
0.4814
0.4531
0.4248
0.4248
1.9822
1.6990
1.1327
2.6335
0.7362
5.1820
3.9077
2.2370
1.1327
0.7079
1.9255
1.6707
0.7929
1.1327
1.3592
1.2176
0.7362
0.6230
0.5663
0.5380
0.5097
0.5097
0.4814
0.4814
0.4814
0.4531
0.4531
2.9733
0.5947
0.4814
0.5097
0.5380
0.4814
0.4531
0.4248
0.4531
0.5663
0.5380
0.4814
12.3178
20.5014
14.1018
4.5024
2.9733
2.3786
1.1044
0.7362
0.6230
0.6230
0.6796
0.8212
0.9628
0.6796
1.6707
11.2135
1.6990
0.7362
0.6230
3.4547
2.3786
1.2743
1.8406
0.9061
0.7079
0.6230
0.6230
0.5947
0.5663
1.5857
1.0194
0.7079
0.6230
0.5663
0.5380
0.4531
0.4248
0.3964
0.3681
0.3964
0.3964
0.3681
0.3681
0.3681
0.8778
1.3026
1.5008
0.9628
0.6513
0.4814
0.4248
0.4248
0.3964
0.3964
0.3681
0.3681
0.4248
0.7362
0.4248
0.3964
0.3964
0.6230
0.4814
0.4248
0.3681
0.3681
0.3681
0.3398
0.3681
0.3681
0.3681
0.3681
0.3398
0.3398
0.3398
0.3964
0.4814
0.4814
0.4248
0.3964
0.3681
0.3681
0.6513
1.3026
4.3891
1.1044
0.6513
0.5380
0.4248
0.3964
0.3398
0.3398
0.3398
0.8778
5.5501
4.5590
2.7184
1.1044
0.7362
0.5663
0.4814
0.4248
0.6513
0.5380
4.5873
23.1632
3.2848
0.9061
0.6796
0.6513
0.5663
0.5380
0.5097
0.4814
0.6513
0.5097
0.5097
0.4814
0.5097
0.5097
0.4814
0.4814
0.4531
0.4248
0.4248
0.5097
0.7362
1.5857
28.2602
8.0986
9.7693
3.2281
1.3026
0.9628
0.8212
0.7362
0.6513
0.6230
0.5663
0.5380
0.5380
0.5663
1.9822
1.3026
0.9628
0.8212
0.7362
0.6796
0.6513
0.5947
0.5380
0.5380
0.5097
0.5097
0.5097
0.5097
1.3309
1.5857
16.5654
30.2990
19.8784
34.2634
20.9261
10.0808
5.2669
3.5113
1.7556
1.3026
1.1044
0.9911
0.8778
0.8212
0.7646
0.7362
0.7362
0.7079
0.6796
0.6513
0.6230
1.1893
1.3026
1.3026
1.0477
1.6424
1.2176
0.8212
5.1820
20.9261
24.9755
8.8915
3.9360
3.3697
1.1327
0.9345
0.8495
0.8212
0.7646
8.9481
2.4069
1.0194
0.7646
0.7362
0.7362
1.0194
0.9628
8.9481
2.1804
0.7929
0.6796
0.6796
0.6230
0.6230
0.6230
0.6230
0.5947
0.5947
0.5947
0.6230
0.4248
0.3964
0.3964
0.3964
0.3964
0.3964
0.3964
0.3964
0.3964
0.3964
0.3964
0.3964
0.3964
0.3964
0.3681
0.3681
0.3681
0.3681
0.4814
0.4814
0.4531
4.0210
12.8842
4.9554
5.8616
9.6844
4.8988
5.9465
5.3519
1.1044
0.7646
0.7079
0.5947
0.5380
0.5097
0.9911
1.3026
6.2297
4.1626
2.4069
2.6335
1.6141
1.0194
0.5380
1.6141
0.6796
0.5380
0.8778
0.7929
0.5097
0.5947
0.6513
0.5663
16.2539
3.6812
0.9061
0.6513
0.5947
0.5380
0.4814
0.4814
0.4814
0.4814
0.4814
0.5097
0.4814
0.7079
0.7079
0.7362
9.6277
4.7289
4.1059
3.5962
2.1804
27.2974
9.9958
3.0582
2.0105
1.4158
0.8495
0.7362
2.0671
4.3891
1.7840
2.6335
2.0671
1.1327
0.5947
0.5663
4.7006
9.9392
9.1463
2.1804
1.4158
0.9628
0.6796
0.6230
0.5947
0.5663
0.5380
0.5097
0.5097
0.5097
0.5097
2.2370
1.8972
1.3026
2.6618
2.0105
0.8495
0.8212
0.6796
0.8495
0.8212
0.5947
0.5663
0.5380
0.6230
0.5947
0.5947
0.6513
5.6917
1.9822
0.9061
9.3729
21.9172
6.6261
2.0105
2.1804
2.6335
10.7887
3.7661
2.7184
1.6141
4.8705
2.6335
3.2848
16.5087
5.9465
2.5768
4.8988
3.5113
11.9497
9.6844
10.3356
4.3042
2.0954
1.1610
1.0194
0.9345
0.8778
0.9061
3.5113
1.7273
1.5291
4.0210
3.5113
7.9287
3.1432
5.3802
3.2848
2.7467
5.6917
2.5485
2.0954
2.3786
1.8406
1.7840
15.9141
42.7584
35.6792
9.4578
4.8139
3.2848
2.6335
2.1804
1.9822
1.4725
1.1044
0.9628
0.9061
0.8212
0.5380
0.5947
0.5947
0.5947
0.6796
0.5380
0.5380
0.5097
0.5097
0.5097
0.4814
0.4814
0.4814
0.4814
0.4814
0.4814
0.5947
2.8034
0.7929
0.6230
0.6513
0.5663
0.5380
0.5380
0.5380
0.5380
0.5097
0.4814
9.6844
1.2743
1.9822
5.4368
1.4725
0.6796
0.5947
0.5663
0.7929
1.0194
2.1804
0.8212
0.8212
0.6513
0.5663
0.5380
0.5097
0.4814
0.4814
0.4814
0.4814
0.4814
0.4814
0.4814
0.4814
0.4814
0.4814
0.9911
0.6796
0.5380
0.4814
0.4814
0.4531
0.4531
0.4531
0.4531
0.4531
0.4248
0.4248
0.4248
0.4248
0.5380
0.4814
0.5380
5.1820
0.8495
0.5947
0.5097
0.4814
0.4814
0.4531
0.4814
0.5380
0.5380
0.5097
5.5218
2.9733
6.1731
4.1626
2.3220
2.9450
2.6618
2.9450
1.6141
1.0194
0.5380
0.5097
0.4531
0.4531
0.4248
0.4248
1.5857
0.5947
0.4531
0.4248
0.4248
0.3964
0.3964
0.3964
0.3964
0.3964
0.3964
0.3681
0.3681
0.3681
0.3681
0.7646
0.9061
0.4248
0.3964
0.3964
15.0646
25.9382
5.1253
3.4263
2.5768
17.4432
10.6755
5.4368
6.7960
3.6812
1.4725
1.1610
1.0477
0.9628
0.9911
6.3147
8.8065
2.6618
1.3592
1.1044
0.9911
0.9061
0.8778
0.8212
0.8212
0.8212
1.0194
0.9345
1.1044
1.6990
3.1432
2.7467
5.4652
2.1804
0.6513
0.6230
0.5663
0.5380
0.7362
8.7499
1.9822
1.7556
1.5291
5.2669
7.8721
10.9586
6.5695
3.8228
1.8972
1.1610
2.0954
0.9911
0.8495
0.7646
0.7362
0.7362
0.7362
10.5905
12.8275
3.3414
4.8705
4.7855
3.4547
0.4248
0.4248
0.4248
0.4248
0.4248
0.4248
0.4531
0.4248
0.4248
0.4248
0.4248
0.4248
0.4248
0.4248
0.4814
0.4248
0.4248
0.4248
0.4248
0.4248
0.4248
0.3964
0.3964
0.4814
0.4248
0.4248
1.5291
2.2653
0.6513
0.4531
0.4248
0.4248
0.4248
0.4248
0.4248
0.3964
0.4248
0.4248
0.4248
0.4248
0.3964
1.1327
1.4442
3.7661
1.4158
4.5590
1.1044
0.5663
0.5097
0.4531
0.5097
0.5097
0.4531
0.4248
0.4248
0.3964
0.3964
0.3964
0.3964
0.3964
0.3964
0.6513
0.4531
0.4248
0.3964
0.3964
0.3964
0.3964
0.4248
0.4248
1.9822
0.6513
0.4531
0.4248
0.4248
0.3964
0.3964
0.5947
0.5097
0.4531
0.5380
1.1044
0.5947
0.4531
0.4248
0.4531
0.4531
0.4531
7.6172
12.7992
2.4919
1.1044
0.7646
0.5097
0.4531
0.4531
0.4248
2.1521
2.7184
0.7079
0.6230
1.0760
1.1893
0.5380
0.8495
0.7079
0.9061
0.6513
0.7079
0.5947
0.7079
0.5097
0.4531
0.4531
0.4248
0.4248
0.4248
0.4248
1.4725
1.2176
0.5380
0.4531
0.4531
0.4814
0.4531
0.4248
0.5663
4.3891
2.4636
8.5800
1.1893
0.7079
0.5663
0.5097
0.4814
0.4531
0.4531
0.4248
0.4248
0.4248
0.4248
0.4248
0.4248
0.4248
0.3964
0.3964
0.3964
0.3964
0.3964
0.3964
0.3964
3.8228
5.7766
3.8511
11.9214
3.0299
5.1820
2.1804
0.9345
0.7646
0.6513
0.5947
0.5663
0.5380
0.5097
0.5380
0.5097
0.5097
0.4814
0.7362
1.0477
0.6796
0.5663
0.5097
0.4814
0.4814
0.4531
0.4531
0.4248
0.4248
0.4248
0.4248
0.3681
0.3681
0.3681
0.3681
0.3681
0.3681
0.3964
0.6513
0.5380
0.3964
0.3964
0.3964
0.3681
1.7556
1.2743
0.6230
0.5097
0.4531
0.3964
0.3681
0.3681
0.6513
1.1044
1.8972
3.2281
0.9628
0.5380
0.4531
0.4531
0.5097
0.4814
0.4248
0.3964
0.3964
0.3681
0.3681
0.4814
0.6230
2.2370
0.7362
0.6513
0.4814
0.5663
1.2176
0.4531
0.4248
0.3964
0.3964
0.3681
0.3681
0.3681
0.3681
0.3681
1.7273
1.5574
0.5380
0.4248
14.3283
14.5549
0.9628
0.6230
0.5097
0.4248
0.3964
4.2475
0.9345
1.1327
0.8778
0.4248
0.4248
0.5097
0.4248
0.3964
0.3964
0.3964
0.3964
0.3681
0.3681
4.3042
0.9061
0.4531
0.3964
0.3681
0.3681
0.3964
0.3964
0.3681
0.3964
5.7766
12.1762
2.9450
1.1044
0.7646
2.5485
1.0477
4.8705
5.6917
1.1893
36.5287
15.4610
5.0404
3.0582
2.1804
1.8406
1.1044
1.1893
1.1893
0.7646
0.6513
0.6513
0.6796
0.9628
0.7362
0.7079
7.7871
2.2370
1.3592
0.9628
0.8495
0.8495
0.7362
0.6513
0.5947
0.5663
0.5663
0.5380
0.6796
0.6230
0.5663
0.5663
0.5380
0.5097
0.4814
0.5097
0.4814
0.4531
0.4531
0.4531
0.9911
0.5380
0.4814
0.4531
0.4531
0.4814
0.5380
0.4531
0.4248
0.4248
0.5663
0.5380
0.4531
0.4248
0.4531
0.4248
0.4248
0.3964
0.3964
0.3964
0.3964
0.4248
4.9838
0.7646
0.4814
0.4248
0.4248
0.4248
0.3964
0.3964
0.4531
0.4248
0.3964
0.3964
0.3964
1.4442
0.5097
0.4248
0.3964
0.3964
0.3964
0.3964
0.3964
0.3964
0.3964
0.8778
8.7499
5.6917
5.2669
2.1804
1.2176
0.9628
0.7079
0.5663
0.4814
0.5380
0.5663
0.5380
0.4814
0.4248
0.3964
0.4248
0.4814
0.4248
0.4248
0.3964
0.3964
0.3964
0.4248
0.3964
0.3681
0.4248
0.6513
1.5291
0.5663
0.7079
1.7556
0.8778
1.5291
1.1044
0.6513
0.4814
0.4248
0.3964
0.3964
0.3964
0.4248
0.4248
0.3964
0.3964
0.4248
0.6513
0.4814
0.4248
0.5663
1.7556
0.3964
0.4248
1.1044
0.4814
0.4248
0.4248
0.4248
0.4248
0.4248
0.3964
0.3964
0.3681
0.3964
0.3681
0.3681
0.3964
0.4248
0.4248
0.4248
0.3964
0.3964
0.3964
0.3681
0.3681
0.3681
0.3398
0.3398
0.3964
0.4248
0.3681
0.3681
0.3681
0.3681
1.7556
0.8778
0.5663
0.6513
0.5663
0.4814
0.5663
3.0582
2.6335
0.8778
0.6513
0.5663
0.4814
0.4248
0.4248
0.3964
0.3964
1.3026
0.7079
0.4814
0.4248
0.4248
0.4248
0.4248
0.3964
0.3681
0.3681
0.3681
0.3681
0.3681
0.3681
0.3681
0.3964
0.9911
0.5663
0.4248
0.3964
0.3681
0.3681
0.3681
0.3681
0.3681
0.3681
0.3681
0.3681
2.0671
0.4248
0.3681
0.3681
0.3681
0.3681
0.3681
0.3681
0.3681
0.3681
0.3681
0.3681
0.3681
0.3681
0.3681
0.3964
0.6230
0.5663
0.4248
0.3964
0.3681
0.3681
0.3681
0.3681
0.3398
0.3398
0.3398
0.3398
0.3398
0.3398
0.3398
0.3398
0.3398
0.3398
0.3398
0.3681
0.3964
1.7556
1.4725
1.2459
0.6230
0.4531
0.3964
0.3681
0.3681
0.3681
0.3681
0.3964
0.5380
0.5380
6.8244
1.0194
0.5097
0.2775
0.2775
0.2832
0.2775
0.3398
0.3115
1.0194
0.7079
0.5947
0.5947
0.3964
0.7929
1.0760
0.9628
0.6230
0.4531
1.0760
0.3964
0.3681
0.3681
0.3115
0.3115
3.9927
19.0006
5.2103
1.7556
0.5663
0.4814
0.6230
1.0194
0.4531
0.3964
0.3681
0.3681
0.4814
0.5663
1.3026
0.5097
0.3964
0.3681
0.9911
0.5663
0.4248
0.3964
0.3681
0.6796
0.9061
0.4531
0.3964
0.3681
0.3681
0.3681
0.6796
0.5097
0.5097
0.4814
0.3964
0.3681
0.3681
0.4531
1.0194
0.5380
0.5097
0.6513
5.4652
1.9822
3.8228
0.7646
3.0582
4.8705
1.2459
3.5113
1.6424
0.5947
0.4531
0.4248
0.4531
0.4248
0.3964
0.3964
0.5947
0.6230
0.4248
0.3681
0.3681
0.3681
0.3681
0.3681
0.3681
0.3681
0.3681
0.3964
0.5380
1.6707
0.4248
0.3681
0.3681
0.3681
0.4531
0.4531
0.4248
0.3681
0.3681
0.3398
0.3398
0.3398
0.3398
0.3398
0.3115
0.3115
0.3115
0.3115
0.3115
0.3115
0.3115
0.3115
0.3115
0.3115
0.3115
0.3115
0.3681
4.4741
1.5008
0.6230
0.4248
0.3964
0.3681
0.3681
0.3964
0.3681
0.3398
0.3398
0.4248
0.3681
0.3681
0.3398
0.3681
0.3398
0.3398
0.3398
0.4248
19.0006
1.7840
0.5097
0.4248
0.3681
0.3398
0.3681
9.0614
9.5145
10.5622
3.0299
0.7929
0.5380
1.2459
0.8495
0.7929
1.1327
13.4505
8.0703
2.3786
14.4699
9.5428
2.8034
1.3026
3.1432
6.3996
2.8883
1.0477
0.5947
1.1044
4.3891
1.9255
0.6230
0.8212
0.7646
9.3446
2.8600
1.1893
2.7467
0.9911
0.5097
0.3398
0.3681
0.3681
0.3681
0.6230
0.4531
0.3681
0.3681
0.3681
0.3681
0.3681
0.3681
0.3681
0.4248
0.4531
0.3681
0.3681
0.3681
0.3398
1.3026
6.2297
0.5663
0.3964
0.3681
0.3398
0.3398
0.3398
0.3398
0.3681
0.3398
0.3398
0.3398
0.3681
0.3681
0.3398
0.3398
0.3398
0.3115
0.3115
0.3115
0.3115
0.3115
0.3964
0.3681
0.3398
0.8495
0.7362
0.4248
0.3964
0.3681
0.3398
0.3115
0.3115
0.3115
0.3115
0.3115
0.3115
0.3115
0.4248
12.0063
17.3865
4.0210
2.3786
1.5574
1.3309
9.6844
27.4673
7.6172
4.7289
2.4636
1.7556
1.5291
3.0582
15.3760
7.5040
4.9838
3.9360
2.6335
2.1804
1.9822
23.6446
28.0337
7.8438
4.7855
3.4547
2.5485
2.2653
1.7556
9.7693
7.9854
2.8883
2.1804
1.9822
7.5889
4.8988
13.4505
5.5218
3.1998
4.6440
8.7499
2.8883
2.2653
1.7556
26.2780
17.5281
4.8139
6.5695
10.9586
9.6277
6.1448
3.5113
2.6335
2.1804
1.7556
1.5291
1.4158
1.7556
1.4442
1.1044
0.7929
0.7079
0.6513
0.6230
0.6513
0.6513
0.6796
0.7079
3.7378
3.4263
4.5873
3.9077
1.7556
1.2743
2.7467
1.1044
0.6513
2.5485
1.1044
0.6230
0.5663
0.5380
0.5380
0.5380
0.5663
0.5663
0.5380
1.1044
1.2459
0.5947
2.4069
1.2743
0.8212
0.5380
0.5663
0.6230
0.6513
0.5380
0.4814
2.4919
28.2036
19.0572
3.0299
1.2743
0.8495
0.7079
0.6230
0.5947
0.5663
0.5380
0.5380
0.5097
0.8212
0.5663
0.5947
0.7079
7.9287
0.9628
0.7079
0.5663
0.5380
1.0194
0.6513
0.4248
0.5097
0.4248
0.4248
0.3964
0.3964
0.4248
0.4248
0.3964
0.3964
0.4248
0.3964
0.3964
0.3964
0.3964
0.3964
0.4814
0.4814
0.4248
0.3964
0.3964
0.3681
0.3681
0.3681
0.3681
0.3681
0.3964
0.3964
0.3964
0.4531
0.4248
0.3964
0.3964
0.3964
0.3964
0.3964
0.3681
0.3681
0.3681
0.3681
0.4248
0.3964
0.5663
0.6230
0.4531
0.4248
0.4814
0.5380
0.4531
1.3026
0.7646
0.4814
0.5097
0.4814
0.4248
0.4248
0.3964
0.3964
0.3964
0.3681
0.3964
0.4248
0.3964
0.3964
0.3964
2.4919
5.2953
1.0194
6.7111
1.1610
0.5663
0.4531
0.4248
0.3964
0.3964
0.3964
0.3964
0.3681
0.3681
0.3681
0.4248
0.4248
0.4248
0.3964
0.3681
0.3681
9.7693
9.0614
3.2848
0.7929
0.5380
0.4814
0.4531
0.4248
0.4814
0.4531
0.4248
4.1059
0.7079
0.4814
0.4531
0.4248
0.4248
0.5097
0.4531
0.4248
0.4531
0.5380
0.4531
0.4248
0.4248
0.4248
0.4248
0.4248
0.4248
0.4248
0.4248
0.4248
0.4531
0.4248
0.4248
0.4248
0.4248
0.4248
0.4248
0.4248
0.3964
0.3964
0.3964
0.3964
0.3964
0.4531
0.4248
4.5590
1.4442
0.5663
0.4248
0.3964
0.4248
0.7079
0.6796
0.4814
2.0671
0.7646
1.9255
3.5396
1.6990
0.7929
6.8244
3.8228
0.9628
12.8275
2.8600
1.2176
26.9860
13.8753
8.7499
11.9214
11.3551
21.6907
40.2099
9.8259
5.0687
3.1432
1.9822
1.5291
1.1893
4.3891
8.8065
1.5291
2.1804
7.9287
1.5291
0.9061
0.7362
0.7079
0.6513
0.9061
0.7362
0.6513
0.6230
0.5663
0.5663
0.3398
0.3398
0.3398
0.3398
0.3681
0.3398
0.3398
0.3398
0.3398
0.3398
0.3398
0.3398
0.3398
0.3681
0.4248
0.6230
1.1044
0.7929
0.4531
0.3681
0.3681
0.3398
0.3398
0.3398
0.4248
0.4814
0.3964
0.3964
0.3681
0.3681
0.8495
0.5097
0.3964
0.3398
0.3398
0.3115
0.3115
0.3398
0.3681
0.4531
0.3964
0.3398
0.3398
0.3115
0.3115
0.3115
0.3115
0.3115
0.3115
0.3115
0.3115
0.3398
0.6513
0.5663
0.3964
0.3398
0.3398
0.3115
0.3115
0.3115
0.3681
0.3398
0.3681
0.3398
0.4814
11.9497
3.4263
0.9061
0.5097
0.3964
0.3398
0.3398
0.3398
0.3115
0.3115
0.3115
0.3681
0.3681
0.3115
0.3115
0.3115
0.3398
0.3398
0.3115
0.3115
0.3398
0.5947
4.9838
1.5008
0.6230
0.4531
0.3681
0.3398
0.3115
0.3115
0.3115
0.3115
0.3115
0.3115
0.3115
0.3115
0.3115
0.3115
0.3115
0.3115
0.3115
0.3115
0.3115
0.3115
0.3115
0.3115
0.3115
0.3115
0.3115
0.3115
0.3115
0.3115
0.3115
0.3115
0.2832
0.2832
0.2832
0.2832
0.2832
0.2832
0.2803
0.2832
0.3115
0.5380
0.4531
0.3681
0.3115
0.3115
0.3115
0.3115
0.3115
0.3115
0.3115
0.3115
0.3115
0.3115
0.3115
0.3115
0.3115
0.3115
0.3115
0.3115
0.3115
0.3115
0.7362
0.5097
0.3681
0.4814
0.5663
1.5574
1.0477
1.1044
0.5380
0.4531
0.8778
0.5663
0.3964
0.3681
0.3398
0.3398
0.3398
0.3115
0.3115
0.3681
0.3681
0.3681
0.3681
0.3398
0.3115
0.3115
0.3115
0.3115
0.3964
0.5663
0.6230
0.5380
0.5947
0.3115
0.3115
0.3964
0.3964
0.3398
0.3115
0.3115
0.3115
0.3115
0.3115
0.3115
0.3115
0.3115
0.3115
0.3115
0.3115
0.3115
0.3115
0.3681
0.3398
0.3398
0.3115
0.5097
0.9628
3.7378
1.0760
0.5663
0.7362
0.5947
0.8212
1.3026
0.6230
0.4248
0.3964
0.3398
0.3398
0.3398
0.3115
0.3398
2.1804
3.7378
2.0954
0.5663
0.5380
0.4814
0.4248
0.4248
0.4248
0.4248
0.3964
0.3964
0.3681
0.3681
0.3398
0.3681
0.3398
0.3398
0.3115
0.3115
0.3115
0.3115
0.3115
1.3026
0.6513
0.4248
1.3026
15.3194
2.1804
1.1327
6.5695
1.5291
0.7362
0.6230
0.5663
0.5380
0.5380
0.4814
0.4814
0.4248
0.4248
0.4248
0.4248
0.4248
0.4814
0.4248
0.4248
0.4248
0.3964
0.3964
0.3964
0.3964
0.3964
0.3964
0.3964
0.3964
0.4248
0.8778
2.6335
0.7079
0.4814
0.4248
0.8778
4.8139
0.6513
0.4814
0.4248
0.4248
3.5962
0.8212
0.5380
0.4531
0.4248
0.4248
3.0582
1.9822
0.6513
1.0194
4.3891
1.1044
0.5663
1.3026
1.8406
2.0954
1.5857
0.9061
1.4158
1.1044
0.7362
1.3026
1.2176
0.9061
0.8778
0.8212
0.7929
0.7362
0.8778
0.8212
0.7362
2.1804
4.8139
1.1044
0.8212
0.7362
0.7079
0.7079
0.6513
0.6513
0.8778
0.7929
0.7362
0.7362
0.6230
0.5947
0.5380
0.5380
0.5380
0.5380
0.7362
0.8495
0.7079
0.7079
0.8778
0.6230
1.3875
1.2459
3.4263
0.8778
1.6990
3.0582
1.5008
1.1610
1.0477
0.8495
0.7362
0.6796
0.8495
1.4725
1.3592
4.8705
1.0477
0.5947
1.0194
0.3681
0.3681
0.3398
0.3398
0.3681
0.3681
0.3398
0.3398
0.3398
0.4248
0.4248
0.3681
0.3681
0.3681
0.3681
0.3681
0.3398
0.3398
0.3398
0.3398
0.3398
0.3398
0.3681
0.3681
0.3681
0.3681
0.3681
0.3398
0.3398
0.3398
0.4248
0.4248
0.4248
0.3681
8.7499
2.3220
0.5947
0.4248
0.3681
0.4531
0.3964
0.3681
1.5857
7.7588
4.3042
5.6917
0.7079
0.4531
0.4531
0.4248
0.3681
0.3681
0.3681
0.3681
0.3681
0.3681
0.3681
0.3681
0.3681
0.5097
0.5947
0.5380
0.5380
0.4814
0.6513
0.5663
0.5380
6.5695
1.1044
4.3891
1.5291
0.8778
1.3026
2.6335
7.8721
1.7556
17.5281
3.9360
6.5695
3.5113
17.5281
70.2258
35.1129
3.9360
8.7499
3.5113
1.9822
1.3026
1.1044
1.9822
2.6335
3.0582
1.5291
2.4069
3.0582
4.3891
3.0582
1.5291
1.7556
1.5291
1.2176
1.3875
1.1893
1.0477
0.9628
0.8212
0.7362
1.1044
0.9628
0.8778
0.7929
0.7362
0.7079
0.6513
0.6230
0.5663
0.5380
0.5380
0.5097
0.5097
0.6230
0.5947
0.5380
0.5097
0.5380
0.5663
0.5380
0.5097
0.6230
0.6230
0.5663
1.1044
1.0760
0.7362
0.5947
0.5380
0.5097
0.4814
0.4814
0.4814
0.4531
0.4531
0.4531
0.4531
0.4531
0.4248
0.4531
0.5097
0.4814
1.2176
0.6796
0.7079
0.5097
0.5663
2.0954
0.8212
0.5947
0.5097
0.4814
0.5380
0.5097
0.4531
0.4531
0.4531
0.4248
0.4248
0.5097
0.5380
0.4531
0.4248
0.3964
0.3964
0.3681
0.3681
1.3026
0.7362
0.4814
9.3729
8.0137
2.3786
0.7362
1.1044
0.3115
0.3115
0.3115
0.3115
0.3115
0.3398
0.3681
0.3681
0.3398
0.3398
0.3398
0.3115
0.3115
0.3115
0.3398
0.3964
0.3681
0.3398
0.3398
0.3398
0.3398
0.3681
0.3398
0.3398
9.4295
3.9077
3.8511
0.7646
0.4814
0.3964
0.3681
0.3681
0.3398
0.3398
0.3398
0.3398
0.3398
0.3398
0.3398
0.3398
0.3681
5.6634
3.4547
18.5192
5.9465
2.1521
1.1044
0.7362
0.6230
0.5663
0.5097
0.4814
0.4814
0.4531
2.4919
3.5113
0.7079
0.5097
0.4814
0.4531
0.4248
0.4248
0.5380
0.5663
0.7079
0.5380
0.5097
0.4814
0.4814
0.4814
0.4531
1.5008
16.6503
2.7467
15.7725
7.0226
25.2869
33.4139
10.9020
7.5040
13.5355
2.8034
1.6990
3.4547
2.4069
1.6424
1.2176
1.1610
1.1044
0.9061
0.8495
0.8495
0.7929
0.7646
8.9764
2.3220
1.1044
0.8495
1.3026
2.4636
1.4725
0.9061
0.8212
1.5291
0.8212
0.7929
0.7929
0.9061
5.0687
1.8972
1.3592
1.2743
1.1893
9.6277
5.3519
41.9089
12.1762
17.3016
39.3604
60.0317
47.2891
31.4317
14.3566
7.5323
8.7499
4.8139
4.3325
3.9077
3.9077
4.1059
7.5323
4.3325
3.5113
3.2848
3.1149
2.9450
2.9450
2.7467
2.5768
2.5768
2.5768
2.4636
2.4636
2.4636
2.4636
2.2653
2.2653
2.7467
2.4636
2.2653
1.9822
2.0954
2.0954
2.2653
2.3220
2.4919
2.2653
2.5768
2.2653
2.0954
2.2653
2.2653
6.4846
6.4846
5.6634
2.8883
1.8406
1.8406
2.4636
1.9822
1.2743
1.3026
5.0404
4.4741
4.7006
1.8406
1.4158
4.9838
2.0954
3.1432
4.9838
3.5113
2.5768
0.6230
0.7362
0.6513
0.5663
0.5097
0.5380
0.4814
0.4531
0.4531
0.4248
0.4248
0.4248
0.4248
0.4531
0.4248
0.4248
0.4248
0.4248
0.4248
0.7646
0.9911
2.3220
3.0299
1.0760
0.7362
0.8778
2.2653
3.5396
1.2459
2.4919
2.3220
1.1044
0.8495
2.2653
0.8212
0.5947
0.5380
2.3220
2.1804
0.7362
0.5663
2.7467
1.5857
0.9345
0.6796
0.6230
0.6513
1.8972
0.7362
0.5380
0.5097
0.4814
0.4531
1.1044
0.6513
0.6796
0.7362
4.7289
3.4547
5.4368
3.2281
12.1762
2.6618
1.1610
1.1044
1.1044
1.1327
0.7646
0.9345
19.7652
10.4206
3.6246
3.1998
6.5412
2.3220
2.1521
1.1327
1.3875
1.1044
0.7929
2.1521
2.5485
2.4069
2.4636
9.4578
3.1149
1.7273
1.2459
1.7273
6.7111
9.8543
3.1149
1.9255
1.5291
1.0477
0.7362
0.7929
6.7394
1.9822
13.7903
5.1820
7.8438
2.9450
2.4636
2.5485
3.1998
17.0467
35.1129
28.8832
26.6745
30.2990
37.6614
12.7143
7.3057
5.3519
4.3042
3.4263
3.1998
9.2030
3.9077
2.4636
2.0671
1.9822
0.4248
0.4248
0.3964
0.3964
0.7079
0.4814
0.4248
0.3964
0.4248
0.5380
0.4814
0.4248
0.4248
0.3964
0.3964
0.3681
0.3964
0.4248
0.5663
0.5380
0.4814
0.4248
0.4248
0.3964
0.3964
0.3681
0.3398
0.3398
0.3398
0.3398
0.4248
0.5097
0.5947
1.0194
4.9554
2.4636
3.9360
10.6471
1.5008
0.5947
0.4814
0.4248
7.1075
3.1998
2.8600
5.4652
1.1893
0.9345
1.1044
0.8778
0.7646
0.6796
0.6230
0.5947
0.5380
0.4814
0.4814
0.4814
0.4531
0.4248
1.2176
1.0477
0.7362
1.7273
0.6796
0.5097
0.4531
0.4248
0.4248
0.4814
0.4531
0.4248
0.4248
0.4248
0.5380
0.5097
3.1149
4.7855
4.5590
1.0194
0.6513
0.5663
0.6796
2.4919
2.0671
0.7646
0.6230
0.5380
0.5380
0.5097
0.5663
0.5380
0.4814
0.5097
0.6513
0.5097
0.7929
11.2701
5.4652
13.3939
12.4311
13.7620
22.2854
8.7216
4.4741
2.7184
1.6707
1.0477
0.8495
0.7362
0.6230
0.5380
0.7362
20.2465
11.0719
2.8600
1.7556
1.4158
1.0477
0.9061
0.8212
0.7079
0.6513
0.6230
0.5663
0.5380
0.4814
6.2580
11.7798
4.1059
2.1804
1.5008
1.1893
1.0194
0.9061
0.9061
1.1610
0.9911
0.8495
0.9061
0.9061
0.7362
0.7929
3.2848
5.6917
0.9628
0.7362
0.7079
0.6513
0.6230
1.3592
1.0760
0.6796
0.6230
0.5947
3.2848
1.3026
0.7079
0.6230
7.4473
1.3026
1.0477
0.9628
0.7929
0.7079
0.6513
0.6230
0.5663
0.5380
0.4814
0.4814
2.4069
0.8212
0.7929
4.9554
1.0194
0.9061
2.0954
1.3875
10.5056
1.8406
2.3786
2.6618
9.1463
20.2749
65.6951
13.1390
4.1059
2.7184
2.4636
2.3220
2.2653
14.0168
21.7190
6.7394
4.5590
4.2475
3.5962
3.1998
2.8600
2.5768
2.3220
23.6446
8.8065
7.0226
18.0095
21.7757
37.6614
21.4642
47.2891
12.7143
8.4951
6.3430
0.5380
0.4814
0.4814
0.5097
0.5097
0.5097
0.4531
0.4248
6.8810
2.0105
0.6513
0.5663
0.5097
0.4814
0.4531
0.4531
0.4531
0.4248
0.4248
0.5097
1.0194
1.1327
0.8778
2.5768
0.6513
0.5663
1.1044
2.7184
12.4311
13.1390
2.1804
2.4069
1.3026
1.0194
0.7929
0.6513
0.5663
0.7362
1.5291
4.8139
8.7499
2.6335
1.3026
1.0477
0.8212
0.4248
0.3398
0.4248
1.3026
1.4158
0.9061
0.9061
0.9628
0.6513
0.5663
0.5663
0.7079
1.5291
1.4442
1.0477
1.0477
0.5663
0.6230
0.8212
0.7929
0.7362
0.7079
0.6230
0.5663
0.5380
6.5695
1.7556
1.3026
1.1044
0.9061
17.3016
84.1010
49.5545
14.0168
7.5040
3.5113
2.6335
1.6141
1.3026
1.2176
1.4442
1.7840
1.6707
1.3592
0.6230
10.9586
12.1762
1.5291
1.3592
1.5291
1.5008
1.2743
1.5291
2.0671
1.9255
2.3220
2.5485
2.9733
2.0671
1.8972
2.6335
2.2653
1.7840
1.6141
1.5291
61.4476
6.5695
2.4069
1.7556
1.3026
1.1327
1.0194
0.9061
1.1327
1.7556
1.6707
1.5857
1.5008
1.1327
0.7079
0.7929
1.1327
1.2743
1.2176
1.1893
1.0194
0.6230
0.5947
0.5947
0.5947
0.5947
0.5663
0.5663
0.5380
0.5380
0.5380
2.9450
1.0194
0.5947
0.5097
1.5008
0.6230
0.4814
0.4814
0.4531
0.4248
0.4248
3.6812
1.5574
0.5663
1.2743
2.6335
0.6796
0.4814
1.1327
1.7840
1.0477
0.8778
6.8810
13.3939
5.5501
1.3026
0.8778
0.7362
0.7079
0.7079
0.6513
0.6230
0.6230
0.6230
0.5947
0.5947
0.6513
8.0703
9.4578
2.2370
1.0194
0.8495
0.4248
0.4248
0.3964
0.3964
0.3964
0.3964
0.3964
0.3964
0.3964
0.3681
0.3681
0.3681
0.3964
0.4248
7.6739
1.5291
0.7362
5.6917
0.7362
0.5380
0.5097
0.4814
1.1327
2.1804
7.4473
1.9822
1.0477
1.4158
2.1804
2.2653
0.9628
2.2370
0.7362
0.5663
0.5097
0.4814
0.5097
0.4248
0.4248
0.4814
0.8212
0.5097
0.4814
0.4814
0.6513
1.3026
2.5485
0.5663
0.7929
0.6796
0.6513
0.5380
0.4248
0.4248
0.3964
0.3964
0.3964
1.9255
0.9628
2.0954
3.2848
2.6335
2.4069
0.7362
2.0105
1.2176
0.9628
0.7362
0.6230
0.5380
0.4814
0.4248
0.4248
0.4248
0.4248
0.3964
0.3964
0.3964
0.3964
2.2370
0.9911
0.5380
0.5097
0.4531
0.4248
0.3964
0.3964
0.3964
0.3964
0.3964
0.3964
0.3964
0.4248
0.4814
0.5380
0.4814
0.4248
0.4248
2.0954
0.7079
0.9061
1.0194
1.1893
0.7646
0.5947
0.5097
0.4814
0.4531
0.4531
0.4248
0.4248
0.4248
0.4248
0.4248
0.4248
0.4248
0.4531
0.4248
0.4248
0.4248
0.7079
0.8778
0.5097
0.4531
0.4248
0.4248
0.4248
0.3964
0.3964
0.3964
0.3964
0.4248
0.5097
0.4248
0.3964
13.3939
9.5428
1.0477
0.7362
0.7079
0.5947
3.3697
1.6424
0.7929
0.5663
0.5097
0.7646
0.5097
0.4814
0.4814
2.1521
1.1044
0.6230
12.9974
19.4537
8.0137
17.7830
3.5396
1.5008
0.9061
0.7079
0.5947
0.5663
0.5380
0.5380
0.5097
0.4814
0.4814
0.5663
0.5947
0.5097
0.4814
0.4814
0.4531
0.4531
0.4531
0.4531
1.2743
0.7362
0.5663
0.5097
0.4814
0.4814
0.4531
0.4531
0.4248
0.3964
0.3964
0.3964
0.3681
0.3681
0.3681
0.3681
0.3681
0.3681
0.3681
0.4248
1.0194
0.5097
0.4531
0.4248
0.3964
0.3681
0.3681
0.3681
0.3681
0.3681
0.3681
0.3681
0.3681
0.3681
0.3681
0.3681
0.3681
0.4248
0.3964
0.3681
0.3681
0.3681
0.5663
0.4814
0.4814
3.5113
1.0760
0.4531
0.3964
0.3681
1.9255
10.0242
4.9554
0.6230
0.5380
0.4531
0.4248
0.3681
0.3681
1.2743
0.7929
0.4814
0.3964
0.3681
0.3681
0.3398
0.3398
0.3398
0.3398
0.3398
0.4248
0.3964
0.3681
0.4248
0.3964
0.3964
0.3964
2.2653
16.5087
1.6141
0.8212
0.5663
0.4814
3.2848
0.9628
0.6796
0.6230
0.6513
0.6230
0.5380
0.4814
2.3786
3.0299
0.9345
0.7079
0.6796
0.6230
0.7646
1.4725
0.8495
0.5947
1.8406
0.8212
0.5947
0.5380
0.4814
0.4531
0.4814
0.5097
0.3964
0.3681
0.3398
0.3398
0.3398
7.3907
2.6618
0.7929
6.0315
2.0954
1.0477
0.7362
0.9061
0.7362
0.6513
0.6513
0.7929
2.1521
0.8778
0.7362
0.6230
0.5663
0.8495
2.6335
1.2459
0.7362
0.5947
0.5380
0.5097
0.4814
0.4531
0.4248
0.9911
0.9061
0.8495
0.8778
0.5380
0.4814
0.4248
0.4248
23.1349
9.8543
1.6707
1.1893
0.9061
0.8212
13.9319
23.4747
5.5501
2.4919
12.4028
10.3073
9.3729
5.2669
6.1448
5.6917
4.8139
2.6335
2.0105
1.5857
1.3026
1.1327
1.0477
0.9628
0.8778
0.9628
0.8212
0.7362
0.7079
1.1327
0.6230
0.6230
0.5663
0.5663
0.5663
0.5380
0.5380
0.5380
0.3681
0.3681
0.3681
0.3964
0.4248
0.3964
0.3964
0.7079
0.9345
0.7646
3.2848
0.7929
0.4531
0.3964
0.3681
0.3398
0.3398
0.5947
0.4814
0.3964
0.3681
0.3681
0.3681
0.3398
0.3398
0.3398
0.3398
0.3398
0.3681
0.4531
3.4547
0.7079
0.4248
0.3964
0.3681
0.3398
0.3398
0.3398
0.3398
0.3398
0.3398
0.3398
0.3398
0.3398
0.3398
0.3681
0.3964
0.3681
0.3398
0.3398
0.3398
0.3398
0.3398
0.3398
0.3398
0.3398
0.3398
5.8616
50.4040
4.9838
3.6246
1.3026
4.6440
2.1804
7.5323
44.7406
25.6267
16.8202
26.2780
5.2669
4.8139
2.3220
8.0703
1.5857
1.7556
1.5008
13.1390
1.7556
1.1893
0.9628
0.8212
0.7079
4.8139
2.5485
0.8212
0.6513
0.5663
0.5380
6.1448
8.7499
1.3026
5.2669
1.4442
1.5008
0.9628
0.9628
0.7362
0.7079
0.6513
0.6230
0.5663
0.5380
12.2612
48.1386
2.9733
1.6990
1.2176
1.0194
0.8212
0.7362
0.6230
0.8778
25.4002
1.5857
1.0477
0.8778
0.7362
1.9822
1.5291
1.2176
0.9628
0.9061
0.8778
0.8495
0.8212
0.9061
1.0477
0.9061
48.1386
22.3420
4.3891
2.2370
2.2370
2.0671
10.5056
4.3891
3.1998
2.9733
1.8406
4.2192
6.1448
2.9733
2.9450
1.5008
2.4919
7.4473
2.4069
7.4473
3.0299
2.0671
1.5008
1.2176
1.0477
1.0477
2.5485
3.1998
1.3026
1.0477
5.6917
2.4636
2.0105
4.2475
7.4473
2.0671
1.3592
15.3194
3.4547
1.7840
1.5857
0.9911
0.8495
0.7929
1.8972
2.7184
5.8333
3.1149
1.3309
1.0194
0.8778
0.8495
0.7929
0.8495
0.3964
0.4248
0.8212
1.1044
0.6230
0.5663
0.4814
0.4814
0.4814
0.4248
0.4248
0.3964
0.3964
0.3964
0.3964
0.5380
0.7646
0.5380
0.4531
0.4248
0.4248
0.4248
0.3964
0.3964
0.3964
0.3964
0.3964
0.4248
0.4531
1.0760
0.5380
0.4531
0.4248
0.4248
0.3964
0.3964
0.3964
0.3964
13.4505
13.9602
4.5024
22.0871
28.6000
3.9360
3.2848
3.0582
2.8600
8.7499
4.3891
3.5113
3.5113
3.2848
3.0582
1.7556
0.9628
0.6513
0.5380
0.4814
0.4248
0.4248
0.4248
0.4248
0.3964
0.3964
0.3964
0.3964
0.3964
0.3964
0.3964
0.3964
0.3964
0.7929
0.5663
0.5380
0.5097
0.5380
0.5097
0.5097
0.5097
14.8380
11.9214
16.4238
7.1925
1.5857
0.9345
0.6796
0.5097
0.4814
0.4248
0.6513
1.4442
0.7929
0.6230
0.5380
0.4814
0.4248
0.4248
0.4248
0.3964
0.3964
0.3964
0.3964
8.7499
32.8475
10.9586
3.0582
13.1390
3.5113
1.7556
1.1044
0.8212
0.6513
0.5380
0.4814
0.4248
0.6230
2.4069
1.6141
1.3026
0.6513
0.6230
1.4442
0.7079
0.5380
0.9061
0.6513
0.4814
0.8212
10.9586
2.6335
1.0477
0.5097
1.3875
0.9628
10.4772
17.0751
7.5040
2.7467
35.3961
40.2099
20.1616
11.7798
7.3624
5.2953
3.3414
2.8600
5.8333
22.9933
42.1921
9.0614
5.5501
3.1149
2.6335
1.8972
1.5008
1.2176
1.1044
1.1044
1.0194
1.3026
1.8406
1.4158
1.2176
1.3875
0.8778
0.8495
0.8495
1.0760
1.5574
0.8212
0.7929
0.8212
1.1044
1.1044
0.8495
1.4442
0.8495
0.7929
0.8212
0.8495
0.7929
0.7929
0.9061
0.4531
0.4531
0.4531
0.5947
0.9061
0.5663
0.5380
0.5947
1.1044
0.6230
0.5380
0.5097
0.4814
4.4174
1.7273
0.9911
4.1626
1.1893
0.6230
0.7929
1.3875
1.7556
11.3834
6.4279
1.1327
0.7646
0.7929
0.6230
0.4531
0.6513
1.1893
0.5663
0.4531
0.4248
6.8244
2.0954
0.6230
0.5097
0.4531
0.4248
0.4248
0.4248
0.3964
0.3964
0.3964
2.0671
2.2370
1.6141
1.1893
0.7646
0.6796
0.9345
0.7079
0.5663
0.5097
0.4814
0.5097
0.5947
0.6513
0.6796
16.1123
21.6341
11.6949
8.4951
2.7467
1.4442
10.5905
4.8988
2.0671
1.7840
4.2192
2.8600
1.6990
1.3875
1.2743
1.6141
1.4442
1.3309
1.1044
0.9628
0.8212
0.7362
0.7079
0.6513
0.6230
0.6230
0.5663
0.5663
0.6513
0.6230
0.5663
0.5380
0.5380
0.5380
0.5380
0.4814
0.4814
0.4814
0.6513
2.3786
2.3786
0.7646
0.7079
0.7362
0.6796
0.7362
4.8705
1.1044
8.0137
26.8161
5.8616
3.9077
23.6446
10.6471
5.8616
11.2701
6.0315
2.8883
2.2370
1.9255
12.0063
10.5056
2.8883
2.0954
2.3786
15.3194
26.2780
17.5281
8.7499
9.2030
6.5695
3.5113
3.2848
6.5695
2.6335
5.6917
3.5113
1.9822
1.8406
5.2669
4.8139
1.8972
1.6990
1.6707
1.4725
2.2370
1.7273
1.5574
1.3309
1.1327
1.0477
0.9911
0.9061
0.8778
0.8212
1.3026
1.1044
0.9061
0.8212
0.7929
0.7362
0.7362
0.7362
0.7079
1.1893
1.0477
0.9628
1.5291
1.1893
0.9061
0.8212
0.7929
0.7929
0.7362
0.7079
0.6513
0.7362
0.7079
0.6513
0.6230
0.6230
0.6230
0.3964
0.3964
0.3681
0.3681
0.3964
0.4531
0.4814
0.4814
0.4248
0.4248
0.4248
0.3964
0.3964
0.3964
0.3964
0.4248
0.8212
0.6230
0.5380
0.4814
0.5097
0.4814
0.4531
0.4248
0.4248
0.4248
0.4248
0.4248
0.4248
0.4248
0.4248
0.4248
0.4248
0.4248
0.4248
0.4248
0.4248
0.4248
0.4248
0.4814
0.4531
0.4531
0.4531
0.4531
0.4531
0.4248
0.4248
0.4248
0.4248
0.4248
8.0137
3.7661
1.0194
0.6513
0.5380
0.6230
1.4442
2.0105
1.0477
7.0226
35.6792
80.1367
17.5281
8.7499
6.1448
3.5113
3.9360
6.1448
2.6335
7.8721
5.2669
9.2030
7.4473
6.1448
3.9360
10.9586
3.5113
2.6335
2.1804
2.6335
2.1804
1.5857
1.2176
1.0477
0.9628
0.8778
2.1804
1.3026
2.0105
5.2669
2.6335
3.7378
3.9360
1.3026
1.0477
0.9628
0.8778
0.7079
0.6230
0.5663
0.5663
0.5380
0.5097
0.5097
0.5097
0.4814
0.4814
0.4814
0.4814
0.4814
0.4531
0.4531
0.4814
0.6230
1.3875
0.6230
0.5097
0.4814
0.4531
5.4368
6.2297
15.4610
3.2281
0.9628
0.7079
0.5947
0.5947
0.5663
0.5380
0.5097
0.4814
0.4814
0.4814
0.4531
0.4814
0.4531
0.5947
0.7362
0.5947
2.1804
0.7646
0.6796
1.9822
1.1044
0.9628
2.1521
1.6707
0.9628
0.7362
0.9628
13.5921
8.6650
9.2879
2.8034
1.6990
1.3309
1.1044
0.9061
0.8212
0.9911
1.3592
1.1327
1.2176
2.0954
0.9061
0.7929
0.8212
0.7362
0.7079
0.7079
0.6513
0.6230
0.6230
0.6513
0.6230
0.5947
1.2459
0.7362
0.6230
0.6513
0.9061
0.6796
0.4248
0.4531
0.4248
0.4248
0.4248
0.4248
0.4248
0.4248
0.4248
0.4248
0.4248
0.4248
0.4248
0.4248
2.1804
1.6141
2.6335
1.1610
0.8495
0.9911
2.4636
0.8495
24.9188
7.7022
1.3026
0.9061
0.7646
5.6067
1.1893
0.7929
0.6796
0.6230
0.5663
0.5947
0.6513
0.5663
0.5097
0.4814
0.4814
0.4814
0.6513
1.3026
0.6796
0.5663
0.5380
0.5380
0.5097
0.4814
0.4814
0.9911
0.9628
3.9077
1.1327
5.9182
1.1044
0.7362
0.6230
0.5947
0.5663
0.5380
0.5380
0.9061
0.6796
0.6230
0.6230
2.5485
3.2281
0.8495
0.6796
0.6230
1.2176
1.3026
0.7079
0.5947
0.5663
0.5380
0.5380
0.5380
0.5663
0.6796
0.5663
0.5380
0.5380
0.5097
0.5097
0.5097
0.5097
0.5097
2.8883
21.2376
3.1432
5.9182
1.3309
0.9061
0.9345
0.9061
0.7646
0.7079
0.7079
0.7362
0.7362
0.7079
0.7079
1.9255
19.7085
4.9838
1.7840
1.1044
17.5281
15.8008
7.1358
1.3026
1.1327
1.4158
1.1327
0.9628
0.8778
0.8212
0.7929
0.7929
0.7362
0.7362
1.6707
1.5008
1.0477
1.1327
1.7556
0.8778
0.7929
0.7646
0.7646
0.7646
1.9822
1.6141
0.9345
6.1731
1.4442
2.0671
1.0477
0.9345
6.5695
1.4725
1.0760
6.9093
3.2848
1.3026
0.9911
0.9628
0.8778
0.7929
0.7079
0.6796
0.6513
0.6230
0.7362
0.6513
0.5947
0.5663
0.5380
0.5380
0.5380
0.5380
0.5380
0.5380
0.5380
0.5097
0.5097
0.5097
0.4814
0.5947
0.5380
0.5097
0.4814
0.4814
0.4814
0.4814
0.4814
0.4814
0.4531
0.4531
0.4531
0.4531
0.4248
0.4248
0.4248
0.4248
0.4248
0.4248
0.4248
0.4248
0.4248
0.4248
0.4248
0.4248
0.4248
0.4248
0.4248
0.4248
0.4248
0.4248
0.4248
0.4248
0.4248
0.4248
0.3964
0.3964
0.3964
0.4248
0.4248
0.4248
0.4248
0.4248
0.7362
15.9141
20.1616
4.3891
1.1044
1.0477
1.0194
0.9061
13.1390
3.9360
0.9628
0.6513
0.4814
0.4248
0.4248
0.4248
0.4248
0.4248
0.4248
0.4248
0.4248
0.4248
0.4248
0.5663
0.4814
0.8212
0.9061
0.5380
0.4248
0.4248
0.8778
0.9061
0.4814
0.4248
0.4248
0.4248
0.4814
0.7362
0.4814
0.4248
0.4248
0.4248
0.5663
0.4814
1.1327
2.6335
13.1390
15.3194
1.1044
1.1893
3.0582
2.6335
3.9360
1.2459
0.8778
0.7079
5.0404
1.3875
0.7362
0.6513
0.6230
0.6230
0.5947
0.5663
0.5663
0.5663
0.5663
0.5380
0.5380
0.5947
1.5008
3.9644
0.8778
0.7079
0.7362
0.8778
0.9628
0.7646
0.6230
0.5663
0.5380
0.5380
0.5380
0.5380
0.5097
0.5097
0.5097
0.5097
0.5663
0.6230
0.5663
0.5663
0.5380
0.5097
0.5380
0.5380
0.5380
0.5097
0.5097
0.5097
0.4814
0.4814
0.4814
0.5947
0.5663
0.8495
0.6513
0.5663
14.1867
2.9166
2.7184
17.9529
3.4263
1.5574
0.9345
1.4158
0.6230
0.5380
0.5097
0.4814
0.5097
17.8679
6.6545
8.8065
12.7992
6.3996
1.9822
1.6141
19.7085
5.6917
2.1804
1.5291
1.3026
1.1044
1.0194
0.9628
0.9061
0.8212
0.7079
0.6796
0.9911
0.8212
0.6513
0.6230
1.7273
0.7646
1.1893
1.8406
2.9166
0.9911
0.7079
0.6230
0.5663
0.8495
8.5517
1.6141
0.6230
0.5097
0.4531
0.4531
0.5663
1.0194
1.3875
0.5947
0.5380
0.5097
0.5380
0.4531
0.4248
0.3964
0.4248
0.4531
0.7646
0.5663
0.4814
0.4248
0.4248
0.3964
0.3964
0.4248
0.4248
0.3964
0.3964
0.3964
0.3964
0.3681
0.3681
0.3681
0.3681
0.3681
0.3681
0.3681
0.3681
0.3681
4.7006
3.2564
0.9345
0.5663
0.4531
0.4248
0.3964
0.4248
0.4248
0.4531
1.6141
0.6513
0.9628
0.5663
0.4248
0.4248
0.3964
0.5380
1.9255
0.5380
0.4248
0.3964
0.4248
14.5549
2.5485
0.7646
0.5947
0.5380
0.5097
0.5380
0.5380
0.6230
0.5663
0.3964
0.3964
0.3681
0.3398
0.7646
1.1044
0.4814
0.3964
0.3964
0.3964
0.3681
0.3398
0.3398
0.3398
0.3115
0.3398
0.4531
0.5947
1.1610
0.6796
0.4248
0.3681
0.3398
0.3398
0.3398
0.3115
0.3115
1.5291
0.6796
0.4531
0.4248
0.4248
0.3964
0.4248
1.9822
1.5291
0.6513
0.5380
0.4814
0.4814
0.7929
0.6513
17.7830
1.8689
0.8778
0.6513
0.5947
1.1044
1.3309
0.7079
0.5663
0.5663
0.5663
0.5663
0.5663
0.5663
0.5663
2.0671
3.6246
1.3875
0.5947
1.2459
0.9911
1.0194
0.5663
0.9911
0.9061
0.4814
0.5380
0.7929
0.6796
6.0881
1.9822
0.8495
0.5380
0.5380
0.4531
0.4248
0.4248
0.4248
0.5097
0.4531
0.4248
2.4919
1.0194
0.4814
0.4248
0.4248
0.4248
0.3964
0.3964
0.3964
0.3964
0.3964
0.3964
0.3964
1.8972
18.8307
6.0881
0.9345
0.5663
0.4814
0.4531
0.4248
0.7079
0.7646
0.4814
1.1893
0.3964
0.3964
0.3964
0.3964
0.4531
0.4248
0.3964
0.3964
1.4158
1.2743
0.4814
0.4248
0.3964
0.4814
6.2297
11.6099
1.0477
0.5097
0.4248
0.3964
0.3964
0.3681
0.3681
0.3681
0.3681
1.0760
0.7079
0.4814
3.6529
12.7992
3.7945
1.6707
1.1044
0.9345
0.8778
9.4578
2.5485
1.2743
0.9345
0.7646
0.7079
0.6513
0.6513
0.6230
7.9854
12.1479
7.1075
2.1238
1.5008
4.8139
5.6917
2.4352
2.5202
12.5160
2.4069
1.3309
1.0477
3.8228
3.1432
1.1610
1.0477
1.3875
0.9061
0.6230
0.5947
8.5517
16.6786
12.3461
5.4368
2.3220
1.4725
1.1044
0.9345
1.2176
0.9345
0.7929
0.7079
0.6513
0.5947
0.5663
0.5663
0.5380
0.5380
0.5380
0.5097
0.5097
0.4814
0.4814
0.4814
0.4814
0.4814
0.4814
0.4814
0.4531
0.4531
0.4814
0.6230
37.0951
6.1448
2.4636
3.0582
1.9822
1.5291
1.3026
1.1044
0.9061
1.1044
6.2297
1.8123
1.3026
1.0760
1.7273
11.7798
11.7798
6.5412
4.7289
3.7945
3.3131
7.2208
26.8444
6.5695
3.9360
3.0582
2.6335
2.4069
2.1804
1.9822
1.7840
1.6707
1.5291
1.8972
2.1804
1.3026
1.2176
1.1327
2.1804
1.7556
1.5291
1.9822
3.0582
1.5291
3.6529
3.2848
1.6707
1.1893
6.7960
2.1521
1.3875
1.1044
1.8406
1.5291
1.6707
1.6990
1.7840
1.0760
0.9345
1.0194
1.0194
3.0299
1.1044
0.7929
0.7362
0.9061
9.7693
13.4505
22.3420
11.9214
5.6634
4.4174
4.7855
3.3697
2.7467
2.3786
2.3503
2.2653
2.3503
2.3786
2.0671
5.4368
2.7467
1.7556
1.3026
0.6230
0.5947
0.5947
0.5947
0.6230
0.5947
0.5663
0.5663
0.5663
0.5947
0.5947
0.5947
0.5947
0.5663
0.5663
0.5663
0.6230
0.9911
8.6650
1.5008
0.7079
0.5947
0.6230
0.5663
0.5380
0.5097
0.5097
0.4814
0.5097
0.5097
0.4814
0.6230
6.3996
0.9345
0.7362
0.7362
0.5663
0.5380
0.5097
0.5097
0.4814
0.4814
0.4814
0.4814
0.4814
0.5097
0.4814
0.5097
0.4814
0.5097
0.5097
0.4814
0.4814
0.4814
0.4814
0.5097
0.5097
3.7661
4.7006
1.0477
0.6230
0.5380
0.5380
0.5380
0.5097
0.4814
0.4814
0.5097
0.5097
0.5097
1.7556
0.9628
0.6513
0.8778
0.8495
0.6796
0.6796
4.2475
0.9628
1.3592
0.7362
1.5291
1.3592
0.7079
0.6513
0.5947
0.5663
0.5380
0.5380
0.5380
0.5380
0.5380
0.5097
0.5097
0.5097
0.7929
0.6513
0.8778
14.4699
1.4725
0.8495
1.4442
1.3309
0.8212
0.6513
0.5947
0.9061
31.4317
6.5695
2.3503
1.3592
1.1044
0.9061
1.1044
1.2176
10.9586
2.6051
1.6141
1.2743
1.4442
1.7556
6.1448
27.1559
5.6917
2.1804
1.8972
1.5857
1.5857
4.3891
2.4352
1.8972
1.9822
1.5857
1.3026
0.8778
0.7362
0.6796
0.6796
0.6513
0.6230
0.6513
0.6230
0.5947
0.6230
0.6230
0.6513
0.7079
0.7646
0.7079
0.6513
1.0477
1.5574
0.7929
0.6796
0.6796
0.6513
1.5008
1.2176
0.7929
0.9345
3.2281
4.8139
1.0194
0.7646
1.0194
11.8364
37.0951
20.5863
5.2669
2.3503
1.6990
1.5008
1.3309
1.2459
1.0477
1.0760
13.5921
9.6277
2.0671
1.3309
28.0337
14.0168
0.5380
0.6796
0.9911
0.7079
0.6513
0.6230
0.5380
0.5097
0.5097
0.4814
0.4814
0.4814
0.4531
0.4531
0.4531
0.4531
0.4248
0.4248
0.4248
0.4248
0.4248
0.4531
0.4531
0.4531
0.4531
0.5097
0.4814
0.4814
0.4531
0.4814
0.4814
0.4814
0.4814
0.4814
0.4814
0.4531
0.4531
0.4814
0.4814
0.4814
1.7840
0.6513
0.5097
0.4531
0.4531
0.4248
0.4248
0.4248
0.4248
0.4248
0.4531
0.4531
0.4531
0.4531
0.4531
0.4531
0.4531
0.4814
0.4814
0.4814
0.4531
0.4531
0.4531
0.4531
0.4531
0.4814
0.5097
0.5097
0.5097
3.6246
5.3802
0.9061
0.6230
0.5097
0.4814
0.4814
0.4531
0.5097
0.5097
0.4531
0.4248
0.4248
2.8883
1.8689
0.5947
0.4814
0.4531
0.4248
0.4814
0.4531
0.4531
1.8972
8.1553
5.6917
9.8543
25.7966
23.7295
10.8737
2.3220
1.3875
10.6471
11.8648
2.2653
1.4725
1.0760
0.8778
2.4636
2.9166
1.0477
0.9628
0.8495
0.7646
1.4158
0.9061
0.7362
0.6796
0.6230
0.6230
0.5947
0.5663
0.5380
0.5380
0.5380
0.5097
0.5097
0.5097
0.5097
0.5097
0.4814
0.4814
0.4814
0.4814
0.5097
0.7079
1.7273
1.1327
2.1238
1.0477
1.0760
0.6796
0.5380
0.5380
0.5947
0.5380
0.5097
0.5097
0.5380
9.6277
3.3697
2.2653
0.9345
0.9345
1.3875
1.1610
0.7079
0.6796
0.7079
0.6230
0.7929
22.4269
23.9561
5.7483
2.5768
1.3592
1.1327
0.9628
0.8778
0.8212
0.7646
0.7646
7.8721
5.4368
1.4725
1.2743
2.4069
2.2653
1.3875
1.3875
3.2848
1.6141
0.9911
0.8778
0.9061
4.8988
0.9061
0.6513
0.5663
1.3026
2.8600
1.1610
0.7646
0.6230
0.5663
0.5663
0.5663
0.5380
0.5097
0.5097
0.5380
0.5380
2.9166
2.1238
0.9628
0.6513
0.5663
0.9345
1.1044
1.1893
5.4652
4.9838
1.8406
0.9061
9.7127
6.7960
4.3608
16.0840
20.8129
4.7855
9.4578
5.3519
19.4537
17.4715
7.6172
3.0299
1.6990
1.3592
1.2459
1.1044
1.9255
3.1715
2.3786
1.8689
2.8317
1.2176
1.5574
15.3194
3.1149
2.4069
26.5329
19.3970
6.0032
4.4741
2.9733
1.9822
1.5008
1.3592
1.2176
1.1044
1.0194
0.9628
0.9061
0.8778
1.8123
22.1721
21.4075
13.1390
7.5323
7.1075
2.5768
22.8234
8.8349
20.5580
30.5822
9.2030
8.4951
6.5695
17.1600
7.1075
4.3891
3.0582
2.1804
1.7556
1.5291
1.3026
1.2176
1.1327
1.1044
1.0477
1.3026
3.4830
17.5281
2.8034
1.6707
2.6335
20.7562
3.1432
3.0016
10.1091
2.8883
2.0671
1.8689
2.3786
1.7556
1.4725
1.5574
5.6067
2.0671
1.4725
1.2459
1.5291
1.3026
1.5291
2.1804
10.9020
2.3786
2.6051
1.8689
1.3592
7.4473
6.9093
15.1212
7.7022
10.0808
2.5485
3.4830
1.8689
1.9255
1.5574
1.2743
1.1610
1.3875
1.9539
1.2459
0.8495
0.8212
0.8778
0.9061
0.7646
0.8495
2.4636
1.8406
0.8778
0.7929
0.7362
0.7079
4.1909
2.0105
0.9061
0.7362
0.6796
0.6796
0.6513
0.6513
3.9360
0.9628
0.7362
1.1044
0.7079
0.6513
0.6230
0.5947
0.5947
0.5947
0.5947
0.5947
0.5947
0.7646
0.7929
0.6796
0.6796
0.6230
0.6230
0.6230
0.6230
0.6230
0.4814
0.4814
0.4814
0.4814
0.4814
0.4814
0.4814
0.5663
2.0105
0.8212
0.6513
4.7006
0.8778
9.2030
3.0582
1.0194
0.7079
0.6230
8.1553
2.1521
1.2176
1.0194
0.7929
0.7079
0.6513
0.7079
1.1327
3.8511
1.8972
6.9093
2.7184
9.6844
2.8883
1.1327
0.9061
0.7362
0.7079
0.6513
1.4442
0.9628
0.7362
0.7362
1.5291
3.0299
6.2297
3.5113
1.5008
0.9628
0.7929
1.5857
11.2984
2.1804
1.2176
0.9628
0.8778
0.7362
0.7362
1.0194
1.1893
0.7929
0.7079
19.6236
3.2281
1.2176
1.1893
2.5485
24.4941
4.1626
2.4919
3.3697
4.4174
2.3786
1.1893
1.1327
1.3592
1.1327
1.0477
3.5396
1.7840
1.1327
0.9628
1.7556
1.1327
0.9061
0.7929
0.7362
0.7362
0.7079
0.7079
0.6513
0.6513
0.6513
0.6513
0.6230
0.6230
0.6230
1.4442
2.7467
0.8212
0.6513
0.6230
0.6230
0.5663
0.5663
0.5663
0.5663
0.5663
0.5663
0.5663
0.5380
2.4919
1.5857
1.0477
0.7079
0.5663
0.5663
0.9628
0.6230
0.5663
0.5663
0.6230
0.5663
0.5380
0.5380
0.5380
0.5663
0.7079
0.6230
6.6261
5.9182
1.6707
1.2176
0.8778
0.7362
0.6513
2.4919
14.1584
10.1941
1.8972
4.4174
2.0954
1.3026
5.4652
1.1327
1.1044
1.4158
0.8778
1.1893
1.3592
11.3551
2.2370
1.1327
0.9061
0.7929
0.7079
0.6513
0.6513
0.7929
0.7079
0.6513
0.6230
0.5663
0.5663
0.5663
0.5380
0.5380
0.5380
0.5380
0.5380
0.5380
0.5380
0.5380
0.5380
0.5380
0.5380
0.5380
0.5380
0.5380
0.5380
0.5380
0.5380
0.5380
0.5380
0.5380
0.5380
0.5380
0.5380
1.2176
0.9911
0.7079
0.5663
0.6796
3.6246
0.6796
0.5380
0.5097
1.3875
5.4652
1.8972
0.7362
0.5663
0.5380
0.5097
0.5097
0.5097
0.5097
0.5097
0.4814
0.4814
0.4814
0.4814
0.4814
0.8778
1.5291
0.7646
0.9345
24.2675
6.1448
5.0404
2.4636
1.3309
0.9345
0.9061
0.7362
0.7929
0.7079
0.6230
0.5663
0.5663
0.7362
0.6230
0.5663
0.9911
0.7362
1.4725
9.4295
1.6424
0.9628
0.8495
0.8212
0.6796
0.6230
0.5663
0.5380
0.5380
0.5380
4.5307
2.7751
1.2176
0.9061
0.7079
0.6513
0.5947
0.5663
0.5097
0.5097
0.5097
0.5097
0.5097
0.5097
4.0210
0.7646
0.5663
2.1804
2.3220
0.9061
0.6796
0.8495
13.2806
3.1998
8.6933
18.8024
3.6812
3.2281
1.7840
1.7556
9.0048
5.9749
4.1626
4.2475
1.9539
5.1253
1.6424
1.0477
0.9345
7.2774
41.0594
9.1180
2.9450
1.9822
1.8972
1.5291
1.2176
1.0194
0.8778
0.6513
0.6230
4.3325
1.5857
0.9061
0.6513
0.5380
0.6513
0.7362
0.6513
0.6230
0.5663
0.5663
0.5380
0.5380
0.5380
0.5380
0.4814
0.4814
4.8139
3.5113
3.0582
0.6513
0.8778
1.2176
1.6707
0.7929
0.4814
0.7079
0.9628
0.7929
0.6513
0.5663
0.4814
0.8778
2.4069
5.2669
1.3026
0.6513
0.5663
0.5380
0.4814
0.6513
0.8778
0.7362
0.6230
0.5380
0.4814
0.4814
0.5663
0.7929
0.5380
0.5097
0.4814
0.8212
0.6796
0.5097
0.7929
3.1998
8.6650
17.4998
6.6261
4.5590
3.0299
1.7840
3.1998
1.3875
1.0477
0.7646
0.3681
0.3964
0.5663
0.4248
0.3964
0.3964
0.3964
0.3681
0.3964
0.3964
0.3964
0.3964
0.3964
0.3964
0.3964
0.4814
0.4248
0.3964
0.5097
0.6796
0.5663
0.4531
0.4814
0.3964
0.3964
0.3681
0.3681
0.3681
0.3681
1.0760
0.6513
0.5097
0.9061
1.8689
0.5097
0.3964
0.7362
0.5097
0.4248
0.3964
0.3964
0.6513
1.1044
0.4814
0.3964
0.3964
0.3681
0.3964
0.3964
0.3964
0.3964
0.3964
0.3964
0.7362
2.8034
9.7693
31.7149
9.2030
4.3325
2.9450
5.6351
2.5485
6.1448
1.8406
1.0760
0.9061
0.8495
0.7929
9.9109
21.6907
46.4396
29.1664
8.5517
7.5040
6.0315
4.2475
6.3996
18.6325
7.7305
5.3519
3.8511
3.3414
3.2564
21.0677
20.3881
10.3073
5.8333
4.3325
3.9077
4.9838
3.3697
4.6156
3.5396
3.3414
2.8317
2.5485
3.1149
3.6812
2.5485
1.9822
1.6424
1.5291
1.4725
1.4158
2.0388
1.4158
1.1327
12.3745
7.0792
3.3980
2.2653
1.5291
1.9822
6.2297
3.1149
2.2653
1.5291
1.3875
6.3996
3.6812
1.9255
1.5574
1.4725
1.3592
1.2459
1.2459
1.1893
1.1044
0.9911
0.8778
0.8495
0.8495
0.8212
0.8212
0.8778
0.8212
0.8495
6.4279
2.4636
3.0865
3.0582
1.6990
8.1553
19.7935
3.5396
2.0671
1.6141
2.4352
1.8689
1.4158
1.3875
1.3875
1.3592
1.3592
1.2743
1.2459
1.2459
1.2459
1.2176
1.1893
1.2176
1.7840
0.9628
1.7556
1.6707
2.4352
1.3026
16.3671
6.3996
1.9539
1.7556
1.3026
1.0760
0.9628
2.4636
5.4652
5.8333
2.1238
1.1327
0.9911
1.3592
6.0032
1.6990
