  0.3964
  0.3115
  0.3115
  0.3964
  0.3398
  0.5947
 14.1584
  0.7362
 12.9691
  0.7362
  0.6513
  0.5663
  0.5380
  0.4248
  0.3964
  0.3964
  0.8495
  0.7079
  0.3964
  0.4248
  0.3964
  0.4814
  0.4248
  0.7362
  0.6513
  0.5663
  0.5380
  0.5380
  0.4814
  0.4248
  0.3964
  0.4814
  0.4248
  0.8495
  1.0194
  0.7362
  0.7079
  0.6513
  0.7929
  0.5947
  0.5663
  0.4814
  0.3964
  0.9061
  0.7929
  0.7362
  0.6513
  0.5663
  0.4814
  0.3681
  0.9628
  0.7929
  0.5663
  0.3398
  0.3115
  0.2832
  0.4814
  0.9061
  0.6513
  0.5947
  0.5380
  0.3964
  0.3681
  0.3115
  0.8495
  0.5663
  0.5380
  0.3681
  0.3398
  0.3115
  0.3115
  0.4814
  0.4248
  0.7929
  0.7079
  0.5380
  0.4814
  0.4248
  0.4248
  0.4814
  0.4248
  0.3964
  0.3964
  0.5380
  0.4248
  1.0194
  0.7079
  0.6513
  0.5947
  0.5380
  0.4814
  0.5663
  0.3964
  0.3964
  0.4814
  0.5663
  0.3964
  0.3964
  0.4248
  0.3964
  0.3681
  0.3398
  0.2832
 31.4317
  5.7200
  0.9061
  0.4248
  0.4814
  0.4814
  0.3964
  0.3115
  0.2832
  0.3681
  0.8495
  0.7929
  0.7079
  0.4814
  0.4814
  0.4248
  0.5380
  0.4814
  0.3964
  0.3964
  0.3681
  0.3115
  0.2832
  0.2832
  0.7079
  0.3964
  0.3964
  0.4814
  0.4248
  0.5663
  0.5380
  0.4814
  0.4814
  0.5380
  0.5380
  0.4814
  0.4248
  0.4248
  0.3964
  0.7079
  0.4814
  0.4814
  0.3964
  0.3964
  5.9182
  3.5679
  2.3786
  0.8495
  0.5663
  0.4248
  0.3964
  0.3681
  0.3964
  5.9182
  4.1909
  2.8883
  1.5574
  0.8495
  0.3964
  0.5380
  0.4248
  0.4248
  0.3681
  0.4814
  0.4814
  0.4248
  0.5380
  0.4814
  0.3964
  0.3964
  0.3681
  0.2832
  0.4814
  0.4814
  0.4248
  0.4248
  0.3964
  0.3964
  0.3398
  0.1926
  1.5574
  0.3964
  0.3398
  0.3398
  0.2265
  0.1699
  0.1699
  0.1699
  1.5574
  0.4248
  0.2832
  0.7362
 10.8454
  2.3786
  3.5679
  2.3786
  0.9628
  0.5947
  0.5663
  0.5380
  0.5380
  0.3964
  0.2832
  0.3115
  0.3964
  0.3964
  0.3681
  0.1699
  3.4547
  2.3786
  1.1044
  0.2549
  0.1699
  2.3786
  0.3681
  0.5380
  0.4814
  0.2265
  0.2265
  0.1699
  0.1699
 36.2456
  5.3802
  1.1044
  0.9628
  0.5663
  0.5380
  0.3964
  0.3964
  0.3398
  0.1699
  0.1699
  0.3964
  0.2832
  0.3115
  0.2832
  0.2832
  0.1699
  0.1699
  0.1699
  0.1699
  0.1699
  0.1699
  6.3996
  0.9628
  0.3964
  0.3115
  0.1699
  0.1699
  0.1699
  1.1044
  0.4814
  0.4248
  0.4248
  0.4814
  0.4814
  0.3964
  0.3115
  0.3398
  0.2832
  0.3115
  0.2832
  0.2832
  0.2549
  0.2549
  0.2549
  0.2265
  6.9943
  2.9450
  0.4531
  1.6424
  0.6230
  0.7079
  2.0671
  1.3026
  1.5857
  0.6513
  0.5380
  0.4814
  0.5380
  0.5380
  0.5380
  0.5380
  0.5380
  0.5380
  0.5380
  0.5380
  0.5380
  0.5380
  0.5380
  0.5380
  0.4248
  0.4248
  0.2265
  0.1982
  0.1982
  0.1982
  0.2265
  0.2549
  0.1982
  0.2265
  0.2265
  0.2832
  0.3398
  0.3115
  0.2832
  0.2832
  0.2265
  0.2265
  0.2549
  0.2265
  0.2265
  0.1982
  0.1982
  0.1982
  0.1699
  0.1699
  0.1699
  0.1982
  0.1982
  0.1982
  0.1699
  0.1699
  0.1699
  0.1982
  0.1982
  0.1699
  0.1699
  0.1699
  0.1699
  0.1699
  1.9822
  2.0954
  0.8212
  0.7362
  0.7079
  0.7079
  0.4814
  0.4248
  0.4248
  0.4248
  0.4248
  0.3964
  0.3681
  0.3681
  0.3398
  0.3398
  0.3115
  0.2832
  0.2832
  0.3115
  0.3398
  0.3115
  0.2832
  0.2832
  0.2832
  0.3115
  0.2832
  0.2549
  0.1133
  0.1699
  0.1699
  0.1133
  0.9628
  0.8212
  0.7362
  5.5218
  5.2103
  1.1893
  1.1893
  0.8212
  0.9628
  0.8212
  0.8212
  0.9628
  1.7840
  5.2103
  5.5218
  6.9093
  5.5218
  5.2103
  5.2103
  2.6335
  2.4069
  2.1804
  3.9360
  3.4263
  4.2475
  8.0986
  0.7362
  0.8212
  0.8212
  0.8212
  0.9628
  0.9628
  1.3026
  1.1893
  0.8212
  0.8212
  0.8212
  0.8212
  0.6513
  0.7362
  0.6513
  0.7362
  0.6513
  0.9628
  0.9628
  1.0477
  1.0477
  0.7362
  0.8212
  0.8212
  0.7362
  0.7362
  0.6513
  7.7022
  6.9093
  4.8988
  0.9628
  1.0477
  0.9628
  0.8212
  0.8778
  0.9628
  0.9628
  0.9628
  0.9628
  0.8212
  4.8988
  4.8988
  4.8988
  4.8988
  4.5590
  0.9628
  0.8212
  0.8212
  0.7362
  1.0477
  0.9628
  1.0477
  0.9628
  0.9628
  0.9628
  0.9628
 21.6907
  7.7022
  3.6812
  2.4069
  2.1804
  2.1804
  1.1893
  1.1893
  0.7362
  0.5663
  0.5663
  0.4814
  0.4248
  3.6812
  0.4248
  0.3398
  0.3398
  0.3398
  0.3398
  0.3115
  0.3115
  0.3115
  0.6513
  0.6513
  3.1432
  3.4263
  3.1432
  3.1432
  5.5218
  5.5218
  5.2103
  0.7362
  0.8212
  0.4814
  0.4814
  0.3398
  0.3398
  0.5663
  0.6513
  0.5663
  0.4814
  0.4814
  0.3115
  0.3115
  0.3115
  0.3115
  0.5663
  0.4814
  0.4814
  0.4248
  0.3398
  0.3398
  0.3115
  0.3115
  0.3115
  4.5590
  0.4814
  0.4248
  0.4248
  0.2633
  0.1756
  0.1303
  0.1303
  0.0878
  0.9628
  0.9628
  0.9628
  0.9628
  0.9628
  4.8988
  4.5590
  5.5218
  1.3026
  1.5008
  0.3398
  0.3398
  0.3115
  0.3115
  0.9628
  0.9628
  1.5008
  0.3115
  0.2633
  0.1756
  0.6513
  0.9628
  0.9628
  0.9628
  0.9628
  0.9628
  4.5590
  0.8212
  0.7362
  1.1893
  1.1893
  1.3026
187.4575
 57.4832
 30.5822
 14.1018
 12.4877
  0.2633
  0.2633
  0.2633
  0.2633
  0.4248
  0.6230
  0.4248
  0.4248
  0.4248
  0.3681
  0.3681
  0.3681
  0.3681
  0.3681
  2.9450
  1.6707
  1.6707
  1.5008
  1.5008
  1.5008
  1.5008
  1.2176
  1.2176
  2.4636
  6.0032
 20.6713
  7.5040
  2.4636
  1.5008
  1.5008
  1.3592
  1.3592
  1.2176
  1.2176
  1.2176
  1.2176
  1.2176
  3.4547
  9.1180
  6.0032
  1.3592
  0.2633
  0.2180
  0.2633
  0.2633
  0.2180
  0.2180
  0.2180
  0.2180
  0.2180
  0.2180
  0.2180
  0.2180
  0.2180
  0.2180
  0.2180
  0.2180
  0.2180
  0.2180
  0.2180
  0.2180
  0.2180
  0.2180
  0.2180
  0.2180
  0.2180
  0.2180
  0.2180
  0.2180
  0.1982
  0.1982
  0.1982
  0.1982
  0.1982
  0.1982
  0.1982
  5.6634
  4.9838
  3.7095
  7.5040
  5.3519
  0.7362
  0.4248
  0.4248
  0.4248
  0.4248
  0.3681
  0.3681
  0.3681
  0.4248
  0.4248
  0.4248
  0.6230
  0.6230
  0.6513
  0.6230
  0.6230
  0.6230
  0.6230
  0.5380
  0.4248
  0.4248
  0.3681
  0.3681
  0.3681
  0.9628
  0.4248
  0.4248
  0.7362
  4.3325
  0.6230
  0.5380
  0.4248
  0.4248
  0.4248
  0.3115
  7.5040
  1.1044
  1.1044
  0.8778
  0.8778
  0.7362
  0.6230
  0.6230
  0.6230
  1.2176
  0.8778
  4.3325
  0.8778
  0.7362
  0.6230
  0.6230
  1.3592
  1.1044
  0.7362
  0.7362
  0.7362
  0.6513
  0.6513
  0.6513
  0.6513
  0.7362
  1.6707
  3.7095
  0.8778
  0.6230
  0.6230
  0.4248
  0.3681
  0.2633
  0.2633
  0.2633
  5.3519
  0.6513
  0.6513
  0.6230
  0.6230
  0.6230
  0.4248
  0.4248
  0.3681
  0.3681
  0.3681
  0.3115
  2.0105
  0.8778
  0.7362
  0.6513
  0.6513
  1.1044
  0.9628
  1.1044
  0.6513
  0.6513
  0.6230
  0.6230
  0.6513
  7.5040
  2.9450
  1.3592
  1.1044
  1.8406
  1.3592
  0.5380
  0.4814
  0.4814
  0.4814
  0.3964
  0.3964
  0.3964
  0.3964
  0.3964
  0.3115
  0.3115
  0.3115
  0.2633
  0.3115
  0.3115
  0.2633
  0.2633
  0.2633
  0.3115
  0.6230
  0.6230
  0.7079
  0.6230
  0.6230
  0.5380
  0.5380
  0.5380
  0.4814
  0.5380
  0.5380
  0.5380
  0.8212
  1.2176
  0.9628
  1.1044
  1.2176
  1.2176
  1.1044
  1.1044
  1.1044
 14.3566
  9.7127
  7.3624
  4.8988
  4.3042
  2.0954
  1.4158
  0.9628
  0.9628
  0.8212
  0.8212
  0.8212
  0.7079
  0.7079
  0.8212
 10.1941
  9.7127
  4.8988
  3.9360
  3.2848
  1.5857
  1.1044
  1.1044
  0.9628
  0.9628
  0.9628
  0.6230
  0.6230
  0.5380
  0.5380
  0.4814
  0.4814
  0.4814
  0.3964
  0.3964
  1.4158
  1.1044
  1.1044
  0.9628
  0.9628
  4.8988
  4.8988
  4.8988
  4.5873
  4.3042
  3.2848
  2.3220
  0.5380
  0.5380
  0.3964
  0.7079
  0.3964
  0.5380
  0.5380
 10.6755
  0.8212
  0.7079
  0.7079
  0.7079
  0.4814
  0.4814
  0.4814
  7.3624
  3.2848
  0.9628
  0.7079
  4.5873
  6.0881
  4.3042
  1.2176
  1.2176
  1.1044
  0.5380
  0.5380
  0.5380
  0.4814
  0.4814
  0.3964
  0.7079
  0.6230
  0.5380
  0.4814
  0.4814
  3.9360
  2.3220
  1.9255
  1.7556
  0.6230
  0.6230
  0.5380
  0.5380
  0.5380
  0.3964
  0.3964
  3.9360
  0.5380
  0.5380
  0.4814
  0.5380
  4.8988
  4.5873
  1.2176
  0.7079
  0.5380
  0.5380
  0.5380
  0.5380
  0.5380
  0.4814
  0.4814
  0.4814
  0.4814
  0.3964
  0.3964
  0.3964
  1.4158
  0.6230
  0.5380
  0.5380
  0.5380
  0.4814
  0.4814
  0.3964
  0.6230
  6.9093
  4.5873
  4.3042
  0.4814
  0.3964
  0.3964
  1.4158
  0.5380
  0.4814
  0.4814
  6.0881
  1.4158
  0.8212
  0.7079
  6.4846
  5.2669
  0.9628
  0.6230
  0.5380
  5.6917
  1.6990
  1.5857
  1.4158
  1.2176
  1.1044
  1.4158
  3.8511
  2.6618
  2.0671
  1.6990
 22.5685
  5.0687
  2.8883
  6.0881
  7.7022
  2.6618
  1.6990
  2.8883
  2.6618
  1.6990
  1.2176
  1.6990
  1.6990
 12.7143
  3.8511
  2.4636
  1.5857
  1.4158
  1.8972
  1.6990
  1.5857
  2.0671
  1.8972
  1.5857
  2.4636
  2.4636
  2.0671
  1.6990
  1.6990
  1.4158
  1.4158
  1.8972
  1.4158
  1.2176
  1.4158
  2.6618
 27.1559
 25.2020
 12.7143
  3.8511
  2.2653
  1.8972
  1.6990
  1.4158
  1.8972
  5.6917
  1.6990
  1.8972
  9.9109
 10.3356
  3.5962
  3.3414
  2.0671
  1.8972
  6.4846
  5.3802
  2.8883
  2.0671
  3.1149
  2.6618
  9.9109
  3.8511
  3.1149
  2.6618
  2.0671
  2.8883
  2.6618
  7.2774
  4.1626
  3.1149
  2.6618
  2.2653
  3.1149
  2.4636
  2.2653
  6.8810
  3.5962
  2.6618
  2.4636
  3.5962
