0.0963
0.3115
0.1671
0.0963
0.0651
0.0736
0.5380
0.1756
0.0963
0.0651
0.0651
0.2407
0.2322
0.1416
0.7929
0.3964
0.6513
0.2832
0.1699
0.2832
0.1841
0.1133
0.0878
0.1019
0.1048
0.0963
0.3115
0.1699
0.1048
0.0793
0.0821
0.1359
0.1982
0.2832
0.1529
0.0963
0.0793
1.4442
1.8972
0.2322
0.3964
0.2549
0.1048
0.0651
0.0566
0.0538
0.0481
0.0453
0.0396
0.0793
0.1614
0.1019
0.1756
0.1529
0.2803
0.4248
0.3398
0.1982
0.1133
0.4814
0.4248
0.1671
0.1189
0.1614
0.1218
0.1218
0.2832
0.2322
0.8495
0.6230
0.6230
0.2549
0.2407
2.3786
2.0954
0.5663
0.3115
0.2322
0.1784
0.1529
0.1303
0.1218
0.1756
2.6335
4.8705
1.1327
0.4248
0.2832
0.2322
0.1982
0.1897
0.1529
0.1359
0.1416
0.2237
1.1044
2.1521
2.6335
0.6796
1.1327
1.2176
1.0477
0.6230
0.6796
1.7840
8.0703
10.1657
10.7887
3.7661
1.3026
1.1327
3.0299
0.8778
0.5947
0.4531
0.3681
0.6230
0.6796
1.6707
0.6513
0.3681
0.9628
0.7362
0.7079
0.3964
0.2803
0.2633
0.3398
0.2265
0.1897
0.1614
0.1501
0.1303
0.1218
0.1104
0.1048
0.0934
0.0963
0.0934
0.0934
0.1699
0.1104
0.2010
1.3026
0.3398
0.1841
0.1303
0.1104
0.0934
0.0821
0.0736
0.3964
1.7556
0.3681
0.3398
0.2633
0.2180
0.1529
0.1133
0.0963
0.0878
0.0793
0.0708
0.0651
0.0623
0.0566
0.1982
0.1982
0.1303
0.0736
0.4248
0.4248
0.4248
0.4248
0.4248
0.4248
0.4248
0.4248
0.4248
0.4248
0.4248
0.4248
1.8406
0.4248
0.1218
0.1218
0.1218
0.1218
0.1218
0.1218
0.0623
0.0340
0.0218
0.0176
0.0176
0.0130
0.0130
0.0130
0.0130
0.0130
0.0130
0.0130
0.0130
0.0088
0.0130
0.0176
0.0453
0.2662
0.0878
0.0340
0.0218
0.1897
0.1303
0.0821
0.2067
0.1699
0.1501
0.0736
0.0453
0.0263
0.0218
0.0176
0.0176
0.0176
0.0176
0.0453
0.0311
0.0218
0.0176
0.0130
0.0130
0.3964
0.1586
0.2322
0.5380
2.4069
0.4531
0.1784
0.2180
0.1189
0.0821
0.0623
0.0651
0.0651
0.0453
0.0623
0.2492
0.1048
0.0566
0.0396
0.0311
0.0263
0.0263
0.0934
0.8778
0.6513
0.4531
0.1841
1.0477
0.4814
0.2180
0.1529
0.1444
0.4248
2.8600
2.4069
3.5962
1.7556
0.6796
0.3398
0.2492
0.2095
0.2010
0.1614
0.1529
0.1416
0.1133
0.1019
0.1671
0.2492
0.1444
0.1104
0.0934
0.0736
0.0708
0.0623
0.0538
0.0538
0.0481
0.0453
0.0453
0.0623
0.0878
0.1926
1.7840
0.6513
0.3115
0.2662
0.7362
0.7929
0.7362
1.5008
0.9061
2.6335
4.5024
4.5590
2.0671
0.7646
0.4248
0.3115
0.2464
0.2180
0.2010
0.1614
0.1501
0.3115
0.7929
0.2492
0.3964
0.2718
0.1586
0.1274
0.1104
0.1104
0.0963
0.0878
0.1189
0.2010
0.1104
0.0934
0.0793
0.6796
0.5097
0.2010
0.1756
0.1416
0.1444
0.1897
0.5380
0.9628
1.2743
1.7840
0.7929
0.4248
0.4814
0.2832
0.2152
0.1671
0.1416
0.1359
0.1133
0.1048
0.0963
0.0878
0.0793
0.0793
0.0821
0.0708
0.0651
0.0566
0.0538
0.0538
0.0481
0.0453
0.0453
0.2265
0.3964
0.1926
0.0821
0.0538
0.0340
0.0396
0.0453
0.0396
0.0263
0.0218
0.0218
0.0263
0.1218
0.0538
0.0340
0.0481
0.0453
0.1699
0.2492
0.1133
0.2803
0.7362
0.2067
0.1048
0.0736
0.0566
0.0453
0.0340
0.0311
0.0263
0.0263
0.0263
0.0821
0.1303
0.0708
0.5947
0.9628
0.2095
0.1133
0.3398
0.2152
0.2832
0.1982
0.1303
0.2633
0.4248
0.6513
0.3964
0.3681
0.2464
0.1529
0.1104
0.0934
0.0878
0.0963
4.5024
2.3220
0.6513
0.3681
0.3115
0.2067
0.1699
0.1529
0.1501
0.1303
0.1133
0.1048
0.0934
0.0821
0.0736
0.0651
0.0623
0.0566
0.0538
0.0481
0.0453
0.0453
0.0453
0.0396
0.0396
0.0340
0.0340
0.0340
0.0340
0.0311
0.0311
0.0311
0.0311
0.0263
0.0263
0.0263
0.0340
0.5947
0.5380
0.1756
0.0878
0.0623
0.0566
0.2577
3.9077
9.0614
7.8438
1.3592
8.4667
2.2370
1.7556
2.8883
1.1893
2.2653
1.4158
0.7079
0.5663
0.4248
0.3681
0.5663
0.8495
2.2653
1.3592
0.5947
0.3681
1.6141
0.5947
0.3681
0.2662
0.2180
0.1897
0.1699
0.1529
0.3115
0.5380
0.2549
0.1699
0.1586
0.1444
0.1274
0.1189
0.1104
0.1048
0.0934
0.0878
0.0821
0.0821
1.1327
0.6796
0.4531
0.4248
0.2067
0.1529
0.1416
0.1359
0.1501
0.1303
0.1104
0.1019
0.0934
0.3964
1.7556
1.1893
0.6230
0.7362
0.3398
0.2322
0.1897
0.1529
0.1303
0.1303
0.1218
0.1133
0.1048
0.0963
0.0878
0.1048
0.3115
0.3681
0.2832
0.9628
0.2633
0.1501
0.7646
4.4741
0.1982
0.1982
0.1982
0.1982
0.1982
0.1982
0.1982
0.1982
0.1982
0.1982
0.1982
0.1982
0.1982
0.1982
0.1982
0.1982
0.1982
0.0963
0.0963
0.0963
0.0963
0.0963
0.0963
0.0963
0.0963
0.0963
1.2176
1.2176
1.2176
1.2176
1.2176
0.3115
0.3681
0.1614
0.2775
0.3115
0.4248
0.5380
0.2067
0.1359
0.1189
0.1133
0.0878
0.0878
0.1756
0.3115
0.1586
0.1019
0.0736
0.0566
0.0481
0.0453
0.0340
0.0340
0.0340
0.0340
0.0340
0.0340
0.0340
0.0340
0.0340
0.7362
0.7362
0.7362
0.7362
0.7362
0.7362
0.7362
0.7362
0.7362
0.7362
0.7362
0.7362
0.7362
0.7362
0.7362
0.7362
0.7362
0.7362
0.7362
0.7362
0.2775
0.2010
2.6618
1.0477
1.2176
0.7079
0.4531
0.3681
1.1893
0.7362
0.6796
0.8495
0.4814
0.3115
0.3681
0.2549
0.2095
0.1841
0.1614
0.1529
0.1444
0.2237
0.2180
0.1982
0.3398
0.2095
0.1586
0.1416
0.1444
0.1218
0.1048
0.0878
0.0821
0.0736
0.0708
0.0623
0.0623
0.0566
0.0538
0.0538
0.0481
0.0453
0.0453
0.0453
0.0481
0.0453
0.0453
0.0340
0.0340
0.0340
0.0340
0.0340
0.1416
1.0194
0.4814
0.1897
0.1303
1.5008
0.4248
0.1756
0.1218
0.0934
0.0736
0.0651
0.1784
0.3964
0.2549
0.1218
0.0934
0.0878
0.0736
0.0651
0.0623
0.0623
0.0623
0.0566
0.0623
0.0538
0.0453
0.0396
0.0340
0.1501
0.1926
0.0793
0.0538
0.1614
0.2803
0.3115
0.1416
0.2662
0.3681
0.3398
0.1444
0.1274
0.3115
0.1416
0.0963
0.0736
0.0623
0.0566
0.0538
0.0538
0.0218
0.0176
0.0176
0.0176
0.0176
0.0130
0.0130
0.0130
0.0176
0.3964
0.3964
0.5947
0.2464
0.0963
0.3115
0.3398
0.4248
0.1756
0.0934
0.1274
0.1926
0.3115
0.1218
0.0793
0.0878
0.1019
0.1529
0.1019
0.1586
0.1303
0.0736
0.0538
0.0396
0.0340
0.0453
0.6230
0.3115
0.2180
0.2237
0.0963
0.3115
1.5008
0.2464
0.1444
0.1048
0.0821
0.0623
0.0481
0.0453
0.0340
0.6513
1.0477
0.3115
0.1529
0.1218
0.1104
0.0821
0.0623
0.3398
0.1671
0.1104
0.2237
0.1359
0.0934
0.0651
0.0538
0.0453
0.0453
0.0340
0.0340
0.0453
1.7556
0.6796
1.9255
2.0105
0.7079
0.5947
1.0194
1.1327
0.4248
0.3398
0.4531
0.2662
0.1982
0.4814
0.6513
0.3115
0.2180
0.1784
0.1501
0.1303
0.1274
0.1841
0.3681
0.4248
0.3398
0.1982
0.1529
0.1586
1.0477
1.0194
1.2743
0.5663
2.2653
1.5291
0.5097
0.3398
0.2775
0.2180
0.1841
0.1699
0.1501
0.1416
0.1303
0.1189
0.1048
0.1019
0.0963
0.0934
0.0821
0.0736
0.0736
0.0651
0.0623
0.0623
0.0623
0.0566
0.0538
0.0481
0.0453
0.0453
0.7929
0.3964
0.9061
0.4531
0.3115
0.1529
0.1104
0.0934
0.0736
0.0651
0.0623
0.0538
0.0481
0.0453
0.0453
0.0453
0.0396
0.0340
0.0340
0.0340
0.0311
0.0311
0.0311
0.0311
0.0311
0.0263
0.0263
0.0263
0.0218
0.0218
0.0218
0.0263
0.0396
0.0453
0.0311
0.0263
0.0218
0.0218
0.0218
0.0963
0.6796
0.6796
2.3220
0.7079
0.2322
1.2176
1.7840
4.3891
4.0776
1.8972
1.0477
0.0130
0.0130
0.0130
0.2095
0.1444
0.0538
0.0340
0.0453
0.0538
0.0736
0.1274
0.0481
0.0311
0.0263
0.0218
0.0176
0.0130
0.0130
0.0130
0.0088
0.0088
0.0088
0.0088
0.0651
0.0263
0.0176
0.0176
0.0821
0.6796
0.3398
0.0878
0.0481
0.0340
0.0263
0.0263
0.0263
0.0263
0.0263
0.0708
0.1501
0.0708
0.0453
0.0566
0.1501
0.1671
0.2832
0.2832
0.0934
0.0566
0.0481
0.0396
0.0340
0.0311
0.0263
0.1416
0.2265
0.1189
0.0793
0.0481
0.0708
0.0963
0.0821
0.0538
0.0453
0.0453
0.0481
0.0481
0.0481
0.0481
0.0481
0.0311
0.0263
0.0218
0.0218
0.0263
0.0651
0.0396
0.0311
0.8778
0.6796
0.3398
0.5947
0.3964
0.3964
0.3964
0.0793
0.0793
0.0793
0.0793
0.5663
0.5663
0.5663
0.1218
0.1218
0.1218
0.1218
0.1218
0.1218
0.1218
0.1218
0.0481
0.0481
0.0481
0.0481
0.0481
0.0481
0.0481
0.1699
0.1699
0.1699
0.1699
0.1699
0.1699
0.1699
0.1303
0.0708
0.0538
0.0481
0.0481
0.0453
0.0396
0.0340
0.1926
0.1614
0.0651
0.0566
0.0708
0.3115
0.2322
0.1019
0.0708
0.0566
0.5380
0.2095
0.1133
0.0878
0.0708
0.0566
0.0481
0.3398
0.1841
0.0963
0.0708
0.0566
0.0481
0.0453
0.0396
0.0396
0.0736
0.0623
0.0453
0.0340
0.0340
0.0263
0.0263
0.0263
0.0218
0.0218
0.0218
0.0218
0.0176
0.0176
0.0176
0.0176
0.0176
0.0176
0.0176
0.0176
0.0176
0.0176
0.0218
0.0218
0.0176
0.0176
0.0218
0.0263
0.0218
0.0263
0.0340
0.0218
0.0176
0.0176
0.1303
0.1104
0.0934
0.0878
0.2180
0.2633
1.1044
0.7079
0.4248
0.4814
0.2633
0.1841
0.1359
0.2832
0.1841
0.1274
0.2067
0.2379
0.1303
0.2549
0.2322
0.1303
1.4725
0.4531
0.2010
0.1501
0.1218
0.1048
0.0963
0.0934
0.0878
0.0963
0.0963
0.1133
0.1529
0.3964
0.3115
0.3115
1.4442
0.9628
0.6796
0.6513
0.4531
4.3325
1.2743
0.4531
0.3115
0.3398
0.3115
0.2832
0.4814
0.7646
0.3681
0.5097
0.2832
0.2010
0.1614
0.1444
0.7362
1.7556
1.1044
0.6230
0.3681
0.2549
0.2010
0.1926
0.1671
0.1529
0.1303
0.1133
0.1133
0.1189
0.1133
0.8778
0.6513
0.4814
0.6513
0.9061
0.4248
0.3964
0.2803
0.3398
0.2832
0.2095
0.1586
0.1529
0.1671
0.1699
0.1274
0.1416
1.1893
0.3964
0.2010
1.0194
2.9450
0.7646
0.3681
0.6230
0.6796
1.8972
0.7079
0.4531
0.3398
0.7646
0.4531
0.4531
1.5291
0.8495
0.3964
1.0760
0.7929
1.2176
0.9345
0.9628
0.5380
0.3398
0.2633
0.2322
0.2095
0.1897
0.1756
0.2095
0.1897
0.2549
0.4814
0.5663
0.9911
0.4814
0.7929
0.5380
0.4531
0.7929
0.4531
0.4531
0.5097
0.3681
0.4248
2.8600
4.4174
3.0299
0.8212
0.4814
0.3398
0.2803
0.2322
0.2010
0.1897
0.1841
0.1586
0.1416
0.1274
0.0736
0.1756
0.0963
0.1756
0.1416
0.0736
0.0878
0.0651
0.0793
0.0623
0.0538
0.0481
0.0481
0.0453
0.0481
0.0538
0.0538
0.7929
0.1359
0.0651
0.0878
0.1048
0.1104
0.1303
0.1756
0.0878
0.0566
0.0481
1.1044
0.1756
0.4248
0.8212
0.3681
0.1614
0.1133
0.1982
0.3398
0.4814
0.5663
0.3115
0.3398
0.1897
0.1274
0.1019
0.0821
0.0793
0.0736
0.0793
0.0708
0.0651
0.0623
0.0708
0.0793
0.0651
0.0651
0.5380
0.2067
0.0963
0.0708
0.0623
0.0566
0.0538
0.0538
0.0481
0.0481
0.0453
0.0453
0.0453
0.0453
0.0651
0.0623
0.0651
0.7929
0.1529
0.0934
0.0708
0.0623
0.0566
0.0538
0.0538
0.0566
0.0651
0.0538
0.2832
0.5947
1.3026
1.2743
0.5097
0.4814
0.3964
0.4814
0.2577
0.1897
0.1529
0.1274
0.0963
0.0821
0.0736
0.0708
0.0963
0.1303
0.0793
0.0708
0.0623
0.0623
0.0566
0.0538
0.0538
0.0538
0.0481
0.0453
0.0453
0.0453
0.0453
0.0736
0.1586
0.0651
0.0538
0.3115
3.4547
3.5396
0.6230
0.4531
0.3398
2.0105
0.9628
0.5097
0.6230
0.3398
0.2095
0.1614
0.1359
0.1133
0.1133
0.9345
0.8778
0.2492
0.1756
0.1416
0.1189
0.1048
0.0963
0.0821
0.0793
0.0793
0.0934
0.0963
0.2237
0.1897
0.4531
0.3115
0.4248
0.1926
0.1274
0.0963
0.0821
0.0793
0.0878
1.2743
0.5380
0.4248
0.4814
0.7362
1.1044
1.5574
1.2176
0.5380
0.3115
0.2549
0.4248
0.2832
0.1982
0.1529
0.1444
0.1529
0.1189
1.9255
1.5008
0.4248
0.7929
0.5663
0.5097
0.0218
0.0176
0.0176
0.0176
0.0218
0.0538
0.0340
0.0311
0.0396
0.0263
0.0218
0.0218
0.0218
0.0176
0.0176
0.0176
0.0218
0.0218
0.0311
0.0311
0.0218
0.0176
0.0176
0.0708
0.0311
0.0218
0.2832
0.4248
0.2549
0.0453
0.0311
0.0218
0.0176
0.0176
0.0176
0.0176
0.0218
0.0453
0.0263
0.0218
0.0218
0.4248
0.6513
1.3026
0.6796
0.8778
0.3115
0.1218
0.0963
0.0651
0.1586
0.0878
0.0566
0.0453
0.0340
0.0340
0.0311
0.0311
0.0311
0.0311
0.0311
0.0963
0.0623
0.0453
0.0340
0.0311
0.0263
0.0538
0.0538
0.0396
0.3398
0.1416
0.0623
0.0481
0.0396
0.0311
0.0878
0.1671
0.1048
0.0538
0.2633
0.4814
0.1133
0.0651
0.0708
0.0963
0.0708
0.0736
1.3309
1.5857
0.4814
0.2718
0.1982
0.1133
0.0793
0.0651
0.0566
0.1529
0.5097
0.2832
0.1501
0.1529
0.2322
0.1104
0.3964
0.2407
0.4248
0.1756
0.3681
0.2010
0.2492
0.1133
0.0821
0.0708
0.0651
0.0623
0.0566
0.0623
0.5097
0.3681
0.1189
0.0793
0.0878
0.1133
0.0736
0.0623
0.2464
1.1327
0.4814
1.1044
0.2464
0.1444
0.1104
0.0934
0.0793
0.0708
0.0651
0.0623
0.0566
0.0566
0.0538
0.0538
0.0481
0.0481
0.0453
0.0453
0.0453
0.0453
0.0453
0.0453
0.0538
1.4442
1.0194
0.4531
1.5857
0.6513
1.3026
0.3681
0.2152
0.1586
0.1274
0.1133
0.1019
0.0821
0.0821
0.0793
0.0793
0.0708
0.0623
0.1501
0.2832
0.1133
0.0821
0.0708
0.0623
0.0538
0.0538
0.0453
0.0453
0.0453
0.0453
0.0453
0.0130
0.0130
0.0088
0.0088
0.0088
0.0176
0.0736
0.3115
0.0878
0.0340
0.0340
0.0311
0.0218
0.1897
0.2832
0.2265
0.1359
0.0708
0.0396
0.0311
0.0340
0.0821
0.6513
0.4248
0.6513
0.1982
0.0878
0.0623
0.0878
0.1784
0.1048
0.0651
0.0453
0.0396
0.0396
0.0481
0.2010
0.2265
0.5947
0.2775
0.2152
0.1218
0.2067
0.3398
0.1019
0.0708
0.0651
0.0538
0.0453
0.0453
0.0396
0.0396
0.0340
0.4814
0.4814
0.1444
0.0821
0.5663
1.6141
0.2775
0.2549
0.1444
0.0934
0.0708
0.4248
0.1784
0.0878
0.0708
0.0623
0.1586
0.1218
0.0708
0.0623
0.0651
0.0566
0.0623
0.0453
0.0453
0.1501
0.1982
0.0793
0.0538
0.0453
0.0396
0.0538
0.0566
0.0453
0.0538
1.3026
1.5291
0.4248
0.1841
0.1303
0.5097
0.1926
0.5380
0.6513
0.1926
3.0582
1.2459
0.3964
0.2379
0.1756
0.1501
0.1133
0.2152
0.2775
0.1274
0.0963
0.0821
0.0821
0.1699
0.1048
0.0878
1.0477
0.3398
0.1501
0.1133
0.1133
0.1019
0.0963
0.0793
0.0651
0.0623
0.0566
0.0566
0.0651
0.0708
0.0651
0.0821
0.0651
0.0566
0.0623
0.0793
0.0623
0.0538
0.0453
0.0453
0.0963
0.0821
0.0538
0.0453
0.0396
0.0453
0.0538
0.0453
0.0396
0.0340
0.1501
0.0821
0.0481
0.0396
0.0453
0.0396
0.0340
0.0340
0.0311
0.0311
0.0263
0.0340
0.6513
0.1756
0.0708
0.0453
0.0396
0.0396
0.0340
0.0340
0.0453
0.0481
0.0340
0.0311
0.0396
0.1189
0.0708
0.0453
0.0311
0.0263
0.0263
0.0218
0.0340
0.0340
0.0263
0.3398
3.9927
0.8778
0.8212
0.2095
0.1246
0.0991
0.0991
0.0793
0.0651
0.0595
0.0566
0.0538
0.0510
0.0481
0.0453
0.0425
0.0425
0.0425
0.0396
0.0396
0.0368
0.0425
0.0510
0.0396
0.0340
0.0368
0.1104
0.2803
0.1501
0.0934
0.2180
0.2152
0.4248
0.2803
0.1841
0.1019
0.0680
0.0510
0.0425
0.0396
0.0396
0.0340
0.0311
0.0311
0.0311
0.0821
0.0651
0.0453
0.0595
0.3398
0.0906
0.0538
0.0878
0.0708
0.0481
0.0396
0.0340
0.0311
0.0311
0.0311
0.0283
0.0266
0.0283
0.0311
0.0311
0.0311
0.0453
0.0425
0.0396
0.0396
0.0396
0.0396
0.0340
0.0340
0.0340
0.0311
0.0311
0.0311
0.0510
0.0481
0.0368
0.0340
0.0311
0.0396
0.0821
0.0906
0.1133
0.0878
0.0906
0.2832
0.3964
0.5947
0.1416
0.0793
0.0680
0.0538
0.0481
0.0481
0.0481
0.0481
0.2662
0.1189
0.0623
0.0425
0.0368
0.0311
0.0311
0.0311
0.0340
0.0311
0.0283
0.0266
0.0266
0.0255
0.0255
0.0272
0.3115
0.0906
0.0510
0.0396
0.0311
0.0266
0.0255
0.0218
0.0218
0.0207
0.0207
0.0207
0.0266
0.0283
0.0238
0.0207
0.0193
0.0193
0.0193
0.0193
0.0207
0.0207
0.0238
0.0238
0.0207
0.0193
0.0193
0.0538
0.3398
0.1246
0.0595
0.0396
0.0311
0.0266
0.0255
0.0218
0.0207
0.0178
0.0167
0.0167
0.0167
0.0167
0.0153
0.0207
0.0218
0.0193
0.0178
0.0311
0.0595
0.1727
0.3681
0.3398
0.1699
0.0934
0.0510
0.0368
0.0283
0.0266
0.0481
0.0566
0.1614
0.1897
0.8495
0.3398
0.1189
0.0255
0.0283
0.0266
0.0538
0.0595
0.0340
0.7929
0.3681
0.2577
0.2662
0.1303
0.2010
0.2379
0.3398
0.1926
0.2180
0.2464
0.1388
0.1133
0.0765
0.0680
0.1104
0.9061
2.3220
1.0477
0.4248
0.1614
0.1189
0.2492
0.2322
0.1048
0.0765
0.0623
0.0595
0.1104
0.1331
0.3115
0.1104
0.0708
0.0623
0.3964
0.1303
0.0708
0.0595
0.0510
0.2492
0.2010
0.0934
0.0651
0.0595
0.0566
0.0566
0.3115
0.1161
0.2010
0.1048
0.0623
0.0510
0.0793
0.0821
0.2577
0.1926
0.1388
0.3681
0.9628
0.5663
0.7362
0.3115
0.5097
0.7362
0.2322
0.5380
0.2832
0.1501
0.1048
0.0934
0.1359
0.0934
0.0765
0.0736
0.3398
0.1727
0.0878
0.0680
0.0595
0.0538
0.0510
0.0510
0.0481
0.0453
0.0680
0.0651
0.0538
0.2265
0.0765
0.0510
0.0538
0.0736
0.0850
0.1133
0.0821
0.0566
0.0481
0.0425
0.0396
0.0396
0.0368
0.0340
0.0340
0.0311
0.0311
0.0283
0.0283
0.0266
0.0266
0.0255
0.0255
0.0266
0.0266
0.0283
0.0425
0.9061
0.2832
0.0850
0.0510
0.0396
0.0340
0.0340
0.0340
0.0340
0.0283
0.0266
0.0255
0.0238
0.0218
0.0283
0.0218
0.0311
0.0311
0.0368
0.1048
1.9255
0.3115
0.1104
0.0680
0.0538
0.0481
0.0708
1.8406
1.3875
1.7556
0.6230
0.2180
0.1529
0.3681
0.4531
0.3398
0.2407
2.2653
1.2176
0.5097
1.6424
1.1893
0.5097
0.3115
0.6796
0.8778
0.5097
0.2577
0.1926
0.6796
0.5380
0.3964
0.2549
0.2832
0.2832
1.4442
0.5947
0.3115
0.5947
0.2633
0.1671
0.0218
0.0255
0.0311
0.0340
0.1303
0.0623
0.0340
0.0266
0.0510
0.0368
0.0311
0.0266
0.0218
0.1444
0.0680
0.0368
0.0266
0.0238
0.0218
0.0680
0.8212
0.1303
0.0623
0.0453
0.0340
0.0311
0.0266
0.0255
0.0340
0.0311
0.0255
0.0266
0.0623
0.0453
0.0396
0.0340
0.0283
0.0255
0.0238
0.0218
0.0218
0.0311
0.1189
0.0481
0.0736
0.5097
0.2265
0.0963
0.0765
0.0481
0.0396
0.0340
0.0283
0.0266
0.0238
0.0238
0.0207
0.0193
0.0255
1.2743
2.0954
0.5380
0.2832
0.1444
0.0991
1.0194
3.6812
0.8495
0.4531
0.2180
0.1501
0.1133
0.4248
1.8972
0.5947
0.4531
0.3681
0.2379
0.1614
0.1529
2.3786
2.3220
0.5380
0.2832
0.2095
0.1671
0.1444
0.1303
0.4248
0.8778
0.3115
0.1614
0.1557
1.3026
0.6796
1.8972
0.4531
0.3115
0.5097
0.7362
0.2633
0.1841
0.1501
3.7378
2.3220
0.5380
0.7362
1.3026
1.2459
0.5380
0.3115
0.2322
0.1897
0.1614
0.1444
0.1303
0.1529
0.1388
0.1133
0.1019
0.0878
0.0850
0.0821
0.0850
0.0850
0.1133
0.1019
0.6796
0.4814
0.9061
0.6230
0.2379
0.1586
0.2095
0.1388
0.1048
0.1727
0.1133
0.0878
0.0765
0.0708
0.0680
0.0765
0.0934
0.0934
0.0765
0.1756
0.1274
0.0963
0.4248
0.1756
0.1019
0.0821
0.1756
0.2180
0.1756
0.0963
0.0793
1.3026
4.3891
3.0582
0.5663
0.3964
0.2180
0.1529
0.1501
0.1359
0.1104
0.1189
0.1189
0.2180
0.1982
0.1019
0.1048
0.1529
1.9822
0.2633
0.1444
0.1104
0.1444
0.2407
0.1133
0.0821
0.1048
0.0595
0.0453
0.0396
0.0340
0.0340
0.0311
0.0311
0.0481
0.0510
0.0396
0.0340
0.0311
0.0283
0.0311
0.1331
0.0821
0.0595
0.0396
0.0311
0.0283
0.0255
0.0283
0.0266
0.0266
0.0238
0.0238
0.0311
0.0340
0.0396
0.0340
0.0266
0.0207
0.0167
0.0153
0.0142
0.0142
0.0127
0.0263
0.0368
0.0238
0.1671
0.1189
0.0566
0.0595
0.0991
0.1218
0.0595
0.4248
0.1501
0.0623
0.1133
0.0651
0.0453
0.0396
0.0340
0.0311
0.0266
0.0255
0.0311
0.0595
0.0396
0.0311
0.0453
0.7929
1.0194
0.2549
0.7929
0.2464
0.0991
0.0651
0.0510
0.0425
0.0425
0.0510
0.0396
0.0340
0.0340
0.0368
0.0396
0.0453
0.0396
0.0340
0.0311
0.0283
1.8406
1.0194
0.5380
0.1586
0.0934
0.0680
0.0595
0.0736
0.0934
0.0651
0.0538
0.7079
0.1614
0.0821
0.0651
0.0566
0.0708
0.1019
0.0651
0.0538
0.0708
0.0991
0.0680
0.0538
0.0481
0.0396
0.0368
0.0340
0.0311
0.0311
0.0340
0.0340
0.0510
0.0510
0.0453
0.0340
0.0311
0.0283
0.0266
0.0255
0.0238
0.0218
0.0218
0.0218
0.0218
0.0255
0.0340
0.9061
0.2832
0.1019
0.0680
0.0566
0.0651
0.1218
0.1104
0.0736
0.3398
0.1841
0.4248
0.8212
0.5380
0.1926
0.8778
0.5380
0.1926
2.1804
0.4814
0.3398
3.5113
1.6424
0.9911
1.5291
1.4158
3.0582
5.2669
1.7556
0.8778
0.4814
0.2832
0.2322
0.1841
0.6513
1.5291
0.2633
0.3964
1.1044
0.2407
0.1303
0.1048
0.0934
0.0878
0.1529
0.1048
0.0963
0.0934
0.0878
0.0850
0.0088
0.0088
0.0127
0.0238
0.0178
0.0113
0.0102
0.0096
0.0088
0.0088
0.0088
0.0096
0.0110
0.0255
0.0538
0.1501
0.3115
0.2407
0.0680
0.0396
0.0266
0.0178
0.0159
0.0150
0.0736
0.0821
0.0566
0.0510
0.0368
0.0340
0.4814
0.1048
0.0538
0.0368
0.0311
0.0266
0.0340
0.0340
0.0595
0.0963
0.0510
0.0340
0.0218
0.0167
0.0153
0.0142
0.0130
0.0122
0.0122
0.0153
0.0266
0.0481
0.4248
0.1189
0.0538
0.0396
0.0283
0.0207
0.0167
0.0142
0.0340
0.0566
0.0510
0.0368
0.1841
1.7840
0.4814
0.2662
0.1218
0.0736
0.0566
0.0651
0.0538
0.0425
0.0340
0.0651
0.0878
0.0510
0.0396
0.0396
0.1076
0.0651
0.0453
0.0396
0.0340
0.0566
0.2775
0.9061
0.3681
0.1529
0.0934
0.0651
0.0510
0.0453
0.0425
0.0368
0.0340
0.0340
0.0340
0.0311
0.0266
0.0255
0.0218
0.0207
0.0193
0.0178
0.0178
0.0167
0.0167
0.0142
0.0153
0.0127
0.0127
0.0340
0.0218
0.0176
0.0159
0.0144
0.0136
0.0130
0.0127
0.0127
0.0122
0.0122
0.0122
0.0119
0.0119
0.0144
0.0453
0.0311
0.0218
0.0176
0.0167
0.0153
0.0218
0.0193
0.0176
0.0161
0.0153
0.0142
0.0122
0.0122
0.0110
0.0110
0.0110
0.0088
0.0071
0.0074
0.0453
0.3398
0.0991
0.0510
0.2095
0.2803
0.3964
0.2832
0.4248
0.1388
0.0850
0.3115
0.1331
0.0651
0.0481
0.0425
0.0425
0.0368
0.0311
0.0425
0.0736
0.0510
0.0595
0.0510
0.0396
0.0283
0.0207
0.0178
0.0255
0.1019
0.2265
0.1671
0.1982
0.1642
0.0311
0.0311
0.1189
0.0566
0.0396
0.0311
0.0283
0.0266
0.0266
0.0255
0.0255
0.0238
0.0218
0.0207
0.0193
0.0238
0.0238
0.0396
0.0623
0.0425
0.0311
0.0340
0.0878
0.1104
1.0477
0.2633
0.1756
0.2718
0.1586
0.2832
0.5947
0.1671
0.0793
0.0566
0.0481
0.0396
0.0396
0.0368
0.0425
0.4814
0.8495
0.4531
0.1218
0.0821
0.0680
0.0595
0.0566
0.0566
0.0510
0.0453
0.0453
0.0396
0.0340
0.0340
0.0368
0.0340
0.0311
0.0311
0.0311
0.0283
0.0266
0.0255
0.0934
0.1671
0.0680
0.5663
4.4174
1.8972
0.6513
1.1044
0.7079
0.3964
0.3115
0.1756
0.1274
0.1388
0.1133
0.0991
0.0878
0.0821
0.0765
0.0708
0.0680
0.0821
0.0793
0.0708
0.0623
0.0595
0.0538
0.0510
0.0510
0.0481
0.0425
0.0396
0.0396
0.0425
0.0793
0.3681
0.1614
0.0878
0.0510
0.0566
0.5947
0.1331
0.0793
0.0595
0.0538
0.5097
0.2180
0.1189
0.0793
0.0595
0.0538
0.4531
0.5380
0.1699
0.1303
0.2662
0.1416
0.0878
0.8212
1.1044
1.4442
1.1327
0.6513
1.1327
0.7362
0.3964
0.5947
0.7079
0.2832
0.2662
0.1926
0.1501
0.1331
0.1614
0.2095
0.1614
0.2718
0.9911
0.2095
0.1331
0.1104
0.0934
0.0850
0.0765
0.0708
0.3681
0.2010
0.1303
0.1614
0.1076
0.0878
0.0793
0.0793
0.0934
0.0821
0.2237
0.2549
0.2095
0.2095
0.2152
0.1586
0.3681
0.3398
0.7362
0.2464
0.5663
0.3964
0.3115
0.2718
0.3115
0.1897
0.1416
0.1189
0.2549
0.3681
0.3681
0.7646
0.2095
0.1671
0.3398
0.0266
0.0218
0.0193
0.0178
0.0167
0.0167
0.0178
0.0167
0.0153
0.0340
0.0255
0.0193
0.0193
0.0193
0.0193
0.0193
0.0193
0.0193
0.0178
0.0167
0.0153
0.0161
0.0218
0.0207
0.0207
0.0153
0.0153
0.0167
0.0167
0.0272
0.0538
0.0538
0.0340
0.0255
1.3309
0.5097
0.1416
0.0736
0.1019
0.0963
0.0595
0.0481
0.1189
0.9061
0.9345
0.6230
0.1246
0.0736
0.0595
0.0595
0.0510
0.0425
0.0481
0.0481
0.0396
0.0340
0.0311
0.0283
0.0311
0.1501
0.1501
0.1189
0.0623
0.0566
0.2152
0.0765
0.0991
1.2743
0.3964
1.5008
0.5947
0.1982
0.5380
0.4531
0.6796
0.3681
1.9255
0.8495
1.0760
0.7362
5.0687
9.5994
5.2103
1.1610
1.2176
0.7362
0.4248
0.2832
0.2322
0.2010
0.2492
0.6513
0.3115
0.5380
0.7079
1.1044
0.7079
0.3964
0.3964
0.4531
0.2803
0.2718
0.2379
0.1897
0.1529
0.1388
0.1246
0.1699
0.1444
0.1189
0.1048
0.0991
0.0934
0.0850
0.0793
0.0765
0.0708
0.0680
0.0651
0.0623
0.0906
0.0934
0.0708
0.0651
0.0623
0.1076
0.0934
0.0680
0.0651
0.0878
0.0736
0.1501
0.2152
0.1019
0.0708
0.0623
0.0595
0.0538
0.0510
0.0510
0.0481
0.0453
0.0453
0.0453
0.0425
0.0396
0.0396
0.0566
0.0566
0.2180
0.1104
0.0934
0.0736
0.1303
0.1756
0.0934
0.0651
0.0538
0.1189
0.0708
0.0566
0.0538
0.0481
0.0623
0.0566
0.0538
0.1756
0.1104
0.0651
0.0538
0.0481
0.0453
0.0425
0.0425
0.1614
0.1699
0.1104
1.0194
1.2459
0.5097
0.1897
0.2095
0.0481
0.0396
0.0340
0.0340
0.0425
0.0765
0.0821
0.0651
0.0595
0.0510
0.0425
0.0368
0.0340
0.0340
0.0878
0.1218
0.0708
0.0510
0.0425
0.0510
0.0934
0.0651
0.0510
0.0396
1.5857
1.1893
0.9345
0.2633
0.1388
0.0991
0.0821
0.0708
0.0651
0.0595
0.0566
0.0538
0.0510
0.0481
0.0453
0.0566
0.0651
1.9822
1.4158
5.6067
1.5857
0.8778
0.3115
0.2067
0.1557
0.1274
0.1019
0.0934
0.0793
0.0708
0.2237
0.5947
0.1699
0.1019
0.0821
0.0708
0.0623
0.0651
0.1642
0.2095
0.2067
0.1104
0.0878
0.0793
0.0765
0.0680
0.0680
0.5097
2.2653
0.7079
2.0105
1.0194
3.6246
3.8511
1.3026
1.2459
1.7840
0.4814
0.3115
0.5097
0.4248
0.3115
0.2095
0.2010
0.1784
0.1416
0.1331
0.1218
0.1076
0.1189
1.5008
0.5097
0.1926
0.1331
0.1982
0.5097
0.3115
0.1557
0.1189
0.2095
0.1303
0.1019
0.0878
0.1416
1.0194
0.2832
0.1557
0.1303
0.1104
1.1893
0.7362
4.2192
1.2176
2.3220
3.8228
5.2669
3.1432
2.0671
0.9911
0.5380
0.5663
0.3681
0.2662
0.2180
0.2010
0.2237
0.6796
0.3681
0.2010
0.1614
0.1388
0.1274
0.1133
0.1076
0.0963
0.0934
0.0878
0.0821
0.0793
0.0765
0.0765
0.0736
0.1274
0.1019
0.0963
0.0793
0.0708
0.0765
0.0991
0.1444
0.1076
0.1557
0.1388
0.1756
0.1557
0.1388
0.1303
0.1501
1.5291
0.5663
1.2743
0.5380
0.4814
0.3681
0.7079
0.3115
0.1671
0.4814
1.5857
1.3309
1.3875
0.3964
0.2577
0.7929
0.4531
0.7362
0.9061
0.6796
0.5380
0.1529
0.1303
0.1472
0.1104
0.1274
0.1331
0.0765
0.0651
0.0538
0.0481
0.0453
0.0396
0.0425
0.0453
0.0425
0.0396
0.0368
0.0368
0.0368
0.0793
0.1756
0.5947
0.7079
0.2832
0.1557
0.2152
0.5663
0.7646
0.3964
0.7079
0.4248
0.2095
0.1614
0.5097
0.1982
0.1388
0.1076
0.3681
0.4248
0.1699
0.1501
0.6230
0.6796
0.3115
0.1671
0.1472
0.1501
0.3115
0.1671
0.1104
0.0906
0.0793
0.0736
0.3115
0.1756
0.2067
0.3681
1.2176
0.9911
1.5008
0.8212
1.3875
0.4531
0.3115
0.3398
0.3115
0.2832
0.2010
0.3115
2.4919
1.7556
0.7079
0.7646
1.1044
0.4814
0.6513
0.3115
0.3115
0.2464
0.1897
0.5380
0.7362
0.5947
0.7362
1.3026
0.6796
0.3681
0.3115
0.4531
1.2176
1.4158
0.4814
0.3115
0.2633
0.2180
0.1982
0.2180
0.7079
0.3964
1.3026
0.5380
0.8212
0.3964
0.3398
0.3398
0.3398
1.3026
2.1804
1.7556
1.3026
1.7556
1.7556
0.6230
0.4814
0.3681
0.3115
0.2718
0.2322
0.8212
0.4248
0.2407
0.2010
0.1756
0.1557
0.1472
0.1331
0.1274
0.1218
0.1501
7.3057
1.6707
2.2370
0.8495
0.5097
0.3398
0.2803
0.2322
0.2095
0.2464
0.2067
0.1756
0.1501
0.1331
0.1218
0.1104
0.1019
0.1019
0.0934
0.0878
0.0878
0.0878
0.1614
0.3115
0.1756
0.1104
0.0906
0.0793
0.2549
0.7362
0.2067
0.1133
0.0934
0.2718
0.6230
0.1756
0.1218
0.1019
0.0906
0.0821
0.0793
0.0934
0.0906
0.4531
0.2464
0.1841
0.2265
0.2662
0.1331
0.1756
0.2095
0.2379
0.1416
0.0170
0.0161
0.0153
0.0161
0.0170
0.0232
0.0232
0.0193
0.0193
0.0453
0.0311
0.0280
0.0255
0.0218
0.0193
0.0184
0.0184
0.0184
0.0280
0.0311
0.0258
0.0207
0.0170
0.0153
0.0144
0.0127
0.0119
0.0119
0.0113
0.0105
0.0105
0.0283
0.1161
0.2832
0.9061
0.5380
0.7362
1.2459
0.3115
0.1104
0.0651
0.0538
0.8495
0.5663
0.5380
0.7929
0.1756
0.1218
0.1529
0.1133
0.1019
0.0934
0.0793
0.0708
0.0623
0.0566
0.0566
0.0566
0.0538
0.0538
0.1756
0.1529
0.1104
0.2633
0.0963
0.0623
0.0538
0.0481
0.0481
0.0651
0.0623
0.0481
0.0425
0.0510
0.1784
0.0878
0.5380
0.8212
0.7362
0.2067
0.1189
0.0934
0.1104
0.4814
0.3398
0.1416
0.0991
0.0850
0.0793
0.0793
0.1699
0.1104
0.0736
0.1303
0.1642
0.1048
0.0821
1.6990
0.9628
1.5008
1.3875
1.4442
1.9822
0.7929
0.4531
0.2803
0.2067
0.1642
0.1416
0.1189
0.1104
0.0991
0.1189
2.5485
1.3026
0.4814
0.3398
0.2577
0.1926
0.1642
0.1557
0.1303
0.1104
0.0934
0.0878
0.0821
0.0736
0.5663
1.2176
0.6796
0.2832
0.2067
0.1557
0.1218
0.1048
0.0934
0.1388
0.1557
0.1218
0.1133
0.1359
0.1104
0.1841
0.4814
0.6230
0.1926
0.1218
0.0934
0.0821
0.0736
0.1444
0.1557
0.0934
0.0736
0.0651
0.1501
0.2010
0.0934
0.0708
0.8495
0.3681
0.1897
0.1303
0.0934
0.0793
0.0680
0.0623
0.0566
0.0538
0.0510
0.0510
0.3115
0.1359
0.1501
0.6513
0.2180
0.1501
0.4814
0.5380
1.6990
0.3964
0.5097
0.0280
0.0280
0.0280
0.0283
0.0396
0.0425
0.0368
0.0368
0.0368
0.0396
0.0368
0.0368
0.0396
0.0396
0.0340
0.0311
0.0280
0.0280
0.0266
0.0255
0.0255
0.0255
0.0283
0.0538
0.0793
0.0623
0.0736
0.0595
0.0595
0.0595
0.0425
0.0340
0.0311
0.0283
0.0266
0.0255
0.0255
0.0246
0.0232
0.0218
0.0246
0.0246
0.0232
0.0218
0.0218
0.0246
0.0255
0.0266
0.1699
0.5947
0.8495
0.2010
0.0736
0.0481
0.0396
0.1982
0.1331
0.1926
0.0934
0.0623
0.0453
0.0368
0.0396
0.7079
0.3398
0.3115
0.3681
0.1784
0.1416
0.0934
0.0934
0.2775
0.6230
0.2322
0.1274
0.0821
0.0680
0.1642
0.0708
0.0510
0.0425
0.0396
0.0368
0.0311
0.0311
0.0283
0.0280
0.0266
0.7646
0.7929
0.9911
0.3398
0.4248
0.2832
0.1303
0.0878
0.0736
0.0680
0.0595
0.0481
0.0425
0.0396
0.0368
0.0566
0.1359
3.8511
3.2848
1.3026
0.3964
0.2662
0.1784
0.1303
0.1048
0.3681
0.5663
0.2180
0.1303
0.0991
0.0850
0.0708
0.0651
0.0708
0.0623
0.0566
0.0481
0.0481
0.0453
0.0453
0.0425
0.0396
0.0425
0.0396
0.0368
0.0396
0.0680
0.0481
0.0396
0.1161
0.2180
0.3964
0.1614
1.0760
2.9450
0.8778
0.2832
0.2067
0.2180
0.1416
0.1133
0.1557
0.3398
0.5663
2.2653
3.0582
13.1107
1.7273
0.6230
0.3964
0.2803
0.2180
0.2010
1.9255
1.7556
0.6513
0.4248
0.3681
0.2464
0.1926
0.1614
0.1501
0.1303
2.7467
0.6513
0.3681
1.2743
2.0105
3.8228
2.2653
3.9927
0.8495
0.4814
0.3398
0.0481
0.0425
0.0368
0.0311
0.0283
0.0266
0.0266
0.2010
1.4442
0.3398
0.0934
0.0510
0.0425
0.0396
0.0340
0.0311
0.0280
0.0255
0.0255
0.1699
0.4248
0.1982
0.3964
0.4531
0.1359
0.1048
0.4248
0.5097
1.2176
1.4158
0.3398
0.4814
0.2237
0.1359
0.0934
0.0736
0.0680
0.1133
0.3115
0.8495
1.0194
0.5097
0.2407
0.1557
0.1303
0.0934
0.0850
0.0850
0.2803
0.3964
0.1926
0.1359
0.1982
0.1104
0.0680
0.0595
0.0566
0.1189
0.1642
0.0934
0.0934
0.0623
0.0481
0.0425
0.0396
0.0396
0.0368
0.0340
0.0311
0.0623
1.0477
0.2662
0.1104
0.0736
0.0680
1.4442
7.7588
3.3697
0.8212
0.3681
0.2549
0.1926
0.1557
0.1189
0.1133
0.0991
0.0736
0.0680
0.0623
0.0595
1.5291
1.6141
0.2492
0.2067
0.2095
0.2832
0.2010
0.1274
0.0991
0.0850
0.2492
0.3681
0.5097
0.3964
0.2803
0.3398
0.2407
0.1218
0.0934
0.0850
5.5501
0.5947
0.2832
0.2180
0.1699
0.1388
0.1218
0.1104
0.0991
0.0934
0.0850
0.0821
0.0765
0.0708
0.0680
0.0651
0.0623
0.0595
0.0566
0.0566
0.0538
0.0510
0.0538
0.0595
0.0510
0.0510
0.0481
0.0481
0.0453
0.0453
0.0538
0.3681
0.1699
0.0878
0.0651
0.3681
0.1331
0.0850
0.0821
0.0651
0.0623
0.0651
0.3115
0.2464
0.0934
0.3681
0.8778
0.2067
0.1104
0.2237
0.3398
0.3398
0.2662
0.8778
1.5857
1.0194
0.3115
0.1841
0.1416
0.1331
0.1104
0.0991
0.0934
0.0821
0.0765
0.0708
0.0708
0.0934
1.8406
1.9255
0.4248
0.2180
0.1586
0.0368
0.0311
0.0224
0.0170
0.0127
0.0119
0.0144
0.0113
0.0110
0.0105
0.0113
0.0232
0.0170
0.0510
1.3026
0.3115
0.0991
1.0194
0.1727
0.0850
0.0906
0.0623
0.1133
0.6513
1.2459
0.3681
0.1501
0.2095
0.3398
0.5097
0.3681
0.3398
0.1897
0.1104
0.0850
0.0708
0.1218
0.0708
0.0538
0.0510
0.0821
0.3398
0.1472
0.0991
0.0934
0.2407
0.5097
0.1246
0.4248
0.2322
0.3115
0.1104
0.0765
0.0623
0.0538
0.0510
0.0453
0.0991
0.1218
0.0850
0.4531
0.3398
0.4248
0.1246
0.4248
0.3398
0.1444
0.1019
0.0765
0.0651
0.0566
0.0510
0.0481
0.0453
0.0453
0.0425
0.0396
0.0368
0.0425
0.4248
0.3115
0.1189
0.1019
0.0651
0.0510
0.0453
0.0396
0.0368
0.0368
0.0368
0.0340
0.0311
0.0311
0.0396
0.0736
0.0850
0.0680
0.0765
0.5380
0.1104
0.0850
0.1529
0.1926
0.0991
0.0708
0.0566
0.0510
0.0453
0.0425
0.0396
0.0368
0.0368
0.0340
0.0311
0.0311
0.0340
0.0368
0.0340
0.0311
0.0283
0.0272
0.0283
0.0258
0.0246
0.0238
0.0224
0.0224
0.0215
0.0201
0.0201
0.0201
0.0765
0.0538
0.0368
0.0272
1.2176
1.4442
0.2379
0.3115
0.2322
0.2718
1.1044
0.5380
0.2379
0.1218
0.0878
0.0765
0.0651
0.0566
0.1274
0.3681
0.1982
0.1048
1.6424
3.4263
1.2459
2.1521
0.5097
0.2718
0.1841
0.1416
0.1189
0.1048
0.1019
0.0878
0.0765
0.0708
0.0793
0.1586
0.1161
0.0765
0.0651
0.0566
0.0566
0.0566
0.0566
0.1019
0.3398
0.2067
0.1048
0.0765
0.0566
0.0110
0.0311
0.0368
0.0227
0.0153
0.0119
0.0096
0.0091
0.0127
0.0105
0.0091
0.0091
0.0102
0.0190
0.1416
0.1472
0.0736
0.0510
0.0311
0.0227
0.0170
0.0136
0.0105
0.0105
0.0119
0.0113
0.0096
0.0079
0.0082
0.0119
0.0161
0.0396
0.0425
0.0255
0.0190
0.0190
0.0178
0.0708
0.0821
0.1218
0.7646
0.2010
0.0566
0.0368
0.0266
0.3681
1.5008
0.9061
0.1841
0.1614
0.0991
0.0651
0.0510
0.0396
0.2549
0.2095
0.0906
0.0566
0.0481
0.0396
0.0368
0.0340
0.0311
0.0311
0.0765
0.0878
0.0538
0.0736
0.0623
0.0623
0.0595
0.0623
0.4814
1.8406
0.3115
0.1246
0.0765
0.0595
0.7646
0.1501
0.1048
0.1246
0.1076
0.1133
0.0736
0.0566
0.4248
0.3398
0.1104
0.0821
0.0765
0.0651
0.2633
0.3964
0.1472
0.2152
0.4814
0.1444
0.0934
0.0765
0.0651
0.0566
0.0566
0.0566
0.0510
0.0481
0.0425
0.0396
0.0396
1.0194
0.3398
0.1189
1.5857
0.3964
0.2067
0.1303
0.1982
0.1388
0.0991
0.0821
0.0991
0.5380
0.1529
0.1246
0.1048
0.0821
0.0991
0.4248
0.2010
0.1133
0.0878
0.0765
0.0680
0.0651
0.0595
0.0566
0.3398
0.1784
0.1586
0.1529
0.0878
0.0708
0.0623
0.0566
1.8406
1.0477
0.3115
0.2237
0.1671
0.1303
0.6230
1.2176
0.3115
0.1982
0.5380
1.1327
0.8778
0.6513
0.7362
0.8495
0.5380
0.3964
0.2662
0.2067
0.1699
0.1416
0.1218
0.1104
0.1048
0.1586
0.1104
0.0934
0.0991
0.1388
0.0934
0.0765
0.0680
0.0623
0.0566
0.0538
0.0510
0.0510
0.0227
0.0201
0.0272
0.0595
0.0510
0.0396
0.0311
0.1388
0.1416
0.2407
0.5947
0.1926
0.0765
0.0510
0.0396
0.0311
0.0266
0.1133
0.0736
0.0396
0.0340
0.0311
0.0255
0.0215
0.0201
0.0178
0.0153
0.0144
0.0153
0.0991
0.4531
0.1416
0.0595
0.0396
0.0280
0.0215
0.0178
0.0161
0.0153
0.0144
0.0136
0.0119
0.0113
0.0113
0.0127
0.0246
0.0368
0.0227
0.0161
0.0127
0.0119
0.0119
0.0113
0.0127
0.0127
0.0113
0.0105
0.4531
6.2297
0.6513
0.9628
0.3115
0.9628
0.5380
1.3026
5.2103
4.7289
1.8406
3.6812
0.8778
0.7079
0.5380
1.2176
0.4248
0.3964
0.3681
1.1893
0.3964
0.2492
0.1982
0.1614
0.1416
0.7079
0.4814
0.1897
0.1416
0.1218
0.1104
1.0477
1.3875
0.3115
0.9345
0.3681
0.2832
0.2237
0.2633
0.1841
0.1416
0.1218
0.1048
0.0934
0.0878
0.6230
4.5024
0.5380
0.3964
0.2718
0.2152
0.1784
0.1586
0.1388
0.1784
3.2848
0.4248
0.2549
0.2010
0.1756
0.3398
0.3681
0.1756
0.1416
0.1246
0.1189
0.1076
0.1048
0.1699
0.2492
0.1444
1.9822
1.3026
0.4248
0.2803
0.2379
0.2265
0.8778
0.4248
0.3964
0.3964
0.2633
0.4248
0.7362
0.4814
0.3964
0.2265
0.3964
0.9628
0.4248
0.7929
0.4814
0.2803
0.2379
0.1982
0.1756
0.2633
0.7079
0.5380
0.2464
0.2067
1.1044
0.4248
0.3115
0.5663
0.9628
0.4248
0.2464
0.7362
0.4248
0.3398
0.2832
0.2237
0.1841
0.1586
0.3964
0.3681
0.5663
0.4531
0.2322
0.1784
0.1671
0.1586
0.1416
0.2549
0.0280
0.1699
0.3115
0.3115
0.1557
0.1274
0.1048
0.1133
0.0736
0.0510
0.0425
0.0396
0.0340
0.0311
0.0280
0.0510
0.3115
0.0821
0.0481
0.0425
0.0368
0.0340
0.0311
0.0311
0.0311
0.0283
0.0280
0.0283
0.0368
0.0623
0.0510
0.0368
0.0311
0.0280
0.0246
0.0232
0.0266
0.0255
2.1521
1.9822
0.7929
1.6990
4.7289
0.9345
0.3964
0.3964
0.4248
1.2176
1.2176
0.6513
0.4248
0.3681
0.5097
0.2322
0.1841
0.1501
0.1218
0.1048
0.0934
0.0850
0.0736
0.0680
0.0878
0.0991
0.0850
0.0680
0.0595
0.0510
0.0481
0.0481
0.0453
0.0623
0.0595
0.0481
0.0425
0.0396
0.0396
0.0368
0.0368
2.0105
1.5008
3.0299
1.5574
0.3964
0.2464
0.1897
0.1501
0.1218
0.1048
0.0934
0.4248
0.2549
0.1359
0.1104
0.0934
0.0878
0.0821
0.0680
0.0623
0.0595
0.0538
0.0510
1.2176
4.3891
1.9255
0.6230
1.4725
0.9061
0.3964
0.2662
0.2067
0.1699
0.1444
0.1218
0.1104
0.1048
0.3115
0.7362
0.6513
0.2549
0.1897
0.6513
0.2775
0.1727
0.1614
0.1614
0.1218
0.1218
0.7362
0.3964
0.2775
0.1501
0.2067
0.2407
1.1044
1.3026
1.0477
0.7079
4.9838
7.3907
2.3220
1.1610
0.7646
0.5947
0.3964
0.4531
1.5857
3.5962
5.6917
1.1044
0.9061
0.4814
0.6230
0.3681
0.3115
0.2464
0.2180
0.2407
0.2265
0.2832
0.3681
0.2803
0.2322
0.2010
0.1614
0.1416
0.1303
0.2067
0.4814
0.1897
0.1303
0.1359
0.2010
0.2577
0.2067
0.3398
0.2010
0.1699
0.1642
0.1416
0.1104
0.1274
0.3115
0.0161
0.0184
0.0218
0.2322
0.2095
0.0651
0.0991
0.1189
0.3115
0.0991
0.0538
0.0425
0.0368
0.7646
0.4531
0.4531
1.0760
0.3115
0.1416
0.1048
0.5380
0.5380
2.0105
0.9911
0.2492
0.1841
0.1727
0.1133
0.0934
0.3398
0.3681
0.1416
0.0991
0.0793
0.4814
0.4248
0.1727
0.1133
0.0878
0.0680
0.0595
0.0538
0.0538
0.0510
0.0481
0.2407
0.3115
0.2775
0.2010
0.1416
0.1104
0.1926
0.1189
0.0850
0.0708
0.0793
0.0736
0.0821
0.0991
0.1019
0.8495
1.5291
0.9061
0.5947
0.3681
0.2322
0.4814
0.5663
0.3115
0.2549
0.5097
0.3964
0.2265
0.1784
0.1557
0.2549
0.3115
0.2237
0.1784
0.1303
0.1048
0.0934
0.0850
0.0821
0.0736
0.0708
0.0651
0.0623
0.0623
0.0651
0.0680
0.0623
0.0566
0.0538
0.0481
0.0481
0.0453
0.0425
0.1926
0.3964
0.5097
0.1897
0.1897
0.2010
0.1189
0.1019
0.6513
0.3115
0.4248
1.9255
0.6796
0.4814
0.9628
1.1044
0.5097
0.7362
0.5947
0.3398
0.2577
0.2095
0.9628
1.5291
0.3398
0.2464
0.2464
1.5008
2.3786
1.5574
1.0194
0.9911
0.9911
0.4814
0.3681
0.6513
0.3964
0.8778
0.6230
0.3115
0.2464
0.2265
0.4531
0.2265
0.2067
0.2095
0.1784
0.2237
0.2067
0.2010
0.1614
0.1303
0.1189
0.1048
0.0991
0.0934
0.0850
0.0934
0.1048
0.0878
0.0793
0.0708
0.0680
0.0680
0.0680
0.0680
0.1048
0.1557
0.1019
0.1218
0.1416
0.0991
0.0793
0.0680
0.0623
0.0595
0.0538
0.0538
0.0623
0.0538
0.0481
0.0453
0.0425
0.0425
0.0340
0.0272
0.0227
0.0210
0.0201
0.0396
0.0708
0.0425
0.0311
0.0255
0.0215
0.0184
0.0170
0.0161
0.0193
0.0368
0.1699
0.1048
0.0566
0.0510
0.0680
0.0425
0.0311
0.0255
0.0227
0.0210
0.0178
0.0167
0.0153
0.0153
0.0167
0.0198
0.0201
0.0176
0.0159
0.0150
0.0153
0.0170
0.0283
0.0280
0.0227
0.0201
0.0311
0.0246
0.0198
0.0167
0.0153
0.0144
0.0130
0.0130
0.7929
0.3964
0.1756
0.0651
0.1529
0.2407
0.3398
0.4248
0.3681
1.6424
3.9360
19.3687
6.4846
1.6141
0.7646
0.3964
0.4814
0.7646
0.3681
0.8495
0.6796
0.9911
0.7929
0.7646
0.5380
1.1327
0.3964
0.3681
0.3115
0.3398
0.3115
0.2407
0.1841
0.1501
0.1388
0.1189
0.3115
0.1897
0.2718
0.6230
0.3398
0.5097
0.5380
0.1841
0.1303
0.1189
0.1133
0.0934
0.0821
0.0793
0.0793
0.0793
0.0708
0.0680
0.0708
0.0623
0.0595
0.0566
0.0510
0.0510
0.0481
0.0481
0.0510
0.1303
0.1303
0.0793
0.0595
0.0510
0.0453
0.5947
0.7646
1.7840
0.6796
0.2492
0.1557
0.1104
0.0963
0.0934
0.0765
0.0651
0.0566
0.0510
0.0481
0.0425
0.0453
0.0425
0.0736
0.0963
0.0595
0.2010
0.0963
0.0680
0.4814
0.1841
0.1756
0.2662
0.2662
0.1501
0.0850
0.1076
1.6707
0.9345
0.8212
0.3115
0.1926
0.1756
0.1388
0.1133
0.0991
0.1133
0.1218
0.1133
0.1274
0.3398
0.1331
0.1133
0.1133
0.0934
0.0878
0.0850
0.0708
0.0651
0.0680
0.0680
0.0566
0.0708
0.2662
0.0963
0.1133
0.1416
0.1926
0.0963
0.0340
0.0396
0.0368
0.0340
0.0311
0.0280
0.0249
0.0238
0.0238
0.0238
0.0238
0.0238
0.0249
0.0311
0.7929
0.5663
0.8212
0.3964
0.2577
0.2832
0.5947
0.2322
4.7289
1.3026
0.3964
0.2322
0.1699
0.7646
0.2832
0.1926
0.1388
0.1048
0.0878
0.1133
0.1189
0.0793
0.0680
0.0623
0.0623
0.0793
0.6513
0.4248
0.1416
0.0878
0.1076
0.1104
0.0765
0.0708
0.0595
0.3398
0.2265
0.5947
0.4814
0.8495
0.2180
0.1218
0.0878
0.0736
0.0680
0.0595
0.0538
0.1019
0.0878
0.1019
0.0736
0.5947
0.7362
0.1586
0.0963
0.0736
0.3681
0.2803
0.1104
0.0765
0.0623
0.0566
0.0510
0.0481
0.1104
0.1076
0.0651
0.0538
0.0481
0.0453
0.0396
0.0368
0.0340
0.0311
0.4248
2.7467
0.9911
1.2176
0.3681
0.2180
0.2152
0.1841
0.1331
0.1104
0.0963
0.0934
0.0765
0.0736
0.0680
0.5097
2.0671
0.5947
0.3964
0.2379
1.3309
1.3592
0.7079
0.3681
0.2633
0.2180
0.1926
0.1557
0.1388
0.1218
0.1133
0.1048
0.0963
0.0934
0.2322
0.2577
0.1982
0.1416
0.3115
0.2237
0.1472
0.1133
0.0934
0.0878
0.4814
0.3964
0.3115
1.0194
0.2803
0.3115
0.2322
0.2662
1.3026
0.4248
0.2832
1.2176
0.7646
0.3681
0.2577
0.2152
0.1982
0.1699
0.1331
0.1161
0.1019
0.1019
0.1557
0.1104
0.0850
0.0765
0.0708
0.0680
0.0651
0.0623
0.0595
0.0708
0.0708
0.0623
0.0538
0.0481
0.0453
0.0481
0.0510
0.0481
0.0453
0.0396
0.0368
0.0340
0.0340
0.0340
0.0340
0.0311
0.0311
0.0340
0.0311
0.0283
0.0280
0.0272
0.0272
0.0263
0.0255
0.0246
0.0238
0.0227
0.0246
0.0238
0.0263
0.0255
0.0246
0.0246
0.0238
0.0227
0.0227
0.0218
0.0210
0.0210
0.0218
0.0241
0.0263
0.0246
0.0263
0.0275
0.0266
0.0255
0.1586
1.5008
4.2475
0.4248
0.2039
0.1614
0.2350
0.1161
1.7556
0.6796
0.2350
0.1529
0.1161
0.0963
0.0850
0.0736
0.0680
0.0623
0.0566
0.0566
0.0566
0.0538
0.0510
0.0623
0.0680
0.0991
0.1982
0.1472
0.0793
0.0651
0.0623
0.0708
0.0680
0.0595
0.0566
0.0510
0.0595
0.0963
0.0878
0.0821
0.0878
0.0680
0.0680
0.0708
0.3681
0.6796
4.2758
2.2087
0.3681
0.7929
0.7079
1.2743
0.9345
0.3115
0.2237
0.1869
1.0194
0.3398
0.1954
0.1501
0.1416
0.1472
0.1189
0.1048
0.0963
0.0934
0.0878
0.0821
0.1189
0.1048
0.7362
0.6513
0.3964
0.2633
0.3398
0.5097
0.3115
0.2690
0.1501
0.1161
0.0991
0.1019
0.0934
0.0850
0.0765
0.0736
0.0680
0.0680
0.0736
0.0991
0.0850
0.0850
0.0765
0.0680
0.0680
0.0680
0.0708
0.0680
0.0595
0.0566
0.0538
0.0510
0.0510
0.0821
0.1897
0.2322
0.1501
0.2690
3.5113
0.6796
0.7362
3.7661
0.5663
0.2832
0.2265
0.2832
0.1897
0.1557
0.1388
0.1189
0.1161
2.2653
0.8212
1.0477
1.6990
0.8212
0.4248
0.3681
2.4352
0.5380
0.3115
0.2407
0.3115
0.2803
0.2067
0.1812
0.1586
0.1416
0.1218
0.1189
0.1699
0.1727
0.1274
0.1076
0.2747
0.2124
0.3681
0.4531
0.5663
0.2775
0.2067
0.1472
0.1161
0.1812
1.5857
0.2832
0.1699
0.1246
0.1048
0.1529
0.2124
0.3681
0.3115
0.1614
0.1416
0.2237
0.1472
0.1076
0.0906
0.1218
0.1048
0.2605
0.3398
0.1982
0.1218
0.0963
0.0821
0.0765
0.1019
0.1246
0.0963
0.0765
0.0708
0.0680
0.0708
0.0708
0.0680
0.0680
0.0623
0.0566
0.0538
0.0538
0.0510
0.0651
1.9255
1.5291
0.3964
0.1841
0.1274
0.1076
0.1104
0.1189
0.1133
0.1756
0.4531
0.2690
0.2803
0.1699
0.1189
0.1048
0.0878
0.1982
0.4531
0.1388
0.1076
0.1104
0.1133
3.0582
0.4814
0.2407
0.1699
0.1388
0.1274
0.1246
0.1104
0.2577
0.2124
0.1388
0.1303
0.1076
0.0906
0.2322
0.2464
0.1388
0.1161
0.1076
0.1048
0.0906
0.0821
0.0765
0.0736
0.0708
0.0680
0.1019
0.1189
0.3398
0.2520
0.1501
0.1076
0.0878
0.0765
0.0765
0.0708
0.0651
0.2577
0.1671
0.1246
0.0963
0.0765
0.0708
0.0708
0.3681
0.2464
0.1189
0.0963
0.0765
0.0736
0.1416
0.1246
3.3697
0.3681
0.1982
0.1274
0.1104
0.2464
0.2803
0.1274
0.0991
0.0821
0.0736
0.0651
0.0566
0.0538
0.0538
0.2832
0.7646
0.3115
0.1274
0.6230
0.5380
0.3115
0.1586
0.1614
0.1897
0.1303
0.1133
0.2265
0.1982
0.7646
0.4248
0.2577
0.1671
0.1274
0.1048
0.0906
0.0878
0.1189
0.1416
0.1133
0.0906
0.4248
0.2492
0.1246
0.0878
0.0765
0.0680
0.0651
0.0595
0.0566
0.0595
0.0566
0.0538
0.0510
0.1444
2.9733
1.0477
0.2718
0.1699
0.1303
0.1104
0.1246
0.1812
0.2095
0.1161
0.0934
0.0453
0.0396
0.0425
0.0991
0.1642
0.0821
0.0566
0.0566
0.3398
0.3398
0.1416
0.0850
0.0623
0.0963
1.5008
2.1804
0.2690
0.1274
0.0878
0.0765
0.0765
0.0765
0.0680
0.0623
0.0850
0.3681
0.3115
0.1274
1.0760
2.6051
0.6230
0.3115
0.2322
0.1586
0.1218
1.3592
0.3398
0.3115
0.2010
0.1614
0.1303
0.1076
0.0934
0.0821
2.5202
1.5008
1.0477
0.5380
0.3681
0.5380
0.7362
0.5380
0.5663
0.9628
0.5947
0.3681
0.2832
0.5663
0.5663
0.3115
0.2690
0.3398
0.3115
0.2095
0.1784
0.4531
0.9061
0.9345
0.7646
0.4531
0.3115
0.2464
0.2265
0.3115
0.2832
0.2322
0.1926
0.1614
0.1416
0.1274
0.1218
0.1161
0.1048
0.0991
0.0934
0.0906
0.0878
0.0850
0.0821
0.0793
0.0765
0.0736
0.0708
0.0680
0.0651
0.0651
0.0850
3.1432
1.1044
0.3115
0.2010
0.1869
0.1614
0.1303
0.1161
0.1048
0.1104
0.4814
0.2690
0.2067
0.1869
0.1699
0.4531
0.5380
0.2832
0.2095
0.1642
0.1388
0.2180
2.6618
0.7079
0.4531
0.4814
0.3681
0.3115
0.2520
0.2067
0.1869
0.1614
0.1501
0.1699
0.2095
0.1586
0.1303
0.1189
0.1388
0.2520
0.2407
0.3115
0.3681
0.2832
0.2633
0.3681
0.3115
0.2407
0.5097
0.2549
0.1699
0.1416
0.1642
0.1642
0.2265
0.3115
0.2690
0.1529
0.1501
0.1642
0.1869
0.5947
0.1954
0.1303
0.1161
0.1841
1.6990
2.0388
2.7751
1.1327
0.4248
0.3681
0.5380
0.3964
0.2690
0.2095
0.2832
0.2010
0.2124
0.2832
0.2350
0.5663
0.4248
0.1869
0.1331
0.0311
0.0275
0.0241
0.0481
0.0453
0.0368
0.0311
0.0283
0.0368
0.0453
0.0538
0.0481
0.0368
0.0275
0.0215
0.0178
0.0190
0.3115
0.9345
0.1303
0.0651
0.0793
0.1303
0.0906
0.0623
0.0510
0.0425
0.0538
0.0566
0.0453
0.0368
0.0991
0.8778
0.2435
0.1699
0.1416
0.1161
0.0765
0.0538
0.0453
0.0396
0.0396
0.0368
0.0311
0.0263
0.0263
0.0283
0.0249
0.0283
0.0396
0.0311
0.0263
0.0227
0.0215
0.0263
0.0249
0.0215
0.6796
0.9345
0.3115
0.1416
0.1161
0.1246
0.0906
0.0736
0.0623
0.0538
0.0736
0.0651
0.0680
0.2209
0.1586
0.0934
0.2039
0.1926
0.1218
0.1019
0.7079
0.2152
0.1416
0.1218
0.2662
0.2690
0.1303
0.1019
0.0963
0.0821
0.0736
0.0651
0.0651
0.0623
0.0566
0.0538
0.0481
0.0453
0.1359
0.1104
0.1133
2.1521
0.3398
0.2010
0.2209
0.2832
0.1642
0.1274
0.1104
0.8495
4.2758
1.0760
0.2633
0.1982
0.2067
0.1671
0.2180
0.2832
2.2087
0.3681
0.2464
0.2265
0.2832
0.3681
0.8212
2.4069
0.5380
0.3964
0.3681
0.2690
0.2832
0.4814
0.3398
0.3115
0.3681
0.2435
0.1841
0.1614
0.1416
0.1359
0.1246
0.1189
0.1104
0.1218
0.1076
0.1019
0.0991
0.0991
0.1019
0.1529
0.1161
0.0991
0.0878
0.1161
0.2690
0.1501
0.1161
0.0934
0.0878
0.3681
0.2832
0.1501
0.1359
0.4531
0.4531
0.1869
0.1614
0.3115
4.1059
5.9465
2.9166
0.9911
0.4814
0.3681
0.3398
0.3681
0.3115
0.2379
0.2265
0.5380
0.4248
0.1104
0.1019
2.1804
1.1044
0.1557
0.0991
0.2832
0.1048
0.1642
0.0906
0.0651
0.0623
0.0538
0.0425
0.0368
0.0311
0.0311
0.0275
0.0263
0.0249
0.0241
0.0249
0.0275
0.0283
0.0275
0.0275
0.0283
0.0396
0.0623
0.0680
0.0453
0.0368
0.0396
0.0481
0.0368
0.0311
0.0283
0.0283
0.0263
0.0263
0.0275
0.0340
0.0538
0.0396
0.5380
0.0906
0.0538
0.0368
0.0311
0.0275
0.0249
0.0227
0.0207
0.0207
0.0190
0.0178
0.0178
0.0178
0.0170
0.0170
0.0198
0.0275
0.0227
0.0207
0.0190
0.0178
0.0170
0.0170
0.0170
0.0170
0.0207
0.0215
0.0227
1.0760
0.9628
0.1274
0.0736
0.0538
0.0538
0.0538
0.0595
0.0934
0.0623
0.0481
0.0368
0.0311
0.1048
0.1954
0.0736
0.0481
0.0396
0.0340
0.0368
0.0368
0.0311
0.2549
0.8212
0.7929
0.5947
6.3996
3.9644
1.8972
0.4814
0.2775
0.5663
1.1893
0.3115
0.2322
0.1784
0.1416
0.4248
0.4248
0.1869
0.1784
0.1472
0.1388
0.3681
0.1954
0.1359
0.1104
0.0991
0.0878
0.0793
0.0765
0.0680
0.0680
0.0623
0.0623
0.0566
0.0566
0.0510
0.0510
0.0481
0.0481
0.0481
0.0481
0.0595
0.2152
0.3398
0.4531
0.4531
0.3681
0.2464
0.1104
0.0793
0.0765
0.0623
0.0566
0.0538
0.0623
0.1161
1.8689
0.6796
0.4531
0.2152
0.2265
0.5097
0.2690
0.1416
0.1472
0.1274
0.1076
0.4248
6.7394
5.0687
1.1327
0.5947
0.3964
0.2832
0.2379
0.1954
0.1727
0.1614
0.1529
1.1610
0.6230
0.2577
0.3398
0.5947
0.3681
0.2633
0.3398
0.5947
0.3398
0.1954
0.1699
0.1954
0.7929
0.2265
0.1472
0.1189
0.3398
0.5663
0.3398
0.1699
0.1189
0.1189
0.1019
0.0821
0.0765
0.0680
0.0765
0.0934
0.0765
0.2832
0.3964
0.1954
0.1104
0.0934
0.1501
0.2549
0.3115
0.7362
0.7646
0.3681
0.2067
2.1238
1.8689
0.9628
1.8406
2.4352
1.2743
1.5857
1.1044
3.9644
2.8600
1.3309
0.6513
0.3964
0.3115
0.2832
0.2464
0.2832
0.5380
0.3964
0.3398
0.4814
0.2633
0.4531
3.0016
0.5097
0.3398
4.3608
2.2937
0.6796
0.5097
0.3964
0.3115
0.2832
0.2520
0.2322
0.2095
0.1926
0.1727
0.1614
0.1529
0.1756
4.1059
2.8600
1.9539
1.3592
1.6707
0.5663
2.5485
0.7929
3.7378
3.3414
0.9345
0.8212
0.6513
1.5291
0.5947
0.4248
0.3398
0.3115
0.2690
0.2407
0.2209
0.2152
0.2010
0.1869
0.1926
0.1841
0.2803
1.3026
0.3398
0.2520
0.3398
1.5291
0.3964
0.4248
0.8212
0.4248
0.2832
0.2322
0.3115
0.2379
0.2322
0.2407
0.5663
0.3115
0.2265
0.1954
0.1784
0.1699
0.1642
0.2095
0.4248
0.2520
0.3115
0.2209
0.1727
1.0477
1.0477
2.6051
1.0760
1.2743
0.3964
0.5663
0.2775
0.2209
0.2010
0.2010
0.1727
0.1529
0.1586
0.1586
0.1303
0.1359
0.1926
0.1954
0.1841
0.2152
0.5380
0.3681
0.1869
0.1699
0.1274
0.1104
0.5097
0.4248
0.1841
0.1274
0.1104
0.0991
0.0906
0.0934
0.4531
0.1926
0.1189
0.1104
0.1019
0.0878
0.0821
0.0765
0.0736
0.0680
0.0651
0.0623
0.0623
0.1303
0.1642
0.1388
0.1019
0.0793
0.0736
0.0708
0.0736
0.0680
0.0227
0.0275
0.0249
0.0215
0.0207
0.0198
0.0198
0.0227
0.3398
0.1756
0.0821
0.9061
0.1756
0.9061
0.4248
0.1416
0.0963
0.1218
1.0477
0.2832
0.2067
0.1586
0.1133
0.0934
0.0934
0.1019
0.2407
0.6230
0.3681
1.1327
0.6230
1.5291
0.5663
0.2379
0.1756
0.1416
0.1218
0.1133
0.3115
0.1529
0.1133
0.1133
0.3398
0.5380
1.5857
0.5663
0.3115
0.2180
0.1784
0.4814
2.4919
0.3398
0.1756
0.1218
0.1104
0.1104
0.1274
0.2718
0.2775
0.1416
0.1104
1.1893
0.5380
0.3115
0.3398
0.6230
2.4919
0.7362
0.4814
0.5663
0.7362
0.4814
0.2407
0.2067
0.2577
0.2067
0.1671
0.4248
0.2379
0.1444
0.1274
0.2152
0.1671
0.1218
0.1019
0.0934
0.0878
0.0736
0.0708
0.0651
0.0623
0.0623
0.0538
0.0538
0.0538
0.0481
0.0538
0.2180
0.1104
0.0708
0.0566
0.0538
0.0481
0.0481
0.0481
0.0453
0.0453
0.0481
0.0453
0.0396
0.1841
0.3115
0.2180
0.1104
0.0708
0.0793
0.1586
0.0878
0.0708
0.1274
0.0934
0.0623
0.0538
0.0538
0.0481
0.0538
0.0963
0.0708
1.6707
0.9061
0.2633
0.1897
0.1274
0.1019
0.0878
0.1926
1.6990
1.4442
0.3964
0.7929
0.4814
0.3115
0.8778
0.2577
0.1671
0.1444
0.2577
0.3681
0.3398
1.4158
0.3398
0.1897
0.1416
0.1218
0.1048
0.0963
0.0934
0.1104
0.1019
0.0878
0.0708
0.0708
0.0623
0.0623
0.0566
0.0538
0.0538
0.0481
0.0481
0.0453
0.0453
0.0453
0.0453
0.0425
0.0396
0.0396
0.0368
0.0368
0.0368
0.0368
0.0368
0.0425
0.0396
0.0311
0.0252
0.0201
0.0176
0.2095
0.3398
0.1388
0.0736
0.0878
0.7929
0.0991
0.0538
0.0425
1.2176
2.1804
0.5380
0.1303
0.0793
0.0538
0.0453
0.0396
0.0340
0.0275
0.0252
0.0215
0.0190
0.0164
0.0150
0.0164
0.1218
0.2747
0.1048
0.1218
4.3325
1.2176
1.1044
0.4248
0.2464
0.1303
0.0991
0.0850
0.1897
0.1331
0.0793
0.0680
0.0821
0.0708
0.0680
0.0566
0.0510
0.0481
0.9911
2.3220
0.3115
0.2010
0.2039
0.1897
0.1104
0.0850
0.0736
0.0623
0.0538
0.0538
0.9345
0.5663
0.1727
0.1133
0.0878
0.0736
0.0651
0.0595
0.0538
0.0538
0.0538
0.0481
0.0425
0.1189
1.0477
0.1303
0.0821
0.5947
0.4531
0.2775
0.1274
0.3964
2.6051
0.6796
2.0105
3.3980
1.1893
1.3026
0.7079
0.5097
1.8972
1.3026
1.0760
0.9061
0.5380
0.9628
0.4248
0.2520
0.2775
1.0194
2.8600
1.6707
0.4531
0.2322
0.1472
0.1133
0.1104
0.1161
0.1104
0.0878
0.0850
0.3398
0.3115
0.2662
0.2039
0.1784
0.1642
0.2095
0.1784
0.1472
0.1388
0.1303
0.1274
0.1189
0.1161
0.1104
0.1048
0.1048
0.5663
1.2176
0.9628
0.3398
0.5380
0.4531
0.7929
0.2832
0.2265
0.2152
0.2662
0.2152
0.1557
0.1331
0.1274
0.1161
0.1246
0.8495
0.2832
0.1784
0.1416
0.1303
0.1189
0.1133
0.1699
0.2265
0.1472
0.1218
0.1048
0.0991
0.2350
0.2775
0.1472
0.1161
0.0991
0.7929
0.2662
0.1642
0.4248
1.0194
3.3414
3.2848
1.4442
1.1044
0.7929
0.6796
0.8495
0.4814
0.3681
0.2379
0.0538
0.1869
0.1784
0.1189
0.0963
0.0793
0.0736
0.0934
0.0963
0.0878
0.1019
0.0934
0.0821
0.0736
0.0736
0.0821
0.0934
0.0821
0.2690
0.4531
0.2265
0.1189
0.0963
0.0878
0.0765
0.0651
0.0623
0.0623
0.0595
0.2690
0.2209
0.2379
0.5663
0.7362
0.1699
0.1189
0.3681
0.1699
0.1189
0.1218
0.1133
0.2265
0.4248
0.1331
0.0963
0.0821
0.0736
0.0736
0.0765
0.0708
0.0793
0.0765
0.0765
0.5947
1.3026
3.8794
10.6471
3.7378
2.3503
1.3026
1.5857
1.0477
2.0105
0.7929
0.5097
0.3681
0.2775
0.2209
2.4636
4.9838
10.1657
3.8228
1.6707
1.3309
1.1044
0.6230
1.1893
3.3131
1.3026
0.7929
0.4814
0.3681
0.3398
5.1253
4.3891
1.4442
0.6796
0.4814
0.3964
0.7079
0.3681
0.9345
0.5097
0.4248
0.3964
0.2832
0.4248
0.4531
0.2662
0.2209
0.1954
0.1841
0.1897
0.1699
0.1642
0.1501
0.1586
2.0388
0.7079
0.3964
0.2832
0.2322
0.8495
1.3592
0.5097
0.3115
0.2577
0.2209
0.9061
0.5663
0.3115
0.2464
0.2265
0.2152
0.1841
0.1727
0.1614
0.1472
0.1388
0.1303
0.1274
0.1218
0.1189
0.1161
0.1274
0.1218
0.1189
1.4442
0.4531
0.4531
0.4531
0.2832
1.6141
4.0493
0.5663
0.3398
0.2662
0.3115
0.2775
0.2095
0.1897
0.2039
0.1841
0.1642
0.1501
0.1416
0.1303
0.1218
0.1161
0.1104
0.1048
0.1699
0.2039
0.6796
0.4248
0.5947
0.3398
5.7483
1.9539
0.5097
0.4248
0.3398
0.2095
0.1699
0.5947
1.4725
1.6141
0.5380
0.2662
0.2039
0.8778
1.5291
0.4248
1.5574
0.5947
0.2152
0.1218
0.0934
0.0793
0.0736
0.0651
0.0708
0.0736
0.0623
0.0566
0.0538
0.0538
0.0708
0.3681
1.0760
0.4814
0.4814
0.2662
0.1614
0.1161
0.0934
0.0821
0.0736
0.0708
0.0651
0.0623
0.0623
0.0566
0.0566
0.0566
0.0538
0.0538
0.0510
0.0510
0.0481
0.0453
0.0425
0.0425
0.0425
0.0425
0.0510
1.3592
0.9628
0.2832
0.1642
0.1897
0.1303
0.1416
0.1303
0.0934
0.0793
0.0765
0.0793
0.0765
0.0708
0.0680
3.7661
9.8259
4.5307
4.3608
0.6513
2.4069
1.3309
0.4248
0.2832
0.2209
0.8778
0.4814
0.2520
0.2039
1.5008
1.0477
0.3964
0.2520
0.7646
0.6513
1.7556
0.4531
0.2775
0.3681
0.2520
0.2010
1.4725
2.3220
0.4531
0.2832
0.2322
0.2010
0.1727
0.1557
0.9628
0.8495
0.3398
0.2464
1.1610
1.2459
0.5663
0.3115
0.2662
0.2095
0.1812
0.1699
0.3681
0.2265
0.1926
0.1699
0.1416
0.1274
0.1274
0.1359
0.3398
0.3115
0.3115
0.1699
0.1331
0.1189
0.1133
0.1048
0.1161
0.2464
2.0954
3.8511
3.3980
1.0477
0.4531
0.2832
0.2379
0.2039
0.1784
0.1642
0.1472
0.1388
0.1274
0.1218
0.1274
0.2832
0.3964
0.2520
0.3398
1.6424
0.8495
0.7362
0.3964
0.2577
0.5097
0.5097
0.5947
0.2832
0.2039
0.1897
0.2152
0.3964
0.2520
0.1784
0.1614
0.1642
0.1416
0.1274
0.1189
0.1133
0.1048
0.0991
0.0934
0.0934
0.0934
0.2067
0.2718
0.1642
0.1104
0.0934
0.0850
0.0793
0.3681
0.3398
0.2718
0.3115
0.2039
0.2152
0.2718
2.0105
0.3115
0.1727
0.1161
0.0850
0.0708
0.0623
0.0595
0.0793
0.0906
0.0680
1.3309
0.5663
0.1699
0.1161
0.0906
0.0793
0.0680
0.0623
0.0595
0.0623
0.0651
0.0680
0.0595
0.0510
0.0425
0.0425
0.0396
0.0510
0.0481
0.0453
0.0453
0.0453
0.0425
0.0425
0.0425
0.0425
0.0595
0.0623
0.1133
0.0453
0.0396
0.0340
0.1812
0.0963
0.0708
0.0934
0.0680
0.0566
0.0538
0.5380
0.3681
0.1303
0.0934
0.0991
0.1444
0.0878
0.0991
0.0651
0.0623
0.0623
0.0595
0.0566
0.0566
0.0538
0.0595
0.0538
0.0538
0.0538
0.0793
0.1104
0.1614
0.1019
0.1388
0.0878
0.0934
0.0736
0.0623
0.0595
0.0680
0.0623
0.0708
0.0623
0.0538
0.0538
0.3681
0.2124
0.1104
1.6141
3.0016
1.2743
0.4531
0.2775
0.5947
0.1331
2.5202
0.2832
0.0708
0.1048
0.0481
0.0963
0.0708
0.0238
1.7556
0.3398
3.2564
3.6812
0.5380
0.2718
0.9345
0.7079
0.2379
0.1614
0.1388
0.1189
0.0991
0.1161
0.4531
0.2322
0.1161
0.0906
0.0765
0.0708
0.0623
0.0595
0.0538
0.0510
0.0481
0.0481
0.0481
0.0425
0.0425
0.0538
0.5663
0.0623
0.0481
0.1076
0.5947
0.2520
0.1331
0.1048
0.1784
0.1218
0.0991
0.0906
0.0765
0.0736
0.0736
0.0708
0.0680
0.0651
0.0623
0.0623
0.0595
0.0566
0.0538
0.0538
0.0538
0.0538
0.0510
0.0510
0.0510
0.0510
0.0566
0.0510
0.0481
0.0481
0.0481
0.0481
0.0481
0.0623
0.0538
0.0510
0.0481
0.0481
0.0481
0.0453
0.0453
0.0425
0.0425
0.0425
0.0425
0.0510
0.0011
0.0566
0.0850
0.0042
0.0023
0.0020
0.0017
0.0017
0.0017
0.0017
0.0017
0.0014
0.0014
0.0014
0.0011
0.0011
0.0011
0.0011
0.0011
0.0014
0.0014
0.0014
0.0014
0.0014
0.0017
0.0017
0.0065
0.0159
0.1586
0.2180
0.0227
0.0201
0.0085
0.0085
0.0085
0.0085
0.0099
0.0113
0.0170
0.0340
0.0510
0.0850
0.1359
0.1841
0.0425
0.0275
0.2124
1.4158
0.9061
0.6796
1.8689
0.5380
0.5947
0.4531
0.2832
0.2152
0.2209
0.2152
0.1727
0.1557
0.2577
0.3681
1.0194
0.4531
0.9061
0.4248
0.2322
0.1897
0.2209
0.2209
0.3964
0.2039
0.1642
0.1416
0.1331
0.1274
0.1218
0.1189
0.1218
0.4814
0.6796
0.2379
0.3398
0.7929
0.4814
0.7362
1.8406
0.9345
0.3681
0.5663
0.5663
0.2832
0.2265
0.1954
0.1784
0.1784
2.7184
0.7362
0.3681
0.5380
0.7646
0.3115
0.5663
0.4814
0.4531
0.7362
1.1610
1.0194
0.3398
0.2718
0.2379
0.4248
0.8212
0.3398
0.2577
0.2209
0.5097
0.6513
2.9733
2.1238
0.5380
0.3398
1.1327
0.9061
0.7079
0.5380
0.4248
0.3398
0.3115
0.2832
0.2832
0.2832
0.2832
0.2775
0.2775
0.2775
0.2718
0.2662
0.2520
0.2520
0.2464
0.2520
0.5663
0.3115
0.2832
1.3592
1.1044
0.4814
0.3398
0.2718
0.2265
0.2577
0.2662
0.2775
0.3398
0.4531
0.2832
0.6513
0.5097
0.4248
0.3398
0.2350
0.2152
0.1557
0.1472
0.1699
0.1472
0.1416
0.2747
0.8495
1.1610
0.2492
0.8495
0.6230
0.8212
1.5008
0.6230
0.3681
0.3115
0.2832
0.3115
0.4814
