1.4725
1.5008
1.3875
1.3875
1.6141
1.7556
1.4725
1.3875
1.3592
1.3592
4.2192
2.2370
2.0954
2.0954
7.1358
2.4636
2.8034
9.0331
3.1998
2.1804
2.8034
1.9822
4.7289
7.3057
17.8679
4.4174
2.5768
2.8034
6.6545
5.5218
4.5873
5.5218
2.8034
2.8034
2.1521
2.8600
2.4919
1.8972
1.6424
2.0671
1.9255
14.1867
5.6634
3.1432
2.9733
5.8616
4.7289
4.9554
12.0913
7.7871
5.0687
2.4069
1.9822
2.0671
2.5485
1.8972
2.3786
5.0404
2.4069
4.3042
9.3446
10.5056
6.0881
2.9733
4.7006
3.4263
3.2281
2.4069
1.9255
1.7273
1.6424
1.5857
1.5574
1.5008
1.5008
1.5291
1.4158
1.5008
1.9255
10.3356
6.6545
4.1626
2.0954
1.7840
1.6141
1.5857
1.6141
1.6424
1.8406
1.8406
1.6141
1.4158
3.0582
2.6618
1.9255
1.6424
1.5291
1.5008
2.2370
1.5291
1.4158
1.5008
1.7273
1.5291
1.6424
1.3875
1.3875
1.3875
1.3592
1.3309
1.3309
1.3309
1.3309
1.3026
1.4158
1.3875
1.3875
1.3309
1.3026
1.3026
1.3026
1.3875
1.3026
1.2743
1.2743
1.2743
1.2743
1.2743
1.3026
1.4725
1.6990
2.5768
1.4158
1.3026
1.3026
16.5937
13.0541
3.8511
6.2580
4.8139
3.5113
8.0137
5.0404
3.0299
2.0671
1.8972
5.5501
2.5485
1.6990
3.4547
4.3325
2.0954
2.0105
18.5192
30.5822
10.8170
20.0766
4.5590
2.5768
1.9822
1.7273
1.5857
1.6141
1.7840
1.9822
2.3786
1.6990
5.8333
3.5962
2.2370
2.0954
1.7840
1.9255
2.2653
3.6246
1.6424
3.1998
6.5695
5.5501
5.0687
4.3891
1.8972
1.7273
1.2459
1.2176
1.0760
1.0194
1.0194
1.0194
1.2176
1.0194
1.2743
1.1610
1.0194
2.0671
1.9822
3.5962
1.7840
2.0105
1.8406
2.5768
1.2743
1.1044
1.2176
1.6707
1.1044
1.0477
1.0194
1.1044
1.4158
1.7840
2.1521
2.3220
2.0105
1.3026
1.1610
1.8972
1.4725
1.1610
4.1626
2.0105
2.4069
7.1075
2.3220
1.4158
1.2176
1.5574
4.9838
20.4448
10.6755
4.6440
4.3325
2.4636
1.6990
1.4158
1.3309
3.1998
3.0299
1.8406
1.5574
1.4158
2.3786
1.8972
1.4442
3.1149
2.8034
6.1448
3.7378
3.1432
5.1253
4.0776
4.2192
2.0954
3.6246
6.0032
19.0572
3.5396
2.0105
1.6424
1.5008
4.8988
1.7273
1.9822
1.7556
2.2653
2.5485
1.5008
1.3309
3.4263
2.0671
1.4158
1.3026
1.3026
1.2459
19.7085
6.7960
2.1804
3.8228
3.5396
2.2370
2.0671
1.5857
1.4158
1.3026
1.2176
1.1610
1.1327
1.1044
1.0760
1.0760
1.0477
4.2192
1.8972
1.4158
6.4279
2.4069
1.6424
1.3875
2.0954
1.3875
1.2176
1.1610
1.5008
2.7467
1.3592
1.3592
1.2176
1.1044
1.1893
1.6707
1.2176
1.1044
1.0477
1.0194
1.0194
1.0194
1.3592
6.1448
3.0582
2.7184
7.0226
3.2848
1.5291
1.3026
1.4158
1.5291
24.9755
14.4699
2.8034
2.3786
6.0881
2.5485
16.1689
14.7248
4.7006
3.6812
12.9974
15.6026
10.1657
6.4846
5.8616
6.2580
6.0032
4.3042
2.8034
2.1804
1.8972
1.5857
1.4725
1.3592
1.3309
1.4725
1.3026
1.2743
1.2743
1.3026
1.1610
1.1044
1.0760
1.0760
1.0760
1.0477
1.0194
1.0194
1.3026
1.5291
2.1521
2.0671
2.0954
1.8406
2.0954
3.6812
2.4636
4.5873
7.6739
4.9554
2.3220
1.8972
1.5574
1.4158
1.8972
3.5962
1.6424
1.5008
2.2653
2.5768
2.5485
1.6141
1.7840
1.3875
1.3026
1.3026
1.3026
2.0105
9.3729
2.8883
1.6990
1.5008
1.3875
1.3309
1.3026
1.2459
1.2459
1.2743
1.2459
1.2176
1.1893
1.1893
1.4158
3.5396
1.6990
1.3026
1.2176
1.1610
1.1610
1.1610
1.1327
1.1327
1.2743
2.0671
1.3026
13.6204
38.2277
9.7127
16.8768
3.9927
19.3121
6.3147
18.5759
37.3782
36.5287
20.5863
27.8071
5.5218
5.9465
4.4741
8.9764
4.2475
11.5533
6.8810
7.3624
2.9450
2.0671
1.7840
1.6424
1.5574
16.4238
5.3519
2.4069
1.9255
1.6990
2.0671
6.4279
9.5994
6.9659
18.7458
7.7588
4.7289
10.9586
13.5921
3.5113
2.1521
1.8972
1.9255
1.6707
1.5857
7.5323
35.6792
5.5218
3.8511
4.9838
3.0299
3.5113
4.7006
2.0954
2.8883
21.2093
3.1149
2.2370
1.9822
1.8406
4.3042
2.6335
2.0105
1.8972
1.8972
2.0671
2.6618
5.9182
10.1657
6.3996
2.9450
24.8339
22.6818
6.1448
3.2281
2.8034
4.3891
13.9602
5.1253
4.3891
3.9927
2.5768
4.2192
5.4368
4.1626
3.7378
2.4069
6.8244
9.3729
5.6634
6.1448
2.9733
2.4069
2.0671
1.8972
1.7273
1.8406
3.2281
2.6335
1.9255
2.4636
9.2879
4.7855
5.4368
5.3802
8.0986
4.8139
2.5768
11.3551
4.8988
3.2281
2.7184
2.1804
1.9822
1.8972
3.9927
3.2281
3.5113
2.4069
2.0105
1.8972
2.6335
2.2370
3.1998
4.3325
2.5485
5.6917
4.4174
5.1253
3.2281
2.6618
3.1149
2.9733
2.4069
1.8972
2.0105
1.6990
1.8972
4.2192
1.6990
3.4263
2.5485
1.6990
1.6424
1.6141
1.5857
1.5574
1.6141
2.1804
3.0582
2.0105
1.9822
1.9255
2.8034
3.8228
1.7273
2.0954
1.5857
1.5291
1.5008
1.4725
1.5008
1.4158
9.9392
12.2612
3.9927
13.3089
57.4832
5.5501
7.8438
5.8333
7.1075
24.8905
15.0362
8.1553
6.6545
15.2345
8.8065
9.1463
4.8139
2.5768
2.0954
2.2370
2.4636
4.2475
1.8406
3.2848
6.3430
2.4919
1.8406
1.6424
1.5857
1.5857
1.5291
1.5008
1.5857
2.0671
1.5857
1.5008
1.4725
1.4158
1.4158
1.4158
1.4158
21.0394
17.3016
28.6000
9.2030
2.7467
2.1804
1.9255
1.7840
1.6707
1.6141
1.5857
17.8679
4.7289
2.4919
2.1521
1.9255
1.8972
1.6990
1.6141
1.5574
1.5291
1.9822
1.6141
28.2602
32.2812
13.2806
3.5113
11.6949
5.0404
2.5768
2.0954
1.8972
1.7273
1.6424
1.5857
1.5574
3.7378
36.2456
22.5119
9.6277
2.8034
2.9450
4.1626
2.4069
2.5485
1.2743
1.1893
1.1610
1.1044
1.4442
4.9838
1.7273
1.9822
4.1059
3.8511
2.9450
1.4158
1.2176
1.5857
1.6990
1.3026
1.1044
1.0760
11.0719
3.6812
2.1804
1.6990
2.0671
2.5485
2.8883
3.1149
2.8034
13.1957
31.9980
97.1268
51.8198
21.4075
7.5889
2.6618
3.8228
4.2192
3.1432
4.9554
6.2297
7.8438
6.1448
5.6067
5.2953
7.3624
3.0582
5.5218
5.4368
9.6277
3.8511
4.2475
3.0582
7.3057
3.9927
4.5024
8.5800
4.5024
6.4279
5.4652
4.2475
5.9182
4.1059
2.4069
2.0105
2.3786
1.8972
1.7273
1.6424
1.7273
1.6707
1.6141
1.5574
1.5857
1.5574
1.5008
1.5008
1.4725
1.4442
1.4442
1.5008
1.5008
1.6990
2.4069
1.7840
1.5574
1.4442
1.4158
1.4158
6.3996
13.5355
20.3598
5.5501
3.1998
2.3220
1.8972
1.8972
1.7840
1.6141
1.5574
1.5008
1.5008
1.4442
1.4158
1.4158
1.4158
1.6707
1.5574
1.4442
1.5574
1.4158
1.4725
2.4069
1.5857
1.9255
1.8406
2.3220
1.6707
1.4725
3.4263
10.2507
2.7467
2.3220
1.8406
1.6424
1.9822
1.6990
1.5574
1.5008
2.1804
2.0105
1.7556
2.1804
2.3220
1.6141
1.6141
1.6424
1.5574
1.6141
1.5008
1.4725
1.5008
1.7556
1.5008
1.4158
2.3786
2.4919
11.7515
3.9077
3.3414
2.5485
2.2370
1.7840
2.0954
1.6707
1.4442
1.4442
1.3875
1.3875
1.4158
1.3592
2.1804
4.2475
1.6990
1.7840
2.2653
7.7022
4.3891
6.3430
4.1059
3.2281
3.3414
5.5501
6.8244
41.0594
13.1957
4.6440
2.4919
2.0671
5.2953
2.8600
2.4636
1.9255
1.6990
1.6141
1.8972
1.6707
1.5574
1.5008
1.4725
3.5396
2.3220
17.6980
10.1941
3.5113
3.2848
3.2281
2.9733
1.9255
1.7840
1.6990
8.8915
2.7184
3.9077
3.9927
4.5873
2.3786
1.9255
1.6990
1.6707
1.5857
1.5291
1.5008
1.7273
1.6990
1.7840
1.5574
4.3891
4.1059
1.9255
1.7840
1.6141
5.0687
2.6618
1.9255
1.6990
1.5857
1.5574
1.5008
1.7556
8.5800
2.0954
1.7840
1.5857
3.1149
1.9822
1.5857
1.5291
1.4725
1.4725
3.2848
12.4877
4.5024
5.2103
2.3220
2.0671
4.3042
1.9255
1.6990
1.7840
1.5857
1.5574
1.5008
1.5008
1.4725
6.8244
17.6980
2.9733
2.6335
2.0671
11.8364
7.6172
2.9450
2.0671
1.7840
1.7840
1.7840
1.5574
1.5008
1.4725
1.4442
1.4158
1.4442
1.4725
2.1521
2.1804
1.7840
1.7840
2.4919
1.9255
1.6990
1.5574
1.5008
1.5291
7.6739
3.5113
2.6335
3.5396
1.9255
2.2653
1.7840
2.2370
8.1553
2.8883
3.2848
18.6042
6.0315
3.2848
2.4919
2.7184
3.2848
2.0671
1.9255
1.7840
2.7467
1.7840
1.7840
1.5291
1.6424
1.5291
1.8972
2.3786
2.0954
1.7840
4.0210
2.8034
1.9822
1.5291
1.5857
1.4725
1.3875
1.4442
1.4725
1.4442
1.5008
1.3592
1.3026
2.0105
2.4919
1.7273
1.4725
1.8972
1.5857
3.9077
1.8123
1.5291
1.6424
1.5857
1.4158
1.3875
1.3592
1.3309
1.3309
1.3026
1.4442
1.8406
2.1804
1.5291
1.8123
1.4158
1.3309
1.3026
1.2743
1.2743
1.2743
1.2743
1.6424
1.6990
1.8123
3.3414
4.4174
1.9822
1.5008
1.3875
2.3503
11.1285
29.4495
3.7945
2.3503
4.4741
2.3786
1.8123
8.7499
4.0210
2.3220
2.0105
1.8123
1.7840
1.6707
1.5291
1.4725
1.4158
1.4158
1.4158
1.6707
1.5857
1.5291
1.8972
1.6141
1.9822
2.1238
1.6707
1.5008
1.5008
2.0954
1.8689
2.0671
2.1238
1.5291
2.4636
3.2281
2.7467
2.5768
6.2580
2.7751
1.9539
2.6901
3.1998
8.4951
7.7022
24.9755
13.4505
3.0582
6.2580
4.3325
8.5800
5.3519
2.5768
2.7467
2.6901
12.8842
3.5962
2.4919
1.9255
2.0388
1.8972
1.6141
1.5291
1.4442
4.1626
3.4263
3.0865
4.3608
2.6051
10.3923
7.8721
10.3923
15.5176
23.0499
9.8543
3.0865
2.4919
2.2653
1.8123
1.8406
1.9822
1.6141
1.5008
1.4442
1.4442
1.3875
1.3875
1.4442
1.7273
1.5008
1.5574
1.4158
1.3592
1.4158
1.4158
1.4442
1.4158
1.3309
1.3309
1.3309
1.3875
1.4442
1.8123
2.8600
2.6901
2.3786
3.2281
26.0515
6.9093
9.9109
20.1899
4.2475
2.6618
3.1715
2.9733
1.9255
1.6707
1.6141
1.5574
1.5291
16.2539
5.4368
15.7158
13.1957
6.7960
7.5040
10.8737
16.7919
3.5962
2.3503
1.9255
2.3220
2.0671
1.8123
1.6707
1.6141
1.5574
2.0954
2.1521
3.2281
2.0671
1.8123
1.7273
3.0582
2.9450
3.2848
9.0331
5.5501
7.8721
3.2564
3.9927
2.1238
4.0210
10.8737
2.8883
3.0299
1.8972
1.8972
3.7378
4.3608
2.6901
2.4919
5.6067
3.0865
3.6529
2.7184
1.8406
1.9822
2.1238
1.6707
2.7751
2.6901
2.0388
1.6424
1.5291
1.4442
2.0954
6.0881
3.6529
2.4352
1.7273
1.9255
2.0388
3.0016
3.4263
5.2953
1.6424
1.4725
1.3875
1.3592
1.3309
1.3309
3.4263
25.2020
27.1275
7.5040
3.8511
2.6618
3.3131
3.0582
3.1715
3.1432
4.3042
4.3608
4.0493
3.9644
2.4352
2.6901
1.9255
1.5574
5.5218
3.9077
2.3220
3.3131
4.0776
2.0388
18.8873
4.0776
2.5768
2.0388
1.7273
2.2937
1.9822
1.8972
5.2953
4.8139
7.3057
2.7184
2.0105
1.6990
2.5768
1.8406
1.6990
1.5291
1.7556
1.6707
1.4725
1.4158
1.3875
1.3309
1.3309
1.6990
2.0388
2.5485
4.7855
4.1343
2.8317
2.0388
1.6990
1.8972
1.7273
1.4442
1.3875
2.6901
2.2653
2.5485
1.7840
1.5857
1.4442
1.7556
3.3414
1.7840
1.5008
1.4442
1.3592
1.3309
1.6990
2.9166
12.8275
2.9450
2.0105
1.6141
1.4725
2.2370
1.7840
1.4442
1.3592
1.3309
1.3026
1.2743
1.2743
1.2743
1.4442
3.8511
7.0509
3.7661
5.2103
31.7149
12.4028
4.8139
3.8794
3.1149
3.0582
2.7751
2.4352
5.9182
3.8228
7.3624
6.9093
7.2208
3.9927
3.5679
2.5485
3.0299
4.3608
5.6067
4.8705
2.7467
2.3503
4.5590
3.6529
2.4352
1.6990
1.5291
1.4442
1.4442
1.4158
1.3309
1.3026
1.2743
1.2459
1.2176
3.5113
29.4495
13.4788
3.5396
3.0299
2.0671
4.0776
2.4069
2.2087
2.0105
1.6990
1.6424
1.6141
1.5291
3.9077
2.0388
1.5291
1.3309
5.2103
3.6812
5.9182
3.7945
3.3414
2.2653
1.5574
2.2370
17.4715
14.9513
3.3131
2.2087
1.7273
3.3131
6.6545
3.8228
4.2758
2.2087
3.1432
5.1820
9.4578
4.0776
10.8737
19.6236
6.1448
3.4263
2.7751
2.0954
1.7556
12.5160
3.6529
3.7945
2.6335
2.4069
2.1804
1.9539
1.5857
1.5291
18.3493
12.9974
8.8065
3.9927
4.1626
8.0137
5.8333
16.8202
5.4368
16.0273
4.7006
4.3042
3.5113
7.5889
4.0210
3.7945
4.3042
6.0032
3.4547
4.0493
3.9360
20.2465
13.2240
10.0808
3.7661
3.9077
2.9166
3.9927
3.1149
5.3802
5.2669
6.8810
2.2937
2.2653
2.0105
1.7556
2.2653
2.0388
2.6335
1.5574
1.6424
2.1238
1.4725
1.4158
1.5291
1.4442
1.3592
1.3309
1.3309
1.3309
1.3026
1.3026
2.9166
31.1485
4.8705
2.7751
5.4368
3.2281
2.0954
1.7273
1.5857
1.4725
2.1238
4.2192
1.9539
2.2087
1.7556
2.3503
13.6204
4.5873
3.3980
2.3220
2.3503
1.9255
8.1553
24.8056
3.9077
3.0865
3.4830
2.2087
1.9539
1.6707
1.5574
1.4725
1.4158
1.3875
2.4919
1.6990
1.5291
1.4442
1.3592
3.3697
6.7111
6.6545
3.5962
2.8883
2.5485
2.4069
2.6335
2.1521
1.7840
4.0493
2.2937
1.9255
2.6901
3.9077
2.7467
2.6901
3.4547
3.1715
2.8883
7.1075
9.9109
4.2475
4.6440
2.6618
2.0954
1.9255
3.4830
30.5822
11.5533
14.1018
5.4652
4.1909
6.7111
14.7531
18.3210
10.5622
6.7394
9.5428
2.7751
3.8511
4.0493
2.9450
6.6261
4.4741
2.7751
2.1804
1.2743
1.2459
3.5113
1.8406
1.5574
2.4352
2.3220
2.5768
2.0105
2.3503
1.6990
1.4442
1.3309
1.2743
1.2459
1.2176
1.2176
4.3891
7.5040
2.4919
1.6707
1.9539
1.8406
1.5008
1.3309
1.2743
1.2459
1.4158
1.3875
1.2176
1.2176
2.8034
8.5800
3.2281
4.1059
3.5962
2.4636
1.7273
1.5008
1.5857
1.6424
1.5291
1.3592
1.3026
1.5857
2.1521
1.4442
3.1998
2.9450
1.9255
1.9822
2.1804
1.8406
2.0388
1.6707
1.5008
1.8689
7.5040
8.1553
4.3325
3.5113
3.7378
3.1998
2.0388
1.6424
1.4442
1.3592
1.3309
1.2743
1.3309
1.6707
1.3309
1.2459
1.5857
3.3697
3.4547
1.5008
4.4741
2.3786
1.8406
1.5008
1.8689
1.6707
1.4725
1.3592
1.3026
1.2459
1.1893
1.1610
2.2653
2.5202
1.6707
1.3309
1.1610
1.1610
2.4636
1.4442
6.0315
10.7887
3.0016
1.7840
1.7273
1.4725
1.1893
1.0760
1.0477
6.8810
27.1559
5.2669
2.2653
1.6990
1.5857
1.3875
2.0671
2.7467
11.3551
2.2937
1.7273
1.5857
1.6141
2.2370
3.7378
12.6576
2.9450
2.3220
1.7556
1.5291
1.4442
2.0671
1.5857
1.5008
1.9822
1.3026
1.1893
1.1610
1.1327
1.1044
1.0760
1.0760
1.1044
1.1044
1.0760
1.0760
1.0760
1.0760
1.1044
1.3026
1.3309
1.1044
1.0477
1.5008
1.3875
1.8689
1.2176
1.0760
1.1610
5.9182
1.8689
1.5857
1.4442
2.2937
1.7840
1.2176
1.3309
11.6665
41.0594
78.4377
26.6462
7.9287
3.7945
3.1715
13.7903
12.8842
4.5024
3.5113
3.5962
7.8438
5.5501
3.6812
3.3414
16.2539
7.0226
4.3891
2.1238
9.1180
6.5412
10.2507
2.6335
2.2653
2.8600
1.7556
1.5574
1.4725
1.4725
1.4158
1.4158
1.3592
1.3026
1.4158
2.6051
1.7273
2.7467
2.8317
1.7840
3.3131
3.7945
5.4652
1.9255
1.5291
1.9255
6.0881
1.6990
1.4725
1.3875
1.4158
1.5291
1.4158
1.6424
1.4725
4.7855
1.5574
4.1626
7.1925
2.2370
1.7273
1.6424
1.6424
1.8406
5.0404
2.3503
2.4352
1.4442
1.3309
1.3026
1.3309
1.3026
1.2743
1.2459
1.8123
1.4158
1.3026
1.2743
1.2459
1.2176
1.2176
1.2176
1.2176
1.2176
1.2743
1.3875
1.2459
6.9659
3.6529
1.9255
1.4725
1.4158
1.5574
1.5574
2.3786
2.3786
1.4442
1.3309
1.2743
1.2176
1.3026
1.4158
1.2459
1.2176
1.1893
1.1610
1.1893
1.1610
1.1610
2.8600
8.8065
8.8349
20.8129
37.3782
28.3168
23.7862
4.1909
3.0016
3.2281
7.1075
3.3131
3.5113
2.3220
1.9539
3.9644
3.3697
2.7751
2.6335
2.6051
6.7394
9.4295
3.5679
2.7751
1.9255
3.2848
1.9255
1.5857
1.5008
1.8123
2.1521
1.5574
1.4158
1.3875
1.3026
1.3026
1.2743
1.2743
1.6141
2.1521
1.5574
4.8988
3.5113
7.9287
10.5905
4.3042
5.4652
3.5113
2.4919
2.8883
3.0016
1.6990
1.9822
2.9166
6.0315
3.4263
21.4075
6.5412
4.2192
4.2475
6.4846
10.5056
4.5024
3.0865
2.7751
6.8810
3.4263
13.8469
45.5901
32.2812
14.4982
7.5323
5.9182
3.0865
2.5485
2.1238
2.5202
1.7556
1.7273
4.6440
4.1059
3.0865
7.1925
3.5962
2.9733
3.5396
6.0315
8.7216
3.9644
3.1715
5.5218
7.2774
11.5250
4.0210
3.1998
2.2370
7.8438
8.1553
8.6650
3.7095
3.1715
2.9166
2.0671
1.7556
1.5857
1.5291
3.7945
1.9255
1.6424
4.0493
5.1253
4.0210
3.7945
2.7184
4.4174
6.6545
4.4741
6.4279
7.1075
5.2669
4.0776
17.9529
36.8119
21.0394
27.8071
20.8978
19.0856
22.2854
11.4683
24.0410
19.5386
8.9764
5.7483
4.5873
6.6261
5.3802
2.9733
4.5873
5.8616
5.4368
4.5590
6.5695
3.8228
4.0493
14.3283
4.1909
3.2281
23.5313
11.5250
4.6440
3.4547
2.8034
2.4069
3.1998
2.6051
2.1804
1.8972
1.7556
1.6990
1.6707
1.7556
4.2758
25.4002
30.0159
22.7667
19.3121
28.8832
7.3907
17.6131
5.4368
17.4432
17.5564
6.0315
4.8705
4.8705
12.4028
4.4174
3.3697
2.8034
2.9166
2.8034
2.2937
4.1909
2.6335
2.4069
3.9927
4.4174
2.1238
6.7111
9.9392
3.8794
3.2848
11.6949
15.2061
4.1343
4.2758
8.0986
3.5679
2.8034
2.5202
2.8317
2.0105
1.8689
1.9539
3.4263
1.9539
3.2281
4.7006
1.8972
1.7840
2.1521
2.2653
3.8228
2.8883
3.4263
2.1521
1.8972
12.4028
13.2806
19.4820
8.9481
11.3834
5.2669
6.0881
3.6529
2.9733
2.9733
2.4352
2.0105
1.8689
1.9255
1.7556
1.6707
2.3220
2.6051
2.1804
2.3220
2.4352
4.6440
3.9360
3.0865
2.4069
1.9822
1.8689
6.8810
6.9659
3.6529
2.8034
2.2370
1.9255
1.7556
1.7273
4.5590
2.8034
2.2653
2.0671
1.9255
1.7556
1.6707
1.5857
1.5574
1.5291
1.5008
1.5008
1.4725
2.5768
2.1804
2.0671
1.7273
1.5857
1.6707
2.4069
13.3656
5.6917
2.6618
1.6990
1.4158
1.3592
1.5008
1.3592
1.3592
2.4636
5.6067
2.8034
1.9255
6.3996
2.6618
15.5459
4.0776
2.4919
3.8511
4.0776
8.0986
3.7378
2.9733
2.1804
1.9822
1.6990
1.9255
1.7840
7.7022
6.1448
4.9838
12.4028
5.2669
13.8469
5.5218
2.8600
8.2402
4.4741
3.9927
3.8228
3.7378
2.0105
1.7556
1.8406
6.5412
20.7562
20.9828
23.8428
7.3624
2.8883
2.8883
12.7426
39.3604
4.3325
2.8883
2.9450
3.1998
4.3325
4.8139
6.2580
3.9360
2.2653
2.0671
17.9529
4.9838
3.5396
4.3891
10.4772
35.1129
5.5218
4.8988
8.0703
15.0646
5.1253
3.0299
2.5768
7.2208
3.8511
5.7766
5.1820
3.0299
2.3220
6.4846
10.9869
4.9554
2.3220
1.9822
2.4636
3.4263
1.8406
1.7840
2.8883
3.8511
2.5768
4.0210
2.4919
2.5768
2.4919
2.7184
2.6335
1.7840
1.6707
1.5857
1.5291
1.5008
1.4442
1.5857
1.4442
3.3697
2.0105
1.5857
1.4442
7.5040
4.5590
4.5590
2.5485
1.9822
2.3220
2.3786
1.6990
1.7556
2.0105
1.6990
1.5857
1.5008
1.5008
1.4442
1.6141
1.7556
1.5008
13.0541
4.9838
2.5768
2.0105
1.7556
1.6141
1.5291
7.0226
26.3347
12.9974
4.0210
8.9764
4.7006
4.8988
7.6172
3.0582
2.2653
2.7184
2.6335
3.9360
5.7483
7.8721
2.8600
2.0954
1.8972
1.6990
1.5857
1.5291
1.5008
1.5008
1.5008
1.4442
1.4442
1.4442
1.3592
1.3592
1.3592
1.5008
1.4158
1.4158
1.3026
2.9733
3.5962
2.4636
1.5857
1.4442
1.4158
1.3026
1.3026
1.3026
1.3026
1.2743
1.3592
1.4442
1.1610
1.1610
1.1610
1.1610
1.1610
4.8988
3.9360
1.8689
1.5291
2.5768
13.9319
2.3220
2.9450
2.7751
39.0772
43.6079
8.1553
3.1432
2.3220
2.3220
2.4352
1.4725
1.3309
1.3026
1.2459
1.2459
1.1893
1.1610
1.1044
1.7273
2.8600
4.7006
2.3786
2.2087
11.7798
7.5323
6.8244
3.1149
2.4636
1.9539
2.0388
3.1998
11.6949
2.5768
1.7273
5.6351
3.3697
1.6707
1.5857
1.3875
1.3875
1.7840
3.4830
21.4359
7.9570
5.3802
4.8705
3.7095
1.9822
1.7840
1.6141
1.3875
1.3026
1.3875
7.0792
3.0016
1.6707
1.4442
1.3309
1.2459
1.2176
1.1610
1.1610
1.3026
1.2459
1.1327
1.1044
1.8123
5.3519
1.9822
1.8406
5.2386
6.2580
5.0970
9.1747
7.4756
21.8889
5.4652
9.4295
33.1307
20.4448
24.4941
12.6010
6.2580
17.8396
8.6650
6.9376
5.3802
3.6529
4.8705
3.0016
2.2937
2.4919
6.1448
22.9083
14.2151
3.4547
2.5768
2.0671
2.6335
2.2370
2.3220
1.8123
1.7273
1.5574
4.8139
2.4352
1.8972
1.7556
1.6424
1.5574
1.7556
1.5291
1.4442
1.4442
1.4442
1.4158
1.3592
1.3026
1.2459
1.2459
1.3875
13.7054
23.4463
10.2224
10.5905
15.7725
19.1422
15.0929
3.5113
4.8139
2.8034
2.7751
2.0671
1.8689
2.2370
2.0388
1.6990
2.8317
8.1553
3.7661
3.6529
2.8317
2.0671
1.9822
1.8123
2.9733
2.3503
2.3786
1.8123
1.6707
1.5857
2.9166
2.2370
1.6707
1.5857
1.5574
3.9077
1.9539
1.8406
3.4547
6.7111
30.8654
30.0159
9.8259
12.9974
25.0604
17.9812
6.8244
3.2281
2.8034
4.5590
1.8972
7.7871
2.2087
2.7184
1.8689
1.5574
2.4919
2.0388
2.0671
2.1238
1.7556
1.9255
1.5857
1.5008
1.4158
1.4442
1.3875
2.0388
6.2297
6.4562
3.6812
2.3220
2.2937
1.7840
1.5857
1.4725
2.6618
1.7840
1.5574
3.4547
2.3220
2.5485
8.0420
3.9927
2.8317
2.5485
3.1715
2.2087
2.2653
2.0388
2.5485
2.2653
2.1521
1.9255
1.7840
1.5857
1.4725
1.7273
1.5857
3.7378
5.2669
2.5485
3.4263
13.3939
23.0499
28.6000
67.3941
32.8475
24.6357
12.2329
13.0541
12.1479
17.8113
8.1836
5.8050
4.5873
5.4085
3.1432
23.9561
35.6792
56.3505
12.7143
5.0970
5.6067
4.9554
3.0582
8.5234
20.0200
5.4368
3.3697
3.0016
2.8034
3.9927
29.4495
24.8905
5.0970
3.2848
3.0582
3.5113
3.2564
2.8883
10.0242
3.7095
4.6440
3.5962
4.9554
6.5412
3.2564
3.0016
2.8317
2.4636
2.1238
1.9539
1.8689
1.8123
1.7556
3.0016
11.4966
3.7378
3.2281
3.0582
2.8317
3.9644
5.3519
3.3697
3.1149
3.0016
2.8034
6.0598
2.5485
1.8123
1.7556
1.6990
1.6990
1.6990
1.6990
1.9255
1.6990
1.5857
1.5857
1.5574
1.5574
1.5291
1.5291
4.5873
1.6424
1.6990
5.8899
2.0671
2.1521
1.8972
2.1521
6.0881
18.1228
2.7184
2.1521
1.8689
2.0671
1.7273
1.6424
1.6424
1.6990
1.6424
1.5857
1.5574
1.6707
1.7840
1.7273
1.5574
1.5291
1.5008
2.8317
3.1149
17.5564
7.1925
8.0137
4.9271
59.7485
14.8380
3.8794
3.8794
2.8034
2.2087
2.4352
8.3535
13.6204
20.3315
4.5307
2.8034
2.3503
7.9004
9.5428
3.6812
33.6970
4.2475
2.3503
2.0954
1.5857
1.4158
1.3592
1.3309
1.3026
1.2743
1.2459
1.2459
1.2176
1.1893
1.3592
6.0032
15.1212
6.9376
6.1448
3.1432
2.2937
1.7840
1.5857
1.4725
1.3875
1.3592
1.3309
1.3026
1.2743
1.3026
1.3875
1.2459
1.4442
1.5574
1.2743
1.2176
1.2176
1.1893
1.1893
1.1893
1.5291
1.5008
6.7960
8.7782
3.1149
1.9822
1.6990
1.5008
1.4158
1.6990
2.0954
1.5291
1.3875
2.5485
1.5857
1.4442
1.3875
1.3875
41.3426
77.5882
42.4753
20.0200
7.4756
31.7149
9.9958
3.8794
2.9450
2.5485
12.0347
3.8794
2.7184
2.1804
9.5994
14.6681
15.2061
5.8050
5.5784
4.2758
13.1957
4.0493
3.3697
3.5113
3.0016
2.8317
22.7667
16.0273
3.5962
2.7184
2.3503
1.9539
1.7556
1.6707
7.0509
5.1537
3.3697
2.7751
9.7410
7.1358
4.4741
3.1432
2.5485
2.1238
1.8406
1.6990
2.0954
1.6990
1.8972
2.0105
1.6141
1.5574
1.9255
1.8972
2.0105
2.4636
2.1804
1.7273
1.5857
1.5574
1.5291
1.5291
10.1657
15.3477
74.4733
79.5703
52.1030
11.4117
4.7289
4.5307
3.8511
2.7184
2.3503
2.0671
2.4919
2.4352
1.8406
2.1238
2.8034
9.4578
9.3729
7.0792
30.5822
66.5446
25.9382
19.6802
9.5145
5.0121
11.2701
7.3624
6.1448
3.9927
3.4547
4.7572
6.6545
21.4925
7.6739
4.7006
4.3608
3.3131
3.9644
5.2953
3.1149
2.3503
2.1238
2.0105
2.0105
2.1238
3.1432
7.7871
5.7483
3.4547
3.4263
3.1149
2.6051
4.9838
11.5533
6.5412
5.4085
5.0121
3.8794
6.2580
5.7766
69.0931
3.8794
3.8511
2.3503
1.9822
1.8123
1.7273
2.5202
3.6246
1.8689
5.6634
34.5466
9.8543
3.1998
2.3786
2.4636
2.0105
1.9539
1.8123
2.2370
2.1238
5.0404
2.7467
1.7840
1.6141
1.5857
1.5574
1.6141
1.7556
1.5574
1.4725
1.4442
1.4158
1.4158
1.3875
2.4069
2.6901
4.1343
5.2386
14.3000
2.3786
1.9822
1.7273
6.9093
2.4919
2.3220
2.7184
2.2087
1.6707
1.5857
18.3776
13.8753
6.2014
5.9749
6.1448
4.2758
2.7184
2.1238
1.8406
1.6990
1.5857
1.5857
1.5291
1.4725
1.4725
1.4442
1.4158
1.3875
1.4158
8.2119
4.5307
4.1626
3.1715
3.9644
2.4636
2.4352
1.8406
1.6707
1.5857
1.5008
1.5574
1.5008
1.4158
1.3875
1.3875
28.8832
7.6739
22.1721
24.2675
20.3598
7.8438
3.5113
4.7289
8.4384
6.5129
39.9268
7.2208
3.1998
2.9733
2.1238
2.3786
2.1238
1.8406
23.7862
4.4457
29.1664
13.7903
3.1998
2.4352
5.6634
3.2564
2.0671
1.8406
1.8123
1.6707
1.5857
1.9539
4.2475
1.9822
1.6707
3.7945
3.2848
1.6707
1.5574
1.4725
1.4158
1.4158
1.5008
1.4442
1.4725
1.4158
1.3592
2.5485
2.0671
1.4725
1.3875
2.6618
3.3414
1.9255
1.5291
1.4725
1.9255
1.4725
1.3875
1.3592
1.3592
1.3309
1.3309
1.5008
1.6707
1.3875
1.2743
1.2743
1.2459
1.2459
1.2459
1.2176
1.2459
1.2459
1.2459
1.2176
1.1610
1.3026
1.2743
1.1610
1.1044
1.6990
2.4352
1.3875
3.8228
2.2653
1.5008
1.4442
1.5857
1.5291
1.3592
1.2459
1.2459
1.2176
1.2459
1.2176
1.2743
2.1238
1.8406
5.0404
5.3519
1.6707
1.4725
1.6990
1.6424
1.3875
1.3875
1.3026
1.2459
1.2176
1.1893
1.1610
1.1610
1.1610
1.1610
1.1610
2.8317
3.4830
4.4174
3.4547
2.8883
1.9255
3.5962
2.4069
3.9360
8.9481
4.0776
4.8139
3.9927
3.9644
2.2937
1.8972
1.7556
2.0388
4.6440
4.6723
1.7273
2.5768
1.9822
1.5857
5.8899
8.2402
3.8511
7.1358
8.9198
7.2491
4.1909
3.9644
21.1244
5.9465
10.1374
6.7111
2.9733
5.8333
13.9319
2.6335
2.1521
2.5768
16.7353
7.2208
35.9624
14.8380
15.4893
5.9465
2.9733
2.8317
6.4279
6.1448
8.1836
3.2281
2.3503
2.1238
2.2087
2.0388
2.2937
2.5768
7.0509
36.5287
25.7400
6.7111
12.2046
23.3331
7.5323
14.4416
13.3089
7.0792
4.2475
4.7289
6.0315
3.9927
2.6335
2.0388
1.8689
2.1238
23.8145
5.8050
2.9733
4.0210
5.8616
2.4352
4.0776
3.6246
3.1998
6.7960
14.7248
12.6293
2.9733
2.2087
2.1521
9.5711
11.3267
3.9077
2.4352
2.0388
2.3220
2.8883
33.6970
18.0945
3.3131
2.3503
17.8113
7.2774
2.8317
2.2653
2.1238
1.9822
1.6990
1.5574
1.4158
1.3592
1.3592
1.3592
1.3592
1.3309
1.3592
1.7556
1.3875
1.3026
1.2743
2.8034
3.7378
1.7273
2.0105
8.8065
12.8842
3.2281
2.0388
1.6707
1.6707
2.8317
6.0315
8.9198
5.6067
2.7751
2.5485
5.8616
3.4263
5.4652
3.6812
3.7661
2.4352
2.0388
2.4352
1.9255
1.6707
1.5857
4.3608
7.9854
11.7515
3.9360
8.7216
4.6156
9.3162
25.4568
13.5921
4.0210
2.8034
3.5396
15.0929
9.2030
3.0582
2.0671
2.2087
1.7273
1.5574
1.5857
1.6990
1.4725
1.5291
1.5857
1.5291
1.8406
1.3875
1.3875
1.3309
1.4442
1.3309
5.4935
1.7840
3.5113
3.8794
2.0388
2.9166
2.9733
5.6917
6.2863
2.1804
2.3503
3.1715
5.0970
5.8616
2.3503
2.6901
1.8406
1.6141
1.5008
1.3875
2.8034
6.6261
4.0776
7.1925
4.9554
3.9927
2.6051
4.8422
3.0865
2.3503
3.1715
3.5679
2.9166
2.7751
4.5307
2.7184
2.6335
3.2564
17.7547
3.9927
2.4352
2.3503
1.9539
3.5962
2.2087
4.5307
2.1804
2.2937
1.6141
2.1238
4.0776
3.5396
7.8438
4.3608
5.2103
3.0016
3.8228
11.6099
12.4594
5.8616
4.0776
17.3865
33.9802
7.1925
3.5962
2.5202
2.9450
2.0671
1.8123
1.6707
5.4935
4.2758
5.3519
3.5962
2.4352
2.8600
2.1238
1.7273
4.8988
2.8600
2.0388
7.4756
7.5323
2.5768
2.1804
1.8123
1.5857
1.5008
1.4158
1.4158
1.3875
1.4158
1.3875
1.3875
1.3309
1.2743
1.2743
13.1673
2.6051
1.8123
2.7751
7.5040
2.4636
2.5768
2.1521
2.0388
1.6141
1.3592
1.9539
23.7862
9.8826
2.8034
1.8406
2.4919
6.1164
18.9157
2.6901
2.3220
2.8034
1.8123
1.4158
1.6424
1.3875
8.2968
5.1537
8.8349
2.6335
9.4012
4.3042
2.4636
2.1804
1.6707
1.3875
1.2743
8.0986
5.4368
15.2628
4.5024
2.0105
2.1804
1.5008
1.7840
1.8123
1.6707
1.5857
1.5291
1.4725
1.4442
1.4158
1.4158
1.3875
1.3875
1.3875
1.3875
1.3592
1.3592
1.3875
2.0671
1.3875
1.3592
1.3592
1.3592
1.3309
1.4725
1.3875
1.3309
2.3786
1.8406
3.1432
18.5759
3.1149
1.9255
1.6707
1.3875
1.3309
1.2743
1.2743
2.6335
1.3592
1.2176
1.1610
1.1610
1.1327
1.3592
1.3875
1.2743
1.2459
1.2743
1.3309
1.4442
1.4725
1.6990
4.9838
2.3220
7.3341
2.0388
1.7273
1.7840
2.0105
3.8511
6.0032
3.3414
11.6382
8.3818
5.7200
5.6351
9.8826
3.6246
3.2281
4.0776
5.3236
2.5485
1.9539
1.9822
4.2475
1.9822
1.5291
1.3875
1.4442
1.4725
1.4725
1.6990
2.0388
1.3875
1.5291
1.3875
1.3026
1.2176
1.4442
1.3875
1.2176
1.1610
1.2176
1.1893
3.7661
1.6424
1.3875
1.2743
1.2176
1.1610
1.1610
1.1327
3.0582
5.3802
3.5962
1.8406
1.5008
1.3309
1.2459
1.6424
1.3875
1.3309
6.4562
1.8123
1.3875
1.2743
1.2743
1.5857
1.3875
1.2176
1.5008
1.2743
1.2176
4.4457
2.0105
1.4725
1.3309
1.2459
1.2176
1.1610
1.1610
1.1044
1.1044
1.1044
1.1044
1.1044
1.1044
1.1044
1.3309
1.1610
1.9255
2.0954
1.3875
3.6812
7.9004
5.2669
5.2953
4.6156
2.2370
2.7751
9.4012
2.2370
1.8406
1.5574
1.3875
1.3592
5.5218
2.5202
1.6990
1.5291
1.5008
1.5008
1.5291
1.4158
1.4158
2.4352
1.9539
1.3592
12.8558
3.4263
2.3503
5.5784
12.5160
4.8139
2.2370
1.7840
1.8972
2.2087
2.1238
1.8406
1.8406
9.4861
2.6051
1.9539
6.8527
3.0016
8.6366
33.9802
17.6697
9.0048
4.4457
3.9644
11.0436
15.1778
5.3519
3.5679
5.5501
2.7184
5.0404
5.5218
4.8988
6.3996
8.6933
5.5784
2.3220
4.1909
12.6010
4.1626
2.2937
2.0388
1.6141
1.4158
1.3309
1.2743
4.0210
6.0315
1.7556
1.7556
4.3891
2.0388
3.4263
3.0299
2.5768
2.1804
1.5008
8.5517
4.9838
2.7184
2.0671
2.1521
2.6901
3.1715
2.4069
1.6707
1.8689
2.9733
7.1642
3.8511
1.7556
1.9255
1.7556
1.4442
1.4442
1.3026
1.2459
1.2176
1.1893
1.1610
1.1610
25.6267
16.5087
3.9360
2.3220
1.7556
2.3503
2.7467
1.5857
23.6729
18.1228
12.1762
10.4772
9.6277
9.0614
15.2911
12.1762
10.1941
9.9109
17.5564
12.4594
22.6535
14.7248
7.9287
5.0970
4.5307
3.9644
12.7426
8.2119
4.5307
9.6277
5.9465
4.2475
3.3980
3.6812
3.1149
2.8317
2.6618
2.5485
2.4069
2.2653
2.2087
2.1521
2.2653
2.0954
2.3786
2.3503
2.2087
2.0388
1.8689
2.4919
2.1521
5.6634
3.6812
1.9822
2.0954
2.2653
7.9287
5.9465
6.0881
2.9733
2.1521
2.5485
4.2475
6.2297
5.0970
3.3980
2.3220
2.8317
3.5396
2.8317
1.8689
3.6812
2.4352
2.0388
7.6455
4.2475
3.3980
9.0614
4.2475
3.6812
17.5564
21.2376
16.9901
9.3446
11.3267
2.3220
3.3980
3.2564
7.9287
10.4772
5.6634
6.7960
8.4951
4.5307
3.6812
3.3980
3.1149
4.1909
1.7556
1.5574
1.4725
1.4442
1.4158
1.5574
1.5291
2.1238
2.0388
2.7751
5.4935
1.6424
2.8600
2.0388
2.2937
3.4547
18.5475
24.5224
7.4473
4.3891
7.8721
2.3220
1.9822
10.3640
2.2937
2.1804
1.9255
1.6990
1.8406
3.0865
9.0614
2.2937
3.0299
15.0646
4.1343
2.1521
1.6990
1.6424
1.5291
1.5291
1.5857
1.5857
1.5857
1.5574
1.5291
1.5008
1.8123
2.1521
2.0388
4.1626
4.0493
3.2564
2.4919
1.7556
1.6707
1.5857
2.8600
2.1521
3.0016
1.7273
1.6707
1.5574
1.5008
1.4442
1.5574
1.5291
1.5857
1.4158
1.3875
2.0105
2.2370
2.9733
2.0671
3.2848
1.9539
1.5857
1.6424
1.9822
1.7273
3.0299
2.8034
4.1909
3.7945
17.4998
18.4909
4.8422
3.0299
2.4636
9.2596
11.2984
20.4448
12.8558
5.2103
47.0060
103.3565
23.2198
5.0404
2.9450
2.2370
1.9539
1.8406
1.7556
1.6424
1.8406
1.6990
1.5857
1.5291
1.4725
1.4725
1.4158
1.4158
1.5574
3.2848
1.7840
1.6707
2.8883
1.6990
2.0105
3.4830
2.4352
1.9255
2.2653
2.6901
7.7305
14.1018
15.9141
5.4652
3.3697
3.0582
15.5176
6.2297
4.7006
3.2281
2.2653
3.3131
6.1731
2.9450
5.4935
5.9465
5.5218
5.4368
14.2717
13.7620
18.5475
11.6949
3.8511
4.6156
6.8810
6.3996
2.8317
2.2370
2.0105
1.8689
1.7273
1.6990
1.7273
1.6707
1.6424
9.8543
5.4085
2.6335
2.3503
2.1238
13.4788
38.7941
45.3070
3.9927
2.4069
1.8689
5.0970
2.3220
1.8123
1.6707
1.5857
1.4725
1.4158
1.3875
1.7273
4.6156
4.9838
2.1521
5.6634
5.0970
2.3503
1.8123
1.6707
1.5574
6.7111
2.1804
1.7273
1.5857
1.4725
1.4158
1.3875
1.3592
1.3875
1.4725
1.9255
2.1521
1.6424
3.2848
2.2087
1.7840
4.4457
5.2953
8.4667
10.7038
5.0121
3.4547
6.5129
2.4069
2.2370
1.7273
1.9822
1.9255
3.2564
3.7095
2.0388
1.7840
1.4725
3.0865
37.3782
5.8333
2.6051
2.2087
1.3026
1.5291
1.5291
1.5857
2.0671
2.9450
8.4101
2.1521
1.5008
1.5008
1.4442
1.3592
1.3592
2.8317
1.6990
1.4442
1.3592
1.8406
5.3236
10.3073
1.7273
1.4442
1.3592
1.5291
2.2370
4.6156
2.8883
1.6990
1.4442
1.3875
1.3026
1.3026
1.4725
1.2743
1.7273
4.1909
6.8244
4.2475
6.1448
6.1731
3.5962
5.3802
2.3220
1.6990
1.4442
2.3220
2.3503
1.6990
2.1238
1.5008
1.5008
1.5857
1.8123
3.8794
15.4610
9.7410
26.1648
17.1600
2.7751
2.0954
1.7556
1.5857
1.5291
1.5574
1.5008
1.4158
1.3875
1.3309
1.5857
1.4158
1.4158
1.3592
1.3026
6.6545
7.9004
2.0954
1.6141
2.0954
1.5574
1.4158
1.3592
1.3026
1.3026
1.2743
1.2743
1.2459
1.2176
1.2176
1.2743
1.2459
1.2743
1.2459
1.7556
2.4919
2.8317
2.0954
1.4158
33.6970
25.9099
6.9943
5.0970
7.3341
2.8600
1.9539
1.6990
1.5857
3.4263
5.7200
2.2087
1.7840
1.6424
2.8883
5.1537
2.7467
1.8689
1.5857
1.5008
1.4442
1.3875
1.3875
1.3592
6.7394
7.9004
2.8317
1.9255
1.6141
1.9539
21.3792
28.8832
4.8705
3.2281
2.0954
1.7840
1.8123
1.5857
2.1521
2.0954
2.9450
7.5040
10.5339
4.9554
3.5962
2.2087
2.5485
5.3802
2.4636
2.1521
1.8406
1.7840
1.5574
1.5291
1.5008
6.6545
2.5485
1.8123
1.6141
2.2370
1.8406
1.7840
2.0388
27.1842
4.7572
2.6618
2.3220
1.8972
1.6990
1.5857
2.6051
8.4951
18.5192
10.9020
2.9733
5.2386
7.8154
5.6634
3.6529
4.4741
8.0986
17.8396
6.1731
3.5962
4.7572
20.9828
1.4725
1.6424
1.6141
1.7556
1.5574
2.0954
1.9255
2.0954
2.1238
1.6707
1.6424
3.2281
3.0299
13.9319
8.6366
2.6335
1.8972
1.6707
1.5291
1.6990
1.6990
1.6424
1.5574
1.4158
1.8406
1.8972
1.7840
3.0582
1.8972
1.5857
1.6141
1.4158
1.7273
1.6990
1.5857
1.6141
3.5396
2.7467
4.2192
1.7556
1.5291
1.4158
1.4158
1.4158
1.5291
2.4352
7.7588
2.8317
2.1238
1.8406
1.5857
1.4725
1.5857
1.4158
3.4547
2.2937
1.5291
1.4158
1.3592
1.5291
1.5008
1.3592
1.3309
1.3309
1.3026
1.3309
4.6440
3.3414
4.5024
1.6990
1.5291
1.4158
1.3592
1.3309
1.3026
1.7556
1.3592
1.3026
1.2743
1.2743
1.2459
1.2459
1.2176
1.2176
1.2176
2.0388
1.5008
3.8228
1.8972
2.8883
1.7273
1.4725
1.3592
5.1537
2.3220
1.5008
1.3592
1.3026
1.6707
1.3592
1.3026
1.6990
2.2653
1.9822
1.5857
1.3309
1.2743
1.4158
1.4158
1.3026
1.6424
1.3592
1.2743
1.2176
1.1893
1.2459
2.0388
1.3875
1.6990
1.4158
1.2459
1.1893
1.8123
1.6707
1.2459
1.2743
1.1893
1.1893
1.1610
1.2743
1.3026
1.1610
1.1327
1.1327
1.1327
1.1610
1.4158
9.2879
3.3697
1.7556
1.3875
1.2743
1.2176
1.1893
6.0598
12.9125
3.0582
3.1432
4.8988
6.0881
16.5370
5.3802
6.9093
12.9691
4.8705
5.2386
3.5679
4.6723
5.5218
5.0970
3.4263
11.4966
12.8842
15.8008
11.1285
13.8469
3.6812
5.1537
4.0776
6.0881
8.3535
5.8050
4.4174
3.7945
2.7467
1.9822
1.9822
5.8616
5.6917
3.6812
8.4384
3.8794
1.3309
1.3309
1.5008
1.8406
1.7556
2.4069
1.8972
2.3786
1.7556
2.1238
1.4442
1.2176
1.1893
1.2176
1.3309
1.6424
2.6051
2.1238
1.5008
2.0388
1.5291
1.2743
1.2743
1.2743
12.6010
5.6067
4.6723
6.0598
2.2653
1.6990
1.5574
2.2370
5.7200
10.0525
4.9271
5.8050
15.0929
5.1537
2.2937
1.8972
1.7273
4.3608
4.8422
5.0404
2.1804
2.4069
1.5574
1.4725
1.3592
1.3309
1.3592
1.3309
1.2743
1.2459
1.2743
1.1893
1.1610
1.1327
1.1327
1.1044
1.1610
1.2743
1.9255
7.4756
1.6424
1.2743
9.4295
2.3503
1.6141
1.3875
1.3309
1.2459
1.1893
1.1893
1.1610
1.1327
4.3608
6.5129
7.1642
4.0210
2.6901
2.4919
1.8123
1.4442
1.3592
1.3026
1.2743
7.8154
10.9020
2.0388
1.5857
3.1149
2.4919
1.7273
1.4725
1.3592
1.3309
1.2743
1.3309
1.5008
1.2743
1.2176
1.1893
1.1327
1.1327
1.1327
1.2743
2.6901
1.4442
1.2176
1.1610
1.1327
1.1610
1.1327
1.4725
1.2743
1.1610
1.1327
1.1044
1.1327
1.1327
1.1044
1.0760
1.0477
1.0477
1.0477
1.0477
1.0477
1.0194
1.0194
1.0477
0.9911
0.9911
0.9911
0.9911
1.0194
1.5008
1.0760
1.0194
0.9911
1.0194
0.9911
0.9911
0.9911
0.9911
0.9911
0.9628
0.9628
0.9628
0.9628
1.1893
2.3220
1.3026
1.0477
1.0194
1.2743
1.3592
1.0477
1.2176
2.6051
1.2743
1.3592
1.2743
1.0760
0.9911
5.5218
7.4190
2.0954
6.2297
3.5679
2.6901
2.4919
2.0388
1.6990
1.3875
1.5857
1.4442
1.2459
2.0388
2.9450
3.1432
1.5574
1.5291
1.4158
1.4158
3.0865
3.1998
1.4158
1.5574
1.6424
1.3875
1.3026
1.2743
1.3026
1.2743
1.2743
1.3875
1.2743
1.2459
1.5574
5.1820
2.3503
1.4725
2.2370
2.4069
1.5857
1.4158
1.3026
1.2459
1.2459
1.2459
2.7184
31.1485
6.3713
4.8705
17.6697
4.2475
2.1804
1.7556
1.5857
1.4725
1.4158
1.3875
1.6424
1.7273
1.5008
5.8333
12.9408
2.5485
1.8123
1.6141
1.4725
4.5024
3.5962
2.9450
2.0954
1.4725
1.3875
1.4158
1.4442
1.3309
1.2459
1.2176
1.7556
1.3875
1.2459
7.1075
1.6707
1.5291
7.3624
7.1642
2.2370
3.0582
6.1731
3.7378
12.3745
9.2030
8.9481
3.3414
2.4636
3.0582
3.3980
2.8317
2.2653
2.7184
2.8883
2.6335
2.0388
1.6990
1.5008
1.4158
1.5574
2.6335
1.5857
1.4725
1.4158
1.3592
1.3309
1.2743
1.3309
1.2743
1.3026
10.3356
2.6901
11.2701
8.0420
8.6366
33.9802
17.7263
5.5784
4.3042
2.6051
1.9822
2.6335
7.5040
12.3745
5.7483
3.2848
2.5485
2.1804
1.9539
3.1715
3.6246
3.4547
4.0776
2.9733
4.1626
11.6382
4.6440
2.2370
1.8123
3.4547
2.2937
18.0095
6.4279
30.2990
4.3891
3.8511
7.2208
14.9230
13.7620
18.1794
6.2580
5.6634
3.5396
2.3786
2.4352
15.9424
21.4359
16.5654
25.0604
6.6545
3.5113
2.3220
2.1521
1.8406
1.8406
1.8406
1.6990
1.5574
2.4636
1.6990
1.5857
1.5291
1.5291
1.5857
1.5291
1.5291
1.5574
1.6990
1.5857
2.0954
4.4741
2.5202
1.9255
1.5857
1.5857
1.5857
2.4919
1.8406
1.5857
1.5857
1.5291
1.5008
1.1893
1.1893
3.3697
1.5291
2.1521
1.2743
1.1893
3.5113
2.1521
1.3309
2.0105
1.5857
1.4158
1.7556
2.7751
1.6141
10.7321
1.8972
2.8883
3.7945
2.4919
1.6707
1.5008
1.4158
1.3026
1.2743
1.3026
1.2459
1.2176
1.4442
8.5517
15.7725
7.1075
3.6529
2.9733
2.7184
3.1998
2.2370
5.5784
3.0865
3.6246
2.0954
1.6990
3.0016
7.6739
7.0792
5.5218
4.5307
9.1747
3.5679
2.4919
1.9255
2.4352
4.5590
2.3786
2.0671
3.0016
2.6618
2.2087
6.2580
3.4263
1.8972
9.9392
3.6529
6.2863
3.8511
2.2653
1.8406
1.6424
1.8406
1.6141
1.4442
1.3875
1.6707
3.0016
1.7556
1.6141
1.3875
1.2743
1.2176
1.1893
1.1893
1.4158
2.3786
5.1537
6.3430
2.8317
2.9166
1.7840
1.5574
1.5857
1.6141
1.4442
1.3592
1.2459
1.2176
1.2743
1.3875
1.2743
23.0782
3.7095
8.6650
3.5962
1.9255
1.5291
1.5857
1.4442
1.5574
1.3875
2.3220
1.3875
1.3026
1.3875
1.2743
1.2176
1.1893
1.1327
1.1327
1.1327
1.3875
1.4442
1.8689
1.1893
1.1327
1.1327
1.1044
1.0760
1.0477
1.0760
1.2176
1.1327
1.0760
1.6141
1.3875
1.1893
1.2743
1.1327
1.1893
1.4442
1.1610
1.0760
1.0194
1.0194
1.0194
1.0194
0.9911
1.3026
1.3309
1.0477
1.5857
1.9255
1.2743
1.1893
1.0477
1.0194
2.2087
4.0776
4.2475
8.4101
1.9255
3.9927
5.1820
7.2774
4.8988
2.4919
4.6723
4.7289
25.2303
30.5822
25.0887
24.2392
4.0776
3.0582
2.9166
26.9860
11.0436
13.7903
5.3236
5.0121
3.9644
2.8034
2.0388
1.6990
1.5008
1.5008
1.5008
1.5008
4.4741
3.3697
1.7273
3.2281
4.1343
2.4919
5.3802
6.6545
3.6812
7.7022
2.3220
2.0954
4.5307
4.3608
2.6618
2.1238
2.2653
1.7840
4.8705
13.7620
10.0808
3.6529
2.3220
2.0105
2.5202
2.6901
1.9539
1.7840
1.6707
1.6141
1.5857
1.5291
1.5008
1.4725
1.5008
3.6812
6.0881
12.2329
3.8228
2.1804
1.8972
24.6073
14.9513
3.3697
2.3503
2.2937
1.9255
1.8123
1.7273
2.1238
2.3786
1.9822
1.8123
1.6424
1.5857
1.5574
1.5291
1.5291
1.5574
1.5008
1.6141
8.6366
4.5024
4.1343
2.1804
1.8123
1.6424
1.5857
1.6990
7.7305
5.4652
2.4919
2.0105
1.7840
1.6424
1.5857
1.5291
1.5291
1.6424
1.5291
3.8794
1.8689
1.5574
1.5008
1.4725
1.4725
1.4725
1.4442
1.4158
1.3875
2.6051
1.5857
1.4442
1.4158
1.3875
1.4725
1.4158
1.3592
1.3592
1.3592
1.3309
1.3309
1.3309
1.3309
1.5008
1.3592
1.3592
1.3026
1.2743
1.3026
1.3309
1.2743
1.2743
1.3875
13.3089
10.8737
2.1521
1.5857
1.5008
1.3875
1.3309
1.2743
1.2743
3.0016
1.5291
1.4442
3.8228
2.9733
1.7556
20.9545
3.5679
1.9255
1.5857
1.4442
1.3875
1.3309
9.8543
3.5679
2.1238
3.3697
5.3236
6.7394
9.9675
6.4562
3.4263
2.0954
1.6990
2.0105
2.4636
4.6723
2.8600
1.6424
3.1998
1.8689
2.2653
2.5202
1.5857
1.7273
1.4158
1.3309
1.5291
1.3026
1.2743
1.2743
1.2459
1.2459
1.1893
1.7840
1.5574
1.2743
3.4547
1.7556
1.8972
2.4352
1.9822
3.0299
2.9733
6.0881
2.6335
4.8422
7.6739
10.4772
2.5202
2.4352
4.8988
2.2087
2.0388
1.5291
1.3875
1.2743
3.9077
1.7840
1.5008
1.3592
2.2653
2.1238
1.6424
1.3875
1.2743
1.3026
1.6424
5.4652
1.9255
4.7289
11.1002
33.6970
5.6917
2.4352
1.9255
49.8377
75.3228
37.3782
4.7006
2.8600
3.1432
2.2653
1.9822
1.8689
1.7556
1.7840
1.8406
2.1238
2.0105
2.6901
2.4919
2.0954
5.6634
2.3786
1.8689
1.8406
1.8689
41.6258
10.4772
8.3252
6.6261
12.1479
5.3236
6.3147
5.9749
6.0032
5.3519
4.0776
2.6618
2.2937
2.1521
11.9780
3.3697
2.6051
2.1804
2.9450
2.4636
1.9822
2.0388
1.8406
1.7556
1.6990
1.6707
2.2937
15.3477
17.9812
16.6220
6.7677
29.1664
31.7149
4.3891
2.6618
2.3220
2.0388
1.8689
1.8123
1.7273
1.8123
1.7556
1.6424
3.0016
19.1139
6.0598
2.5485
2.1238
2.1238
2.9733
2.8317
2.3786
1.8406
1.8406
1.8689
4.1059
3.2848
7.3907
27.6089
38.2277
3.8794
2.6618
15.2345
11.7798
3.6529
4.8705
3.3414
2.6051
2.4636
2.1521
1.9822
3.3697
1.9822
1.8406
1.9822
2.8600
2.9733
6.4279
7.3624
9.4012
9.8259
6.2014
3.6529
2.5202
2.2087
2.0105
1.8972
1.8689
2.0954
10.7038
24.4658
5.1253
2.9733
4.9271
36.8119
19.5386
12.5444
3.8228
2.8317
3.9927
3.4547
2.4636
2.2087
2.3503
2.8317
3.1998
5.1253
4.3608
17.4715
22.4269
18.4060
48.7050
6.9943
3.4547
2.8883
17.1317
12.2329
9.6844
17.9246
74.1901
62.5802
11.4117
4.5873
5.7200
50.9703
14.6964
22.6535
21.1244
58.3327
4.3042
3.2281
3.5962
2.8883
8.8349
7.1642
3.7378
2.4919
3.0582
3.9644
3.7945
4.5873
4.3608
2.4636
3.3697
3.9077
4.4174
5.3802
2.9733
2.2937
2.3503
2.6335
2.5485
2.1238
2.0105
3.7378
3.1998
9.4012
28.6000
49.8377
12.4594
7.1642
16.1123
46.1565
33.1307
13.8186
17.4149
5.6067
3.1998
2.5202
2.6335
2.6335
3.5396
2.6335
2.7751
2.5202
3.0299
2.7751
2.1521
2.0954
3.0299
6.9659
2.6901
74.7565
19.3687
4.1909
3.3414
3.8228
2.9450
2.8883
2.8034
6.5412
3.0865
3.0865
2.4636
2.2937
2.6618
2.6618
2.8600
2.3786
2.1521
2.1521
12.9974
7.8721
8.1269
3.3980
2.7751
3.1432
11.8931
4.5873
3.0299
3.7945
5.6067
15.2911
3.7945
2.9450
2.6335
2.9450
2.6618
2.3786
2.3786
2.4352
2.1238
2.0954
1.9822
2.0388
1.9539
1.8972
1.8972
3.6812
2.8600
4.5307
10.5339
5.3236
2.7751
2.6335
2.1521
2.0105
1.9539
1.8972
1.8689
1.8406
1.8406
1.8406
1.8972
1.8123
1.8123
1.7840
1.8689
1.7840
1.8123
1.9255
3.0582
1.9822
1.8123
1.7556
1.7556
1.8123
1.7273
1.6990
1.6990
1.7273
1.7273
1.6707
1.6707
1.6990
1.6707
1.6707
1.6707
1.6424
1.6424
1.6424
1.6424
1.6424
1.6424
1.6141
1.6141
1.6141
1.6141
1.6141
1.6141
1.5857
1.5857
1.5857
1.5857
1.6424
1.8123
1.8972
1.6424
1.5857
1.5857
2.1521
2.0388
1.6424
2.7751
1.7840
1.7840
1.8689
1.6424
1.5574
1.5008
1.5008
1.4725
1.4725
2.5202
1.5857
1.5008
1.4725
1.4442
1.4442
1.4442
1.4442
12.5160
3.5679
3.7945
2.6618
2.0954
1.8123
2.2087
5.5784
2.2937
7.1642
2.5768
2.6618
4.4741
2.8317
2.4919
1.8689
2.3786
1.8972
6.5978
20.6147
5.8899
3.1998
3.5113
2.6618
2.4636
9.2313
5.0687
3.2281
2.6051
2.8317
2.4636
2.4352
2.5485
2.8034
2.0388
1.7556
1.7840
1.6424
1.5857
1.5574
1.5008
1.6707
3.5396
4.5590
1.8406
1.5857
1.5291
1.4725
1.6141
5.3519
8.2685
3.8228
2.0105
2.0105
1.8123
1.8689
1.6141
1.5574
1.5291
1.5291
1.5008
1.4725
1.4725
1.4442
1.4725
1.4158
1.4158
1.3875
1.3875
1.3875
1.4158
1.4158
1.5291
2.3503
1.5008
1.4158
1.3875
1.3309
1.4442
1.5574
1.3875
1.4442
1.3875
1.3309
1.3875
3.5396
1.7556
1.4725
1.4725
1.4442
1.3592
1.3309
1.3026
1.3026
1.3026
2.2087
4.8988
2.0388
1.5857
1.4442
1.3875
1.3592
1.3309
2.8034
2.7467
1.7556
1.5857
1.4442
5.8333
4.0776
2.6051
1.8406
1.6707
1.5857
4.5307
11.4400
3.2564
3.8511
3.0865
2.2937
3.0299
3.0016
3.8228
8.5800
3.2564
2.0388
1.7840
1.6990
1.7273
1.8689
2.4352
2.1238
1.6424
1.4442
1.4158
1.4442
2.7184
4.2475
3.2281
2.5768
1.7840
2.0954
2.6618
2.1238
1.6141
2.1804
2.1804
1.5291
1.7556
1.5574
1.4442
1.3309
2.3220
3.3414
1.5857
2.0388
1.4158
1.3026
1.2459
1.2176
1.2176
1.1893
1.1893
1.3026
1.1893
1.1893
1.2176
1.1610
1.1610
1.1327
2.4636
1.4442
1.1893
1.1610
1.1893
1.2176
1.3592
1.2459
2.1804
2.3786
7.3624
3.0865
2.7751
1.3309
1.1610
1.0760
1.0194
0.9911
0.9911
1.1327
1.0194
0.9911
1.3875
2.9450
1.7840
1.5008
1.2176
1.0760
0.9911
0.9345
0.9345
0.9345
0.9345
0.9345
0.9061
2.1804
1.5857
1.0760
0.9628
1.0477
1.1327
1.1610
1.2743
0.9911
0.9628
2.9166
1.6424
3.7945
5.6351
12.2046
10.4489
2.3220
3.1715
1.5574
2.2087
1.5857
13.7903
17.7263
9.1747
2.8317
1.8972
3.9644
2.2087
5.5501
7.7871
2.4919
6.8527
4.8139
3.9644
30.8654
31.4317
5.9749
3.2848
2.2653
4.5873
2.0671
3.5113
4.7289
2.0954
3.8228
3.2564
11.2701
9.7410
5.0970
3.1998
2.7751
2.0105
1.7273
2.2937
2.4069
3.6812
2.8034
8.2968
5.4368
5.8333
2.9166
4.7289
5.9749
7.9570
2.7184
2.1804
1.8972
1.8689
1.6141
1.4442
1.3309
4.1909
2.6335
2.2087
1.5291
1.3875
1.3026
1.2743
1.2176
2.3503
1.8406
1.3026
5.2103
16.1972
3.8228
2.0388
1.6707
3.5962
1.8123
1.5291
1.4442
1.8689
1.8406
1.6141
1.5008
1.3592
1.2743
1.2743
2.9450
9.1180
16.1972
2.9450
1.9822
1.6707
20.3881
4.0493
2.2653
1.7556
1.5291
1.5291
1.6141
1.3592
2.9166
2.0105
2.2087
1.8406
1.5291
1.3875
1.3026
1.5574
1.8123
2.6618
1.9539
6.0032
3.3414
4.1343
5.7483
16.2539
38.7941
66.2614
20.2749
4.6156
14.5265
12.1479
17.7830
8.2968
6.1164
5.5218
8.0703
6.2014
7.5889
17.9812
9.1180
4.1059
4.1626
3.3414
2.7467
2.5768
3.4263
3.0299
6.4279
4.8139
4.0210
5.5784
3.0016
4.5024
7.4473
3.0582
3.8228
3.4263
2.7184
2.4069
1.6141
1.4725
1.3309
2.2087
2.7467
1.7556
1.5291
1.5574
5.2669
2.3503
1.9255
1.6990
1.6141
2.3220
1.8689
1.4442
1.3309
5.9182
2.2087
1.5857
1.8972
3.3414
6.8810
2.1238
3.2848
2.0954
1.7556
1.5291
1.5008
1.3875
1.5008
1.5857
1.3592
1.7273
1.3309
2.5768
7.1925
2.9166
1.7840
1.4725
1.4158
1.3309
1.9822
7.6455
2.3503
1.6707
1.9255
1.6707
1.3875
1.3309
1.2743
1.2743
1.2743
4.5307
3.3697
7.1642
5.6634
2.7184
6.3430
5.5501
2.8600
1.9539
1.6424
1.5291
1.4158
1.3592
1.3026
1.2743
1.2743
1.2459
1.2176
1.1893
1.1893
1.1893
1.1893
1.1893
1.1610
1.1327
1.1327
1.1327
1.1044
3.4830
4.4741
1.5857
1.3309
1.2459
1.2459
1.2176
1.2176
1.1610
1.4442
1.3026
1.1893
1.1327
1.1044
1.2459
1.3026
1.1893
1.1327
1.1044
1.0760
1.1327
1.0760
1.0477
1.0477
1.0477
4.2475
1.7273
1.3026
1.1893
1.1044
1.2459
1.1893
1.1044
1.0760
1.0760
1.0477
1.0477
1.0760
1.0760
1.0477
1.1044
1.0477
1.0477
2.6335
1.1893
1.0760
1.0477
1.0194
1.0477
1.0194
1.0477
1.0194
0.9911
0.9911
2.0105
1.1610
1.0477
1.0194
0.9911
0.9911
2.7184
6.4279
1.5574
1.2459
1.2459
1.1327
1.0477
1.0477
1.0477
1.0477
1.0194
1.0194
0.9911
0.9911
0.9911
0.9911
0.9628
0.9628
0.9628
1.1893
7.2491
7.8721
10.4206
19.8784
4.8139
7.8438
3.0582
5.4935
14.7814
8.5800
6.1731
4.1909
2.6901
6.0315
3.3697
1.9822
2.4069
4.9271
2.7751
1.5857
1.5008
3.5113
1.6707
6.3996
3.7661
2.0671
2.2937
1.8406
1.5857
2.4636
1.9822
2.3503
2.3503
5.5501
2.5768
3.4830
4.8422
11.4400
4.5873
2.4069
1.8972
1.7273
1.6424
7.0226
3.6246
4.4457
3.8794
2.3503
2.5768
1.9822
1.7273
2.0954
6.2863
2.9733
1.8689
1.6707
1.5857
1.5008
1.4442
5.0121
10.1657
6.5978
30.2990
19.0572
6.2580
22.3420
6.7960
4.7006
10.9586
6.8244
5.8899
3.7661
7.8721
5.8333
3.6529
3.5396
9.7976
12.7992
4.1909
9.6277
4.4741
3.2848
2.5202
2.0388
3.3697
4.7572
2.7184
2.0671
1.8689
1.7556
1.9255
4.2192
2.4636
1.7556
1.6424
4.7006
5.1253
3.9927
2.0954
2.2087
6.4279
5.7200
2.4919
2.0105
1.9822
1.7840
1.6990
2.4069
1.7556
1.6424
1.8689
1.7273
1.6424
3.7661
1.8123
1.6141
1.5574
1.5291
1.5008
1.5574
1.5574
1.9255
2.7751
2.1238
1.6141
1.5574
1.5291
1.5008
5.7766
2.4919
1.8123
2.1238
3.1998
1.9822
1.9822
17.8113
3.2281
2.5485
2.4352
2.0105
1.7840
3.8794
1.9255
1.6990
1.6141
1.5857
1.5291
1.5008
1.4725
1.4725
1.4442
1.4442
1.4442
2.4919
2.8317
17.2166
14.6964
9.8259
3.6812
2.4069
2.2087
7.5323
5.3236
2.6618
2.2937
1.9255
2.4352
1.8406
1.6990
1.5857
1.5574
1.8689
1.6707
1.5291
1.4725
1.5008
1.4442
1.4158
1.4158
1.3875
1.3875
1.3875
1.3875
1.5291
1.9255
1.4725
2.9450
2.3503
2.3220
4.6156
1.8123
1.5574
1.5857
3.2848
2.0388
3.9644
2.6901
1.7840
1.6707
2.5202
13.6204
3.0299
14.8380
6.1164
2.9166
5.0404
2.6051
2.8317
2.2937
1.9255
3.0582
7.2208
5.4652
2.7467
1.9539
6.1164
2.6335
2.3786
4.1343
5.4652
2.9166
4.7289
4.7289
5.0687
3.0299
2.5768
4.1626
3.0016
2.4636
2.2087
6.5695
2.2653
13.3939
5.1537
5.7766
28.1186
34.2634
8.6083
3.6812
2.5485
2.1804
1.9255
2.5768
2.0388
1.8972
1.6990
3.6812
2.1238
3.5679
3.9644
5.6917
12.2895
32.5644
4.7006
5.0970
9.1747
3.7095
5.5501
3.7095
5.2386
3.1432
2.3786
2.0388
1.8972
1.8123
1.7556
3.1149
2.4352
1.8406
1.7556
1.8406
2.2653
5.8899
10.9869
42.4753
31.4317
17.8962
7.3907
43.6079
8.5234
3.4547
2.8317
2.4069
2.1238
1.9822
3.1432
1.9822
5.6634
4.0493
2.2937
2.0671
12.8275
16.9618
32.8475
12.2329
10.4206
3.8228
2.9733
2.3786
2.1521
1.9822
1.9255
3.0299
2.5202
1.9539
1.8406
1.8123
1.7556
5.9182
4.9271
2.0671
1.8689
1.8123
1.7840
1.7556
9.9392
52.3862
15.8291
4.6440
3.5113
6.4846
2.6618
2.2653
2.0671
1.9255
1.8972
1.8689
2.2653
1.8689
1.8123
1.7840
2.0388
2.1521
1.9255
2.8034
2.1238
2.3503
1.8406
2.2937
4.0776
1.9539
1.9822
1.7840
1.7273
1.6990
2.5485
1.9822
4.0493
8.3535
2.6335
4.2475
3.5396
2.0954
1.8689
1.8123
1.7556
1.7840
1.8972
2.0105
2.0388
1.8972
1.6990
1.7273
1.6990
1.6424
1.8972
2.7184
3.7095
1.9822
1.8406
1.8123
6.9659
11.8081
6.0881
4.0210
7.4473
7.0226
3.3980
2.7751
2.3220
2.2937
3.9077
8.5800
8.6083
1.8406
1.7556
1.6990
1.6424
1.6141
4.1343
2.9450
1.8406
1.7273
2.6051
1.8406
1.6424
3.5679
2.6051
2.6335
3.3697
2.5202
1.8972
1.7273
1.6424
1.5857
1.7840
1.6990
1.8689
1.6141
2.2653
1.6424
2.1521
2.5768
3.9644
2.3220
1.8972
1.8689
1.6424
11.4400
11.0436
35.1129
5.6067
2.6335
2.8034
3.1149
2.6051
1.9822
2.3503
1.9255
1.7273
1.6141
2.1804
7.1925
6.4846
5.8899
6.0315
6.3147
3.6529
3.9360
6.0315
6.5695
2.9166
2.1804
2.9733
2.0954
1.7840
1.7556
1.6707
1.5857
3.1432
6.0881
2.0671
1.8123
1.6707
1.6141
1.6141
6.4846
2.2653
2.0388
2.4352
17.7830
10.7604
11.2135
6.7111
3.7661
2.8883
28.3168
8.2119
9.7693
3.0865
7.7588
3.3414
3.7378
14.8947
9.7127
13.1673
11.4683
4.6156
4.1059
4.9554
3.9644
6.2863
10.3640
14.6398
6.2580
24.7206
60.5981
24.2392
65.1287
23.3614
5.6067
5.3236
12.5444
4.2192
2.8883
3.5396
2.3786
2.2370
3.5679
2.1804
2.0388
1.9539
1.9255
3.8794
2.8883
2.0105
1.9255
2.0388
11.4966
3.4263
2.9166
3.4547
4.3608
2.5202
2.2653
2.4069
7.6739
3.2564
2.4636
2.1804
2.0671
1.9822
1.9255
1.8972
2.4352
9.3162
47.0060
51.8198
50.4040
86.9327
21.2660
6.9093
6.7677
4.4741
3.7945
17.4149
38.5109
34.8297
6.8244
3.4547
3.6812
5.7200
3.0299
2.5768
2.3503
2.1804
2.1238
2.0388
2.1238
2.0105
1.9539
1.9822
2.2370
2.2653
3.0016
2.1804
1.8689
1.8123
2.0105
4.5024
2.3786
2.0671
1.9539
1.9255
2.1521
2.3220
2.1804
1.8689
1.6990
1.8406
1.9255
1.7840
1.7840
1.7273
1.6424
5.6634
1.9539
1.7273
1.6424
1.7840
2.2937
2.9166
1.8406
1.7273
2.3786
3.1998
5.5784
8.8632
13.5071
4.1626
4.4174
2.2370
1.9822
1.8689
1.8406
1.7840
1.7556
1.7273
1.7273
1.6990
2.9733
3.7661
3.0016
2.4352
3.0582
2.0671
1.7840
1.7273
2.0671
1.9822
5.7766
4.2192
2.2653
1.9539
2.8034
2.8600
3.0582
2.2087
2.4919
1.8689
1.8123
1.8123
1.7556
1.6990
1.6707
1.7273
1.7273
1.6424
1.6141
1.5857
1.5857
1.5574
1.5574
1.5574
1.5574
4.2758
1.8689
1.6707
2.3220
3.6812
1.9255
1.7556
1.6990
1.6424
1.5857
2.5768
1.9822
1.6424
1.5857
1.5291
1.5291
1.5008
1.5008
1.5008
1.4725
1.7840
1.8406
1.9255
2.2087
2.5202
2.3220
1.9539
2.1521
1.9255
1.5857
1.6424
1.5574
1.5008
1.4725
1.5574
1.5574
3.1998
9.2313
35.3961
6.2014
6.4846
9.2879
18.0378
44.1743
21.2376
32.2812
7.9004
4.0210
6.8810
7.5040
3.8794
5.4085
4.7572
3.7661
8.4951
13.7903
16.4238
10.3640
13.3372
9.6844
5.6351
3.0865
2.5768
2.5202
2.4352
2.2087
1.8972
1.7840
1.6990
2.1238
4.3608
2.5202
2.7751
3.5679
2.2087
1.8972
1.7556
1.7273
2.7184
2.4069
4.4174
4.5590
19.9351
4.1909
2.6901
2.1521
3.3697
48.7050
44.4574
26.4479
21.7473
9.5145
6.1448
2.7751
2.2370
3.1715
2.6051
2.0105
1.8689
1.8123
1.7273
1.7273
1.6707
1.6141
1.6141
1.5857
1.5574
1.6141
1.6141
4.5307
5.5501
2.6335
3.2848
2.0954
5.3519
1.8406
2.2653
1.8972
1.6707
1.7273
10.3640
2.3503
2.0388
4.1626
2.3220
1.9539
1.6707
1.5008
1.4158
2.9733
1.7840
4.4457
1.6990
1.6141
6.3713
1.7273
2.5485
2.1804
1.5857
1.5857
1.6990
1.8123
6.0598
4.5873
1.7273
2.0671
2.2937
2.1804
3.2281
5.2669
1.8406
1.5291
1.4158
1.3592
1.3309
1.5008
17.8396
32.5644
5.0404
10.8170
31.4317
74.4733
61.4476
47.2891
6.4846
13.6770
7.7022
4.5873
2.8883
2.2653
1.9822
1.8689
1.7840
1.7556
1.8972
2.6051
2.3503
1.7840
1.7273
1.6424
1.5857
7.0509
8.4101
4.1626
4.3891
6.3430
21.2660
12.8275
8.6366
3.4547
3.0865
6.9943
13.3089
16.2256
24.9755
58.0495
23.2198
7.5323
6.6828
3.7945
3.4547
2.7751
2.3220
2.2653
2.2087
2.0671
2.0105
1.9822
1.9539
1.9255
1.9255
3.1998
3.0016
2.0105
1.9255
1.8972
1.8689
1.8689
1.8406
1.8406
1.8406
1.8123
1.8123
1.8123
1.8123
1.8123
1.8123
2.5768
2.2653
2.0954
1.9255
5.8050
3.3131
2.1804
1.9539
1.9255
1.8972
2.0954
2.9733
2.4352
2.2370
1.9822
1.8972
1.8406
1.8123
1.8123
1.7840
2.2087
2.4636
3.5396
18.1511
2.2937
1.9255
1.9255
3.7945
12.0913
7.8721
2.6901
2.0388
2.2087
1.9255
1.7273
1.6707
1.6707
1.6141
1.5857
1.5857
1.5574
1.5291
2.0671
5.3236
11.9780
11.1002
19.7085
20.8129
22.9083
6.3430
4.1626
3.3697
5.6917
5.3802
27.3824
37.9446
26.8161
5.1253
3.6529
10.9586
3.5396
9.2879
32.5644
27.9204
7.0226
3.3980
2.5768
2.3503
1.5291
1.5291
1.8689
1.5291
1.5008
1.7556
1.6141
1.5008
1.4725
1.4442
1.4442
1.4158
1.4158
1.8972
9.6560
8.8065
13.0257
2.8600
2.0105
1.7840
1.6707
1.6141
1.5857
3.5679
2.1521
2.6051
7.2208
2.6335
1.8689
1.6990
1.6707
1.5574
1.5008
1.4725
1.4725
1.9822
1.8972
2.8034
2.2653
1.8406
1.6707
1.7840
1.5291
1.9255
6.2580
2.2087
1.6990
1.7556
2.5485
3.0865
6.1164
2.0105
2.3503
2.5768
2.1804
4.2475
5.9465
4.4457
1.8406
5.7200
4.0493
2.5485
2.3503
2.3220
1.9539
4.3608
4.7289
3.7378
2.0388
2.2370
2.8600
6.3996
2.6051
15.9424
31.4317
5.2953
2.6051
2.0671
2.3786
3.5962
1.9539
1.8972
3.5962
2.2370
1.9255
8.4667
4.1343
2.3786
3.8228
5.4085
3.3414
2.8883
4.5873
10.9869
3.7661
2.7184
2.0105
1.8123
1.6990
1.9822
1.9822
1.6707
1.6424
1.7556
1.6141
2.1238
2.3220
1.6707
1.5574
2.4069
1.7273
1.5857
1.5008
1.5008
1.5857
1.4442
1.4158
1.4158
1.4158
1.3875
1.3875
1.7840
1.6141
1.4158
1.4725
1.7273
3.4547
9.9958
11.3834
3.7661
2.2653
1.8406
1.6707
1.9822
4.8139
19.3970
4.9554
2.4069
1.9255
1.9822
4.3891
2.0671
1.7556
2.2087
2.0954
1.6707
1.6424
1.6141
1.5008
1.4442
1.4158
1.4158
1.4442
1.4158
1.5008
2.8034
1.8406
1.5291
1.4158
1.3875
1.4725
1.3875
6.2863
11.2135
17.3299
9.7127
8.6933
2.3786
4.1343
2.6335
1.9822
2.3503
4.8988
2.1521
1.7840
1.8406
2.2653
2.2370
1.8689
1.5574
1.5008
1.4725
1.4158
1.8406
1.7273
1.6707
1.6141
1.5857
1.5574
3.9360
2.4352
2.5768
2.1521
1.9539
22.6818
6.0032
3.6246
18.4060
10.8737
6.2580
3.9644
2.9450
1.7273
1.6990
1.6424
1.6141
2.3786
4.2758
3.1715
3.3414
2.4352
2.2370
2.4636
2.0954
1.7840
1.8123
2.0105
2.0954
1.7840
1.7273
1.7556
2.8317
6.8810
3.1149
3.1432
2.0105
5.3802
3.2848
2.0105
1.7556
1.7273
8.2968
5.7483
2.1804
1.7840
1.7840
2.0388
1.6424
4.8422
3.8511
2.9733
2.6335
1.8123
2.8034
3.2281
3.5679
18.0945
25.2869
11.2418
4.3608
3.8228
2.2937
2.2087
4.0776
11.6382
8.5800
2.5485
2.1804
2.0671
2.4919
15.8858
3.4547
4.8422
4.6440
2.6901
7.2774
13.1107
4.0210
21.4359
20.4164
4.3325
18.7741
28.6000
23.4180
4.9554
2.6618
1.9539
1.6424
2.1238
9.6844
8.5517
5.2386
3.0016
4.7572
3.0299
2.5768
1.9255
2.7184
2.1238
2.5768
1.9822
1.7556
1.5574
1.5008
1.4442
1.7840
1.4725
1.4158
1.3875
1.3592
1.3592
1.3309
1.3309
3.0016
1.5291
1.4442
1.7840
1.4158
1.3592
1.3309
1.3592
1.3309
1.3309
2.1238
4.8422
4.3891
1.5857
1.4725
2.3220
1.5857
1.4725
1.4442
1.4158
1.3875
1.3875
1.3592
1.3592
1.3592
2.6051
2.0671
4.3891
1.9822
1.5008
1.4158
1.8123
1.6141
1.4442
1.4158
1.8123
3.6246
5.3802
1.9822
5.8333
3.0299
1.9539
1.6990
1.5574
1.6707
1.6424
1.3875
1.3592
1.3026
1.3026
1.3026
1.3592
1.3026
1.2743
1.2459
1.2459
1.2459
1.2176
1.2176
1.1893
1.1893
1.1893
1.1327
8.6650
2.0954
1.3309
1.2459
1.2743
3.3131
1.7273
1.3592
10.7038
4.8705
1.7840
1.5857
2.5202
1.5857
2.6051
2.3786
1.6141
1.7840
2.2087
1.4442
1.2743
2.3786
1.5574
1.8406
1.6141
1.3309
1.5857
3.7945
4.7006
3.7945
1.9255
2.0671
2.0105
5.7766
2.2087
1.6141
5.6067
27.6372
3.4830
4.3891
4.4457
2.2087
1.7556
1.6141
1.4725
1.5008
6.4846
2.4636
3.2848
1.6707
1.6990
1.6424
19.0006
9.0331
10.6188
4.0776
8.6366
9.0614
5.6351
7.5323
8.1269
6.5695
5.0970
10.4489
12.7709
8.2968
3.5679
2.4636
2.0388
1.7556
1.6990
4.3608
7.0792
6.0315
4.7572
3.3131
2.9166
6.1731
4.1343
2.1804
2.1238
1.6424
1.5857
1.7556
1.5291
1.4158
1.3592
1.6141
1.5574
1.3875
1.3309
1.3592
1.3026
1.2743
1.3875
1.7273
1.5574
1.4442
1.3875
1.3026
1.2743
1.2459
1.2459
1.3875
1.4442
3.3414
1.6990
1.8406
8.2402
6.4562
10.4772
8.8915
10.1941
13.7054
14.2151
7.8721
2.7751
2.0671
1.7840
1.6141
1.5008
1.4442
1.3875
1.3592
3.0016
5.2669
2.1521
2.6335
1.8406
3.5113
1.9539
3.7378
6.5978
30.2990
8.2402
4.5590
2.9733
15.3760
3.1715
2.1804
2.0671
1.7556
1.6141
1.8972
1.8123
1.6141
1.6424
1.5008
1.4158
1.3875
1.3592
1.3592
1.3309
1.3309
1.3309
1.3309
1.3026
1.3026
1.3026
1.3026
1.4725
1.4442
3.3414
6.3147
4.5307
2.3503
2.9450
2.0105
1.7840
4.6440
3.0299
3.3697
6.9659
19.5386
7.3624
12.2895
5.9749
3.0299
2.9166
1.9539
1.7840
2.0671
7.5323
21.9739
4.9271
2.4636
3.2848
4.8988
2.2370
2.3220
2.9733
5.8333
6.8527
12.9691
2.8317
2.2370
2.8883
10.3640
33.9802
14.1867
7.4190
4.8705
3.7661
2.4069
2.1521
2.0105
1.9539
2.0671
2.0671
3.8794
1.9255
1.9822
1.9539
2.1521
3.7661
4.6156
3.2281
3.8228
11.7232
3.9360
2.4919
4.7289
3.1998
4.4741
3.7095
6.2863
9.6844
39.3604
44.7406
28.1753
12.2329
5.4368
4.8139
3.3980
6.0881
4.3891
4.6156
16.4521
5.3519
3.7661
7.9004
2.8317
9.2030
3.7661
2.6618
2.9166
4.8139
4.3891
10.3640
5.6351
4.7572
6.5129
5.1253
4.6156
3.3414
4.3608
4.1059
2.6335
3.6246
2.5485
2.1804
2.0388
1.9822
2.1521
16.6220
5.5501
2.7467
2.2937
2.1238
2.0105
2.4919
2.0388
1.9255
1.8972
1.8689
1.8406
1.8123
2.1521
1.8972
1.6990
1.8123
1.7840
1.7556
1.8406
1.9539
1.7840
3.7095
6.4846
2.6901
2.0954
1.8972
1.7840
1.7556
1.7273
1.6990
1.6990
1.6990
1.6707
2.2370
4.1343
3.0582
3.6812
2.2937
1.8406
1.7556
1.6990
1.6707
1.9255
3.7095
2.8317
1.8972
1.7556
1.6990
1.9255
1.6990
1.6424
4.2475
3.1715
1.8972
1.8123
26.9860
3.6246
2.0671
1.9539
1.8406
1.8123
1.7556
1.6707
1.6141
1.6141
1.6990
2.2087
1.7840
4.2758
1.9539
1.6990
1.7273
1.6424
1.5857
1.5857
1.5574
1.5574
1.5291
1.5291
1.5291
1.5008
1.5008
1.5008
1.5008
1.4725
1.4725
1.4725
2.0388
3.1998
3.4263
1.6141
1.5008
1.9822
7.3907
5.5501
2.3786
2.0954
1.7840
12.9408
5.0404
4.1059
2.8034
4.2192
5.2386
6.0315
16.2539
5.3802
3.5962
3.4547
4.5873
3.2281
2.2653
1.9822
1.7840
2.0671
2.9450
1.9539
4.2758
3.8794
2.2370
3.0865
1.9822
3.5962
6.7111
2.2937
4.2475
4.2758
5.7766
6.7960
3.2848
5.2103
46.4396
5.5501
4.2475
2.8317
2.3220
2.8317
50.1208
6.1164
4.8139
3.9644
6.5129
3.3980
3.1149
2.8317
2.3220
2.2653
2.4352
2.6618
2.3220
2.2653
2.4352
2.2087
17.4715
12.6293
3.3980
2.6051
2.3220
2.9450
2.8600
2.2087
2.1804
2.9450
1.8406
1.6707
1.5291
1.5857
1.5857
1.5291
1.5008
1.8689
5.6351
3.0299
1.7556
1.5857
1.5857
1.7840
1.6424
1.5008
1.5008
1.5008
1.5291
1.5008
6.8527
3.6812
2.0954
1.7556
1.5291
14.8663
6.5412
3.3980
1.9822
1.7556
1.6990
1.8123
1.6990
1.5291
1.4158
5.0970
3.7945
1.9822
1.5291
1.4442
1.3875
1.3592
1.3309
3.3980
8.2685
6.0032
12.9974
3.6812
6.2297
4.5307
4.8139
13.1107
9.0048
8.7782
9.0614
3.1149
3.3980
2.8317
2.2653
2.0671
1.9822
1.9255
1.8406
1.7273
2.1804
2.0954
2.0388
3.6812
2.5485
2.0388
1.6990
2.4919
5.9749
2.4919
1.9822
1.6424
1.6141
1.5857
1.5857
1.8123
2.0954
7.0226
35.1129
29.7327
16.4238
6.7960
3.2564
2.6618
10.3356
12.6293
8.0137
3.1149
2.7751
2.4919
2.2087
2.0954
1.9539
1.8406
1.7556
4.8139
2.6051
2.0388
1.9255
1.8123
1.8123
1.6990
1.5291
2.7184
1.9255
2.2653
1.9255
1.8406
1.7840
1.6707
1.5857
2.2653
3.1998
2.0671
1.4158
1.3875
1.2459
1.1893
1.1610
1.1327
1.4725
1.5291
1.3875
1.6424
3.8511
6.0598
1.9822
2.9166
3.3131
11.8648
4.5590
2.7467
4.4457
2.7184
2.8034
2.0105
1.8972
5.1820
1.8123
1.5008
6.8810
3.8794
1.8406
1.5574
2.1238
1.4725
1.3026
1.2459
1.3026
2.4636
3.7378
5.4368
6.3713
3.2281
2.3503
1.9822
37.0951
8.4667
2.6901
2.2087
4.8988
8.6933
3.5113
7.6172
3.1715
1.9822
1.6707
1.6141
6.3713
2.0671
3.0016
2.1521
6.1731
4.3042
5.9465
6.3147
3.0299
4.3325
2.7751
3.5679
5.4085
11.9497
6.7960
3.3131
2.4919
1.8689
3.3414
2.5485
2.3503
1.6424
1.5008
1.4442
1.4158
1.9822
4.8422
11.3834
3.3131
2.0954
2.1804
1.6141
7.9004
10.5056
2.8883
1.9539
1.6990
3.0865
1.7273
1.8123
16.9618
48.1386
20.8695
3.7378
2.4352
1.9539
1.8123
2.8317
1.7273
1.6141
1.5857
1.5291
1.5008
2.7751
1.8972
1.5291
19.9067
4.3042
5.0687
2.9166
2.0105
1.7840
1.6707
1.6424
2.9450
3.7661
9.8543
2.7467
2.0388
1.8123
1.6990
1.6141
1.5574
1.7556
1.5857
1.5291
1.5291
1.5291
1.5008
1.7840
1.6141
1.5008
1.4442
1.4442
1.4158
1.4158
1.5574
1.5857
1.4725
1.4442
11.5816
2.7184
1.7840
7.3341
9.5994
7.7871
6.5695
3.3980
2.4636
6.4846
6.3713
13.0541
5.3236
8.3535
2.8317
2.5202
2.2937
1.8689
1.7840
4.9554
2.3503
4.2192
2.2087
3.7378
2.3786
1.9255
1.7840
1.6990
1.6424
23.4747
18.6325
38.2277
15.4044
6.3430
8.0703
17.5848
4.1059
2.5768
1.6990
2.2653
17.1317
8.7499
4.8988
3.4830
4.7289
2.5485
2.1804
2.2087
1.8123
1.7840
1.8406
1.6424
1.5857
1.5291
1.5291
1.7840
1.8972
1.5574
3.8511
5.5218
6.9659
2.6618
2.3786
3.0582
2.6618
2.8883
1.9539
1.8689
1.8972
16.1689
3.6812
2.3786
1.9822
1.8406
1.6990
1.6424
1.6990
1.9539
1.6141
2.1521
2.0388
2.4919
1.6707
1.5574
1.5574
1.5291
2.6618
1.8689
3.0016
1.9255
1.9255
4.0493
13.7337
8.9481
6.0598
10.2507
13.1957
9.0897
4.0210
3.0865
11.1568
5.0404
2.8883
2.1804
2.8883
8.6650
22.2570
4.3325
3.8511
2.6618
3.0299
2.1804
1.9255
2.2937
2.4919
3.7378
3.0865
2.7467
3.9927
1.9255
1.8406
1.8689
1.6707
2.4352
2.4352
3.0582
2.3220
11.6099
7.9004
3.2564
2.2653
2.0105
2.4919
2.0671
7.5040
4.2192
2.7751
2.0954
1.8406
1.7273
1.6424
1.6141
1.5857
1.5574
1.5291
1.5291
2.4352
4.0210
3.1715
1.9539
1.6990
1.6424
1.7556
1.5574
1.5008
1.4725
1.5291
1.6141
1.4725
1.4442
1.4158
2.3503
1.5857
1.4725
1.4725
1.4442
1.4158
1.3875
1.3875
1.3875
1.3875
1.3875
1.3592
1.3875
1.6707
3.1715
2.6335
1.5857
1.4725
1.4158
1.3875
2.6618
7.4756
2.8317
3.2281
3.8511
1.7840
1.5574
1.5008
1.4442
1.4158
1.3875
1.3592
1.3592
1.3309
1.3592
1.3592
1.3309
1.4158
1.5008
1.3026
1.3026
1.2743
1.2743
1.2743
1.2743
1.2459
1.2459
1.2459
1.3026
1.7273
2.2937
1.6141
1.8689
4.9554
5.5784
3.1998
3.5396
3.2281
5.2103
2.3786
1.7556
8.7216
2.2937
2.7184
2.8317
6.8527
3.6529
3.6246
4.3608
2.4919
2.0954
5.2103
2.7467
3.1998
4.8705
3.6246
3.1149
2.2370
1.8123
1.6990
1.6141
1.5857
1.5291
1.5291
1.5008
2.0105
2.0388
2.0105
1.6707
1.7273
1.5291
2.0105
5.4652
2.4636
1.8972
1.7556
1.6707
1.5008
1.6141
1.4725
3.6529
13.5921
9.3446
7.9287
4.8705
13.1390
8.5234
8.4384
9.0048
8.7216
6.9943
6.4846
4.4457
2.9166
2.4919
2.9450
12.0913
3.9077
6.3430
4.3325
4.8988
4.4174
15.5459
19.5669
28.0620
8.4667
12.2612
7.8154
3.6812
3.0582
2.8317
3.2848
3.0865
2.2653
2.0671
1.9539
1.6707
1.5857
1.5291
1.5008
1.5857
1.5008
2.8600
1.7840
4.6723
1.8123
1.6424
1.6141
1.6707
6.3996
4.4174
2.0388
1.6990
1.5857
1.5291
1.5008
1.4725
1.5574
2.3786
2.2087
1.7273
1.5008
1.4442
1.4442
1.6141
1.8689
1.5008
1.4442
1.4158
1.4158
1.3875
1.8689
34.8297
10.5905
18.7458
9.8826
14.1301
4.9554
4.7006
4.9554
4.7572
8.0137
11.8364
4.5307
3.3131
4.1343
6.0598
5.0121
3.1715
3.0865
2.3503
2.0105
2.9733
4.4174
2.2653
1.8972
1.7840
1.6990
1.6707
1.6141
1.6141
22.6818
10.5905
9.1747
3.7095
2.3220
2.0105
1.8406
2.8883
2.2937
2.0105
1.9822
1.7840
1.6990
2.0954
2.5202
2.7751
2.0388
3.3414
1.9255
2.3220
1.8972
5.4368
3.6246
2.9166
3.9077
4.3891
7.8154
3.3131
2.3786
3.0016
2.2937
2.0388
1.8406
1.7840
3.8794
16.0840
11.9497
7.2208
4.6156
6.0881
1.8406
1.6990
1.8123
2.2370
2.3220
5.9182
3.1149
3.4547
2.0671
3.0865
1.8972
2.6335
4.4741
2.2937
2.0671
1.9255
1.7273
2.3503
3.8228
8.2685
12.2612
4.7006
2.3786
2.2087
2.0388
1.9539
2.2937
2.0388
1.8406
2.1804
3.5396
2.1804
2.2370
1.6990
15.1778
4.2475
2.3220
5.4085
3.4547
4.4741
2.2087
1.6707
4.3042
1.9822
1.7556
1.4725
1.3592
1.3026
1.3026
1.2459
4.6440
3.5679
2.9450
2.6901
1.8123
1.9255
2.3220
4.4457
7.4190
3.7095
3.4263
9.4012
17.6414
6.1731
3.2564
3.3980
3.7945
3.4547
2.4352
5.0404
24.0976
9.4295
6.4562
5.9749
3.5113
2.5202
1.9539
1.6990
1.6707
1.5857
5.6067
2.8883
3.0299
2.8317
2.2937
2.4352
6.6828
2.2087
1.7556
1.8123
2.7751
1.8123
1.5574
1.4725
1.4158
1.3592
1.3309
2.7467
3.9360
4.3042
4.1626
5.5501
4.7572
6.8244
2.8883
6.8244
17.5564
5.8050
3.1715
7.2774
20.0766
14.0735
14.9796
3.9644
2.4919
2.0671
1.8406
4.4174
2.1804
1.8123
1.6990
1.6141
1.5574
1.7556
1.5574
1.5008
1.4725
1.4725
1.4725
1.4725
1.4725
1.4442
1.4442
1.4158
1.4158
1.3875
1.3875
1.3875
1.3592
1.3309
1.3309
1.3309
1.3309
1.3026
1.3026
1.4442
1.3875
1.3309
3.0016
1.6707
1.3875
1.3309
1.6424
1.4442
1.3026
1.2743
1.2459
1.2459
1.2459
1.2459
1.2459
1.2176
1.2176
1.1893
1.1893
1.1893
1.1893
1.1893
1.1893
1.7840
2.8883
1.4725
1.8406
1.6707
1.8972
3.4547
2.6618
4.4741
6.9093
3.7661
3.9644
2.1804
5.1537
2.7184
2.4636
1.6707
1.4442
1.3875
1.3309
1.3026
1.9539
1.7273
2.0671
1.5857
1.4158
1.5008
2.8317
1.5008
1.4158
1.3875
1.2743
1.6424
2.2653
1.4725
1.7273
2.2087
1.4725
2.3220
4.5590
7.0792
3.3980
3.0865
11.6665
6.8527
5.4652
2.8317
2.0105
1.6990
2.4069
2.8034
2.3220
1.8406
3.9644
2.4636
2.0954
9.9392
8.2685
3.9927
2.4352
4.8139
4.1909
5.6351
2.3503
1.8406
1.6990
2.2937
1.6141
2.4352
2.1238
3.9927
8.2119
6.8244
2.2653
1.7840
1.6141
1.5008
1.4158
1.4158
8.2685
2.1238
1.7273
1.5857
1.6424
1.4158
4.1909
15.8858
3.4547
3.7095
1.8972
1.7556
1.5574
1.4725
1.4158
3.1998
2.6051
3.0582
2.0105
1.6424
1.5008
1.4158
1.3875
1.3592
1.3026
1.2743
1.2459
1.5574
1.6141
1.3026
1.2459
1.2176
1.1893
1.1893
1.1610
1.1610
1.2459
1.1893
1.1610
1.7273
2.4069
1.5008
1.2176
1.1610
1.1327
1.1327
1.1044
1.1044
1.1044
1.1327
1.1327
2.7751
1.5857
1.6424
2.2087
2.8034
3.9360
1.5291
1.2743
1.1893
2.8600
1.6141
2.3220
3.4547
1.9539
6.8527
49.2713
25.6834
9.6560
4.2475
13.8469
18.5759
5.1537
3.3697
2.0388
1.8123
8.3818
5.5501
2.5768
2.9166
2.5485
1.8406
9.3729
3.2848
2.0954
1.6990
1.5574
1.9539
2.1521
1.5291
2.8883
2.2087
1.8123
4.1909
3.9360
4.3608
1.7840
1.5574
1.7273
1.4442
1.4725
1.8123
2.1804
1.5291
3.6529
1.5857
1.3875
1.2743
1.1893
1.1327
1.1044
1.0760
1.0477
1.0194
1.0194
1.0760
1.2459
4.4457
2.0671
1.6424
1.5291
10.1941
2.6618
2.4352
2.3786
1.6990
4.9554
3.9644
2.3503
3.3980
2.8317
2.3220
2.7751
1.8972
2.7751
2.0388
2.4352
2.3503
2.9733
2.3786
1.7273
1.5857
1.4725
24.0693
9.2879
3.0299
2.3786
5.2103
4.6156
6.3147
4.6723
3.0299
2.4352
3.3980
3.1998
8.0703
2.7467
2.0388
2.1521
2.0388
3.5113
1.6707
1.5008
1.4442
1.3875
1.3309
1.3026
1.2743
1.2459
1.2176
1.1893
1.1893
1.1610
15.9707
16.1406
9.1463
2.6335
1.8689
3.4547
3.8228
3.1715
10.0525
4.1343
7.8438
3.1149
3.5679
3.5396
3.1715
2.3220
2.1804
14.0452
29.4495
5.7200
3.5679
3.5113
4.6156
4.5873
3.4830
3.1149
2.0105
2.9733
1.9822
1.7273
1.7273
1.5574
1.5291
2.0954
1.6707
1.7840
1.5008
1.4442
1.3875
1.3592
1.3309
1.4158
1.3592
1.3875
1.5291
1.8123
1.4158
1.3309
1.4442
1.3592
1.3026
1.3309
1.7556
5.0121
14.4133
24.2675
13.8753
9.2313
2.7467
2.0671
2.3503
12.9691
21.4642
30.8654
12.3461
14.6398
16.5087
4.6723
2.5768
2.4069
3.0582
2.1804
1.9255
1.7556
3.5396
2.4636
1.8689
1.8406
3.0865
5.3519
2.7467
2.4352
1.9822
1.8123
1.6707
1.5857
1.7556
1.5574
1.5008
1.4725
2.5202
8.2685
2.2937
1.8406
1.6990
1.5857
2.3220
1.8123
2.6901
3.0016
9.0331
4.2758
1.9822
1.7556
2.1804
1.7273
1.5857
1.7556
1.5857
1.8972
7.5323
10.3356
2.9166
2.2087
1.8972
1.7556
1.8123
1.6707
9.7410
35.1129
7.0509
3.0865
2.2937
5.7766
2.6618
1.9255
1.6141
5.7483
2.6335
1.3875
6.4562
1.8406
1.7273
1.8689
1.5291
1.3309
1.9539
2.1521
1.7556
1.5574
1.7840
1.3309
1.3875
1.5574
1.4725
1.3026
1.2176
1.2176
1.1893
1.3309
3.5396
1.4725
1.2743
1.5008
3.0582
1.6424
1.6990
1.3592
1.2743
1.6424
1.2743
1.1893
1.1610
1.1610
1.1327
1.1327
1.2176
2.2370
1.3026
5.8050
9.0331
27.0709
16.0557
5.8333
5.5218
2.4636
1.9255
1.6141
1.4725
1.3875
1.3309
3.0299
1.7840
1.5574
2.0388
2.1521
1.4442
1.3026
1.5291
1.3026
1.2176
1.1893
2.7467
1.9822
1.4158
1.4725
1.3026
1.2176
1.5857
1.3026
1.3026
1.1610
1.1327
1.5008
2.7751
1.4442
1.1893
1.1327
1.1044
1.4158
1.3875
1.5008
1.6990
4.4741
5.8616
2.0671
2.2087
1.3309
1.2176
1.1893
1.1327
1.3026
1.3026
1.1327
1.1044
1.1044
1.0760
1.1327
2.1521
1.2743
1.1327
1.1044
4.0493
1.4158
1.1893
1.2176
3.7945
4.4174
1.7273
1.3592
1.2459
17.1034
2.7751
1.6707
1.4158
1.3026
1.3875
2.4636
3.5113
2.2653
1.5574
1.3309
1.2459
1.1893
1.5574
1.2176
1.1327
1.1044
1.0760
1.0760
1.2743
15.3760
18.6891
7.3057
2.2937
1.6990
1.6424
1.5008
1.6141
1.4442
2.0105
1.4158
5.2103
1.6424
3.4263
1.6707
3.7095
2.6618
1.7556
1.4442
1.2743
1.1893
2.2087
1.4725
1.2459
1.1610
1.1044
1.0760
1.0760
1.0477
1.0194
1.1044
1.4442
1.5857
1.3026
1.1327
1.2743
1.1893
1.0477
1.0194
1.0760
1.0477
1.0194
2.1804
1.3875
1.0760
10.1941
12.2329
0.9628
1.1893
1.5008
1.4725
1.8123
1.3026
3.9077
4.3608
5.8616
2.7184
5.2953
7.0509
9.7976
2.7467
3.4263
3.4830
1.6707
1.3592
1.2176
1.2176
1.3309
2.9733
1.2176
1.0760
1.3592
1.1044
1.6424
5.9465
6.0881
2.7467
1.7556
1.6424
2.6051
1.8972
2.3786
2.2087
2.7184
4.6156
3.5113
1.5857
1.9822
3.5962
2.5202
3.7661
3.1432
3.2564
3.3131
6.6828
2.4069
4.0210
2.7467
2.3220
3.3980
6.1448
3.3697
1.9539
1.5857
1.3875
1.3309
3.0016
1.8972
3.8511
7.5606
5.8050
5.8333
7.8438
5.6351
4.9838
14.4699
7.4473
5.8333
5.1253
2.2370
2.0671
1.8123
1.5291
1.3875
2.6051
1.6424
1.4725
1.2743
1.2176
1.1610
1.1327
1.3309
1.1327
1.1044
1.2176
1.4725
1.7273
4.7006
3.0582
17.6697
2.6901
1.8406
1.4725
1.3026
1.2176
1.1893
1.1893
1.1327
1.1044
1.1044
1.5857
1.1610
18.9723
2.4636
1.6424
1.4158
1.2743
1.2176
1.2176
1.2459
7.3907
7.9287
1.8689
1.5291
1.6707
1.7840
1.6141
1.5857
1.6141
2.0954
2.3786
1.4725
1.3592
1.3309
2.0671
4.3891
6.1448
2.1804
1.4442
1.3309
1.2176
1.1893
1.1327
1.1044
1.1327
1.1893
1.1044
1.1044
1.0760
1.0477
1.0477
1.0477
1.0477
1.0194
1.2743
5.5501
30.8654
3.4830
1.8972
7.3624
9.9109
2.9450
3.4547
3.1149
1.8972
11.2135
20.3881
3.0016
4.1909
2.8034
1.8689
25.7966
5.2386
2.3503
2.6901
2.8883
2.3786
1.8689
12.2895
8.3252
20.7279
19.4537
23.4180
15.2628
20.3315
4.2192
19.3687
13.1390
10.8454
3.4830
2.7751
2.5202
2.1804
3.1149
2.2937
2.6901
15.3760
4.2758
2.9733
2.0105
1.7840
1.6707
1.6141
1.5574
2.6618
1.8689
1.5857
1.9539
5.5501
4.8422
2.6618
1.7840
1.9255
6.6261
4.4174
2.5202
12.6576
5.6634
3.5113
10.9303
5.0970
2.3503
3.0582
2.0671
1.7840
5.2103
3.0299
2.0388
1.7840
1.6707
1.6141
1.6141
1.5291
2.7184
10.7604
3.3414
4.5590
17.3299
9.8543
2.8883
2.1238
1.8972
1.9255
1.7556
1.6424
1.6990
2.5485
2.9450
14.4982
16.5087
7.8438
7.1075
3.9077
3.8794
3.9927
3.5679
4.3608
3.5113
3.9360
4.8139
2.7184
2.0954
1.8689
1.7556
1.6707
1.6141
1.6141
2.4919
3.0865
1.8123
2.1521
4.1343
3.6529
2.4352
2.6618
4.5307
6.1731
7.6455
2.8883
2.0105
17.1317
13.6204
25.9099
3.7945
2.4352
2.0105
1.8406
1.6990
1.6141
2.2087
3.0299
1.7273
1.6424
1.5574
3.6246
3.7661
3.9927
31.1485
11.5533
3.2848
2.2087
1.8972
2.0388
1.7273
1.6424
1.6424
1.6141
1.8406
2.2370
1.6707
1.6141
1.6141
8.8632
5.6917
22.4836
8.1553
27.8638
6.5412
2.8883
2.2087
1.9822
1.8689
1.8123
6.6261
10.5905
4.7572
2.4636
2.0671
1.8972
1.8123
1.7556
1.6990
1.6707
1.6141
1.6141
1.9822
2.6051
8.6366
7.6739
2.7184
2.0954
1.8406
1.7273
1.6990
1.6707
1.7556
1.7556
1.6424
1.8123
2.6618
2.7751
2.0954
2.2937
3.5396
2.4352
5.3519
2.3220
1.8689
1.7273
1.6707
1.6141
1.5857
1.5574
1.5574
1.5291
1.7840
3.3131
2.6051
2.0671
23.1349
6.5129
4.1343
19.2555
9.7127
4.5307
3.1715
3.0582
7.5606
5.1537
4.8139
4.0493
5.5784
6.2863
2.5485
2.0954
2.1238
2.1521
1.6990
2.2370
1.6424
1.5574
2.5485
1.9255
15.5743
11.5250
3.6246
14.3000
4.1343
2.7184
2.0671
3.3697
3.8794
4.5590
3.7378
2.8317
1.9539
8.6933
2.8034
2.0671
2.8317
19.8784
13.1390
4.4174
4.4741
4.1343
2.2653
1.9255
1.8406
1.7840
1.7273
2.0105
2.0388
1.8972
3.0865
2.0388
1.8406
2.5485
2.5202
2.6335
1.7840
1.6141
1.5574
1.5291
1.5008
1.4725
1.4725
1.4442
1.4442
1.4158
1.4158
1.4158
1.4158
1.4158
1.4442
1.6707
1.5008
1.4158
1.3875
1.3592
1.3592
1.3592
1.3592
1.3309
1.3309
1.3309
1.3026
1.3026
1.2743
1.3026
1.3026
1.2743
1.2743
1.2743
1.2743
2.1238
1.5008
1.3309
1.2743
1.7840
3.7945
2.6901
1.5008
1.8123
2.0105
1.8406
1.4158
4.0776
5.6634
1.7840
1.5008
2.2653
4.6440
2.3220
8.1836
2.6618
2.6335
12.4594
29.4495
30.2990
13.8186
14.6964
3.4830
2.3786
1.9822
1.7273
1.6141
1.9822
1.8972
1.5291
1.4442
1.3875
1.3309
1.4158
1.3309
1.3875
1.3026
1.6990
3.1715
1.7840
1.9539
3.3980
2.2087
1.8689
4.7855
6.4562
18.4909
3.5679
2.7184
2.1238
1.9255
7.9287
11.8081
11.1285
11.5816
15.7725
6.0598
6.3996
3.1998
2.1238
2.4919
3.0865
21.6341
38.2277
12.9408
6.8244
12.9974
14.8663
6.4279
15.2628
8.2968
4.5873
3.3131
2.4352
2.0388
3.7378
3.0865
2.1521
1.8972
7.5323
10.8454
7.7871
4.2758
4.5873
3.1149
1.6990
1.7840
1.7556
1.6141
1.5574
1.5291
1.5008
1.5008
1.7840
1.6707
2.8883
1.9255
2.2370
5.6067
4.1059
1.9822
1.7273
1.5857
1.5291
1.5857
3.3131
4.6440
4.3042
2.8034
2.2087
2.5768
3.5679
1.8406
8.3535
4.4457
2.5485
15.0079
3.0582
2.1521
1.8406
1.6990
1.6141
1.5574
1.5291
1.5291
2.0954
1.5574
1.4725
3.1998
3.0299
1.7840
1.7273
3.9360
1.6707
1.5291
1.7273
2.2937
2.9166
2.2937
2.0388
1.7556
1.5574
2.4919
1.5574
4.7289
2.0671
1.6990
3.1432
2.8883
2.0388
1.6990
1.5857
2.4352
1.6141
1.4725
1.4442
1.4158
1.4158
1.4158
2.1521
4.3891
3.4830
4.2758
2.4069
1.8406
1.6424
1.5857
1.5008
1.4158
1.3875
1.3875
1.3592
1.3309
2.5485
1.9822
2.8600
1.6424
1.4725
1.6141
1.5574
3.8794
5.0404
10.9586
13.7620
5.5218
4.0776
6.7111
20.8978
4.3608
2.5768
2.6901
3.1998
2.6051
1.6707
1.8689
1.8123
1.4725
1.3592
1.3026
1.9255
1.5574
1.3592
1.3026
1.2459
1.4442
3.3414
14.4699
9.7693
10.3640
2.9733
1.8689
1.5857
1.4442
1.3592
1.3592
1.3309
1.2743
1.2459
1.2176
1.1893
1.2459
1.2459
1.1893
1.1893
3.9927
2.0671
1.8689
3.5679
2.3503
4.1059
10.4206
7.4756
3.5396
6.3430
3.0582
3.4547
2.3503
1.5857
1.4725
1.3875
1.3309
1.3026
1.2459
1.2176
9.1463
3.9644
1.7556
1.9822
2.5485
7.3341
2.3786
2.4352
2.8034
3.0582
1.9822
2.8600
1.7273
2.7467
1.9822
2.9733
3.1715
5.2953
2.1804
1.7273
1.9822
1.6707
1.5574
2.5202
2.8883
4.7006
4.5590
3.5396
5.7483
3.9077
2.9450
2.8883
1.6990
1.4442
3.2281
1.5574
2.4352
2.6335
1.5008
3.5396
1.5291
1.5291
1.9255
1.3309
1.1893
1.2459
1.2743
1.1893
1.2459
1.3026
2.4069
2.2653
1.5857
2.1804
2.6901
2.2937
3.0299
4.6723
2.0388
1.5857
1.4158
1.3026
2.0671
1.2459
1.3592
1.1893
1.1044
1.0760
1.8406
1.3875
1.1893
1.7273
5.0404
2.7467
1.5008
1.2743
1.1610
1.1044
1.0760
1.0477
3.6812
13.8186
3.0582
4.1059
3.0016
2.8034
2.0388
13.3656
10.7604
6.2297
22.0022
11.2984
3.1715
3.0865
3.0016
3.8228
3.7095
8.3535
9.2030
6.2580
2.6051
2.6335
6.6545
3.8794
2.9733
3.3697
4.2475
2.3786
3.2564
9.2596
14.9796
16.0840
8.6650
4.9271
23.2764
27.7222
7.0226
4.0776
2.9450
3.0299
2.3220
1.6141
1.4725
1.3875
1.3026
1.2743
1.2459
1.2459
1.3309
1.5008
1.3592
1.3875
1.3309
1.5008
1.3875
2.4636
1.7273
3.9360
6.0315
1.6424
10.4772
3.5679
3.3131
9.5428
9.4578
5.4085
12.7709
35.9624
80.7030
28.6000
10.3923
8.8632
9.6844
4.6440
3.7095
3.2281
2.5768
2.3786
2.2937
1.6707
1.6141
1.5574
1.6990
1.5291
1.4442
1.4158
1.3875
1.3592
1.3592
3.0582
1.5574
1.4158
1.3875
1.3592
1.3309
1.3309
1.3309
1.3026
1.3026
1.3026
1.3026
1.3026
1.3026
1.3026
1.3026
1.2743
1.3026
1.3026
1.3875
1.3592
1.6141
6.1731
9.6560
6.0032
9.0614
9.9958
5.1253
4.7289
3.0865
2.9450
1.8689
1.6424
1.5857
2.5768
1.6707
1.5574
1.8123
4.1059
2.6618
3.0299
1.9255
1.7840
2.0388
1.5574
1.3592
2.2653
2.1238
1.9822
3.0016
2.0388
1.5008
2.0105
1.8972
2.3220
1.7273
2.9166
2.0105
1.4442
1.6424
2.2937
1.3875
1.2743
1.2176
1.3026
1.7273
5.9465
4.5024
2.4919
1.7840
2.4069
1.4725
1.3026
1.2459
1.1893
1.1893
2.4919
2.1238
2.7184
1.5857
1.2743
1.1893
1.9255
18.6608
37.6614
16.1406
3.1998
3.8228
7.9570
12.9125
3.1998
2.8034
2.0388
2.6051
2.0388
1.5008
10.6471
3.8511
2.0671
2.9450
2.2370
1.5291
1.3875
1.3026
1.2459
1.2176
1.3592
4.2475
8.2402
6.5695
42.4753
5.6917
4.2192
5.6351
2.5202
2.5768
8.1553
2.4352
1.9822
1.6707
2.8317
4.2475
3.5962
8.5517
11.0719
4.6156
3.4263
9.7976
30.2990
3.8794
10.6188
7.0509
5.3236
3.0582
2.1804
3.7945
3.3131
2.7467
2.4919
3.3697
2.3503
2.2370
2.1804
2.2370
3.6246
3.2564
2.2087
2.0388
1.9822
1.9255
1.8689
2.0671
2.3503
2.0954
3.1149
3.6246
1.8123
1.6424
2.6901
1.7840
1.6707
3.7378
6.5978
5.8899
3.5679
2.0105
2.5202
2.7467
1.7556
1.6707
1.6141
4.3042
6.0032
3.6529
3.3697
2.6335
5.4085
6.2863
4.4457
3.2281
2.2937
1.9539
1.8406
3.2848
5.8333
2.4069
2.7751
5.7483
4.1059
3.9644
3.4830
7.4473
10.0525
6.5412
17.9246
5.6917
7.4756
5.7766
3.8794
8.5234
5.4085
3.3697
2.4069
2.1521
1.9822
1.9255
2.5202
3.7378
10.0808
8.8632
3.4830
8.8065
3.4263
8.1836
3.0582
2.2370
3.7095
5.0970
7.3341
1.5008
2.1238
2.1238
16.0557
2.3786
2.0954
1.6707
1.5008
1.5857
3.5113
6.5412
4.4741
2.9450
2.2370
1.7273
1.6141
1.5857
1.6424
1.9539
1.5008
1.5857
1.5008
1.4158
1.4158
1.3592
1.3309
1.3026
1.2743
1.6990
1.8689
1.3592
1.3026
2.3786
13.7337
6.6261
3.3414
1.8972
9.6844
5.3519
4.0776
4.1059
16.3671
4.3325
5.9182
30.5822
8.8632
9.8543
19.0006
5.0687
3.0865
2.2370
1.9539
7.0509
2.5202
1.8689
1.7273
24.4941
4.0776
2.3503
2.4069
2.4919
1.7840
1.6424
1.5574
1.5574
1.5008
1.4442
1.4442
1.3875
1.3875
1.3592
1.3309
1.3309
1.3026
1.3026
1.3026
1.3026
1.2743
1.3026
1.2743
1.2743
1.2743
1.3592
1.2743
1.4442
1.8689
1.5857
1.3592
1.3026
2.0105
1.9255
2.1804
1.6990
1.3875
1.3309
1.8689
3.5113
2.0105
1.4725
1.3592
1.3309
1.3309
1.3026
1.2176
1.2176
1.2176
1.2176
1.2176
1.1893
1.1893
1.1893
1.3875
1.5574
1.2743
1.2459
1.3309
1.2743
2.2087
1.6707
1.3309
2.7467
3.3131
1.9255
1.4442
1.7556
1.4442
1.3309
1.3026
1.2459
1.2176
1.1893
1.1893
1.2743
1.7840
1.3026
1.2176
1.1893
1.1610
1.1610
1.1610
1.1327
1.1327
1.1327
1.1327
1.1044
1.1044
1.1044
1.1327
1.4158
1.1893
3.2848
1.4158
1.2743
1.4725
3.7661
2.9733
3.1998
7.5040
4.9554
4.7855
6.5695
3.7095
2.5202
1.8689
4.4174
29.4495
28.8832
4.0776
4.6440
4.1909
3.2281
3.6812
2.0671
1.7273
2.3220
2.0388
2.2937
1.5857
1.8123
2.9733
1.9255
1.7556
1.1610
1.5291
1.5574
2.6335
5.2103
1.6424
1.1893
1.1044
1.0477
1.0477
1.4442
1.3026
1.3026
1.1327
1.0477
1.2743
1.1610
1.1044
1.0194
0.9911
0.9911
0.9911
0.9628
0.9628
1.0194
2.5768
3.4830
3.7945
5.0687
3.7661
2.3786
1.3875
1.5291
5.3802
9.4578
7.6739
12.5160
4.5590
2.6335
2.1521
1.4442
2.1804
1.3875
1.3592
1.2176
2.4636
1.3875
1.1610
1.6990
1.5008
1.1327
1.0760
1.0477
1.0194
1.1893
3.5113
2.8600
2.4919
7.1925
3.7378
1.7273
11.0719
23.1349
34.8297
3.2281
2.1238
1.6990
1.5574
1.4442
22.0871
6.2580
2.6618
4.8705
2.3503
1.6990
1.5291
1.4442
1.3592
1.3309
2.2087
1.9539
2.1804
1.7556
1.5008
1.8123
1.6707
8.8915
20.5297
3.9077
2.3786
2.4352
1.8123
1.5291
1.6707
2.1238
1.5574
1.4725
2.1521
1.7273
1.5574
1.4442
2.2370
1.5574
10.3356
8.5517
6.5695
2.5485
2.6051
2.2370
1.6707
1.5008
1.4158
2.4919
1.4442
1.3592
1.3309
1.3309
1.2743
1.2743
1.2459
1.2743
1.2743
1.2459
1.2176
1.1893
1.1893
1.1893
1.1893
2.5202
1.8972
7.8721
1.7556
6.6261
2.0954
9.2313
2.5485
2.8600
1.6424
1.4442
3.7095
2.4352
1.8406
1.8689
1.8689
4.8422
2.2370
3.1149
2.0388
1.5574
1.4158
1.3592
1.3592
1.3026
12.0063
18.9723
10.7604
6.0315
2.6901
2.8034
3.4547
4.7855
3.0299
2.5485
1.7273
1.5574
1.4725
1.4442
1.4725
3.1432
3.1998
4.1343
1.8123
3.0582
4.3608
4.0493
3.5962
11.1568
3.9927
2.1238
1.8972
2.6618
1.6707
1.2743
1.1893
1.1610
1.6141
1.3026
1.6424
1.5008
3.5396
2.1238
1.3309
1.3309
1.1893
1.1327
2.2653
3.4830
1.7840
2.0954
1.3026
1.1893
1.5574
3.7945
3.2848
1.5008
1.2459
1.4158
1.2743
1.2743
1.8406
1.4442
2.5768
1.6707
4.1343
19.3970
7.3057
15.1495
16.8768
10.5339
6.9376
3.4830
6.0881
2.9733
9.5994
3.3980
1.9255
1.6141
1.6990
1.3875
2.8317
6.4279
6.7960
11.8931
5.2669
5.6634
2.2653
1.6707
1.4725
2.4069
2.0105
1.8123
1.4725
3.2281
9.9109
3.4263
2.3220
1.7273
1.4725
1.4158
2.0954
1.6990
1.6424
3.8511
24.3525
8.0137
12.5160
4.3042
2.9450
1.8972
3.2564
4.8988
9.4578
5.8899
4.7572
4.5873
3.9077
3.1998
2.4636
1.8689
1.8123
1.6424
1.5291
1.4725
1.4725
1.4158
1.3026
1.2743
1.2459
1.2459
1.2176
1.1893
1.1893
1.1893
1.1610
1.2459
1.2176
1.1610
1.1327
1.2176
2.3786
33.1307
6.3996
2.4069
1.7840
1.5857
1.5008
1.4442
1.4158
1.3875
3.5113
1.8972
1.4725
1.3875
1.8689
1.5291
1.3875
1.3309
1.3309
1.3026
1.3309
1.3592
2.2087
1.5857
1.4158
1.3592
1.3026
1.6141
2.8317
1.4442
1.3309
1.7840
2.0105
1.8406
11.6099
3.4263
6.9376
5.9749
13.4788
12.5160
6.2580
36.2456
4.7006
5.2386
10.6188
8.3818
3.7095
22.9083
28.3168
54.3683
12.4594
8.8632
7.4473
31.9980
27.2974
12.8842
9.9109
3.4263
2.5768
2.2370
2.0954
2.7467
4.5307
9.1463
2.4352
2.0671
3.2848
3.3697
5.2669
3.3131
3.5679
2.7467
2.0671
1.8406
1.9255
1.7556
