5.1253
5.4368
3.8511
4.3325
2.7184
2.3220
1.5291
1.1327
1.5291
2.0105
3.8511
2.7184
1.2743
0.7362
0.6513
1.6707
4.3325
3.3697
8.9764
23.2198
8.9764
5.4368
3.5962
7.3624
4.5873
4.0776
3.8511
3.8511
3.5962
3.1432
2.0105
0.2379
0.3681
0.3681
0.4248
0.3681
0.2803
0.2803
0.2379
0.2010
0.2010
0.2010
0.2379
0.5663
0.7362
0.4248
10.0808
2.0105
0.9628
0.7079
0.5663
0.5663
0.5663
0.7929
0.5663
0.4531
0.3964
0.3964
0.3398
0.3398
0.3398
0.3964
0.3398
0.5097
2.3220
0.8778
0.7929
0.6513
0.4531
0.5097
0.4531
0.5097
0.5097
0.3398
0.3115
0.3115
0.3115
0.3115
0.2549
0.2549
0.2549
0.3115
0.3398
0.3964
0.3115
0.2549
0.3398
0.7929
2.1804
1.0477
0.7929
1.0477
0.6513
0.4531
0.3398
0.3398
0.7079
0.8778
0.7929
0.5663
1.3026
1.0477
0.9628
1.0477
1.2176
0.7929
0.6513
0.5097
0.5097
0.3964
0.3964
0.3964
0.5097
0.4531
0.3398
0.3398
0.4531
0.6513
2.5485
1.5857
0.7079
0.5663
0.5097
0.4531
0.3964
0.3398
0.3398
0.3398
0.3398
0.5097
0.8778
0.5663
0.3964
0.3964
1.0477
0.5097
1.5857
0.8778
0.5663
0.4531
0.5663
7.3624
2.3220
1.2176
1.5857
2.0105
1.0477
1.1327
5.1253
5.7766
3.0582
2.8883
2.7184
1.7556
1.4442
1.3026
1.1893
1.0477
1.0477
2.5485
1.1893
0.9061
1.5857
1.1893
1.5857
1.8972
2.0105
1.3026
0.8212
2.8883
3.1998
8.5800
3.1998
2.7184
7.3624
2.8883
3.1998
1.5857
1.4442
1.3026
1.1893
2.5485
2.1804
4.5024
2.5485
4.0776
2.7184
2.7184
1.5291
1.1327
1.0477
1.1327
8.9764
3.8511
2.7184
3.8511
2.1804
3.5962
2.7184
1.4158
1.0477
0.8212
1.1327
0.8212
0.7362
0.8212
0.8212
0.7362
0.6513
0.6513
0.6513
0.6513
0.5097
0.1982
0.1926
0.1841
0.1756
0.1671
0.1784
0.1784
0.1784
0.1982
0.1982
0.1926
0.6796
0.6513
3.3697
1.4442
0.8495
0.5380
0.3398
0.2803
0.3115
0.3398
0.3115
0.2718
0.2549
0.2322
0.2180
0.3398
0.3115
0.2407
0.8495
4.3325
0.7929
1.5857
0.9061
0.5947
1.2176
0.6796
0.4531
0.3681
0.7646
0.6230
2.7184
1.8406
0.7929
0.6513
0.6513
0.4814
0.3964
0.3681
0.3398
0.3115
0.3115
0.2803
0.2803
1.3026
12.9125
2.1804
1.0194
0.7362
0.6230
0.5380
0.5097
0.4814
4.5873
1.1893
2.9450
7.3624
4.5873
3.1432
1.4442
4.8705
1.8406
1.1327
0.9061
0.7929
0.7079
0.6230
0.6230
0.7646
0.7646
0.7362
0.5663
0.5097
0.4814
0.4814
0.4814
0.4531
0.3964
1.2176
1.1327
0.6513
0.6796
0.4814
0.4248
0.4248
0.4248
0.5663
1.0194
0.5380
0.4248
0.3681
0.3681
0.3681
0.3398
0.7929
0.5663
0.4248
0.3681
0.3115
0.3115
0.2832
0.3115
0.3398
0.7079
1.3026
0.6230
0.4248
0.3681
0.3115
0.3681
0.3964
0.3964
0.3398
0.3115
0.4248
0.3681
0.3115
0.2832
0.2718
0.2549
0.2464
0.4248
0.4248
0.3115
0.7362
0.4531
0.3115
0.2803
0.2633
0.2549
0.2407
0.2407
0.2407
0.7646
0.7079
0.5097
0.3398
0.4248
0.4248
0.3115
0.2549
0.2464
0.2407
0.2464
0.2322
0.2322
0.6796
1.0477
0.4814
0.3115
0.7362
0.8495
1.2176
0.6796
0.8495
0.5097
0.3681
0.3115
0.3115
0.3115
0.4248
0.5097
1.3026
0.5380
0.4248
0.3398
0.2832
0.2633
0.2549
0.2464
0.2322
0.2265
0.3115
0.2549
0.2265
0.3115
0.2322
0.5380
0.3115
0.2265
0.1982
0.2067
0.2633
0.5097
0.2832
0.2265
0.1982
0.1926
0.1784
0.1756
0.1671
0.4248
0.3681
0.2718
0.2464
0.4248
0.4814
0.2803
0.6513
1.8972
0.9628
0.4248
0.3115
0.2718
0.2464
0.3681
0.2718
0.3115
9.5994
1.8406
0.5380
0.4531
0.3398
0.6513
0.3964
0.3115
0.2322
0.1982
0.1756
0.1586
0.1501
0.1416
0.1303
0.1416
0.1529
0.2832
0.5097
0.2549
0.2265
0.2265
0.1926
0.1586
0.1501
0.1303
4.4174
13.9319
3.7661
1.4442
1.3026
0.7646
0.5947
2.0954
1.9822
1.1327
0.7646
0.6230
0.5380
0.5380
0.4814
0.5097
0.5380
0.4248
0.3964
0.3681
0.3681
0.3681
0.3681
0.3398
0.3398
0.3398
0.3681
0.7362
1.5857
0.8778
0.7646
0.4814
0.4248
0.3681
0.3964
1.0194
2.0954
0.6796
1.0477
2.4636
0.7079
0.5947
1.8406
4.0776
13.5921
14.8947
8.5800
2.5485
1.5857
1.6141
2.9450
2.0105
1.2176
1.0194
0.8778
0.8778
0.7362
0.6513
0.5947
0.5380
0.4814
0.4814
0.4248
0.4248
0.3964
0.3681
0.4248
0.3964
0.3398
0.3115
0.3115
1.4442
0.7646
0.4814
0.3398
0.3115
0.2718
0.2549
0.2464
0.2322
0.2265
0.2095
0.2067
0.2067
0.1982
0.1926
0.2265
0.2180
0.2067
0.1926
0.1784
0.1756
0.1671
0.1671
0.1614
0.1756
0.2803
1.3026
0.5380
0.7929
0.7362
3.3697
2.1804
0.5947
0.3681
0.2803
0.3398
1.0194
2.1804
0.6513
0.5380
1.6141
2.6618
0.8495
1.1044
0.8778
0.5380
0.5380
0.3681
0.3964
0.2718
0.3115
2.0671
0.6230
0.3681
0.2633
0.2549
1.6990
0.5663
0.3681
0.2549
0.3115
1.5291
1.0477
0.6513
2.0954
1.2176
2.0671
0.9061
0.5097
1.0194
0.6796
0.8495
0.5663
0.3964
0.3398
0.2832
0.5380
0.4248
0.3115
0.2407
0.2265
0.3681
0.7362
1.3592
0.5097
0.3115
0.2549
1.3592
3.1998
0.5947
0.5947
0.6796
0.3964
0.3115
0.2633
0.2407
0.2180
0.2067
0.2067
0.2095
0.3398
0.3115
0.8212
0.6230
0.8778
0.8212
1.3026
1.0194
0.4248
0.9061
1.2743
0.4814
0.3115
0.3964
0.3681
0.3681
1.0194
0.7646
2.8600
1.2176
2.0954
0.8212
0.7929
6.3147
2.5485
1.1044
0.7079
0.5380
0.4531
0.3964
0.3681
0.3115
0.7362
9.3729
16.2539
3.6812
1.4442
0.9628
0.7929
0.6513
0.5947
0.5097
