0.9628
0.6796
0.6796
0.8495
0.5947
0.5097
0.5947
2.4352
1.3026
0.8495
0.5947
5.0970
11.2135
3.3980
1.3592
0.8495
0.6796
0.5947
0.8495
0.5947
0.5097
0.5947
1.2743
0.5947
0.5097
0.5947
11.6665
12.2329
2.0388
1.0760
0.7646
11.4400
19.2838
5.3802
7.2208
5.6634
3.1432
3.3980
3.1432
2.8883
7.6172
6.7960
3.3980
2.0388
0.8495
0.6796
0.5947
0.7646
0.8495
0.9628
0.6796
0.6796
0.6796
1.0760
0.8495
1.5291
4.5307
2.4352
0.6796
0.8495
0.6796
0.6796
0.5947
0.5097
0.5097
0.4531
0.4531
0.3964
0.3964
0.5097
0.3964
0.3964
0.3964
0.3964
0.3964
0.3964
0.3964
0.3964
0.3964
0.3964
0.3964
0.3964
0.4531
1.6990
16.7919
29.1664
22.6818
5.0970
2.0388
2.4352
8.9764
3.6812
3.1432
2.0388
0.6796
0.6796
0.7646
0.7646
2.3503
14.3283
5.0970
12.3461
14.8947
30.5822
18.1794
6.2297
3.9644
3.3980
22.9083
5.6634
6.7960
3.9644
3.1432
3.1432
2.8883
14.4133
13.7903
5.3802
8.0986
31.9980
5.9465
4.5307
16.7353
24.5224
10.1657
5.6634
5.6634
4.2475
13.1957
6.7960
5.0970
6.6261
12.3461
6.7960
6.2297
4.2475
3.6812
3.1432
2.8883
2.8883
1.6990
0.9628
0.9628
1.3592
1.6990
2.0388
3.3980
2.4352
9.3729
3.1432
2.4352
2.4352
2.4352
2.2370
1.8689
1.6990
1.6990
2.0388
5.0970
3.1432
2.6618
2.4352
2.2370
1.5291
1.3592
1.3592
1.6990
1.8689
2.0388
2.4352
2.0388
1.8689
1.5291
1.6990
1.5291
6.9943
6.2297
3.6812
3.1432
2.8883
2.2370
1.8689
2.8883
1.6990
3.1998
4.5307
2.0388
1.6990
1.6990
1.3592
0.9628
0.8495
0.6796
0.6796
0.6796
0.5947
0.5947
0.5947
0.5947
0.5097
0.5097
0.5097
0.5097
0.4531
0.5097
0.8495
0.3964
0.3964
0.3964
0.3964
0.3964
0.4531
0.4531
0.3964
0.3964
0.3964
0.3964
0.8495
0.5947
0.5947
0.8495
1.5857
1.3592
1.0760
0.5947
3.1715
3.9644
4.5307
2.0388
4.5307
5.2669
5.0970
2.2370
2.2370
1.5291
0.9628
0.8495
1.2459
0.8495
2.2370
0.5097
0.5097
0.5097
0.5097
0.5097
0.5097
0.5097
0.5097
3.1432
0.9628
1.3592
26.2780
3.3980
6.2297
3.9644
2.4352
2.2370
0.8495
6.2297
2.0388
2.4352
1.8689
1.3592
1.0760
0.9628
0.6796
0.6796
0.5947
0.5097
0.5097
0.5097
1.0760
1.0760
0.5097
0.5097
0.5380
0.6230
0.7646
1.9255
0.6796
0.6513
1.4158
1.2743
0.6796
0.5947
0.6513
1.3309
1.8123
0.6230
0.5947
0.5097
0.5097
0.4814
0.5663
0.4531
0.4531
1.3592
1.4158
0.8495
0.9628
0.9628
0.9061
0.5097
0.6230
0.6230
0.4531
0.4531
0.4531
0.4814
0.3681
0.3681
0.3681
0.3681
0.3681
0.3681
0.3681
0.3681
0.3681
0.3681
0.3681
0.3681
0.3681
0.3681
0.3681
0.3681
0.4814
0.8778
6.3713
2.8317
0.7646
0.5663
0.3964
0.3681
0.4531
0.4814
0.4814
0.6513
0.4814
0.3681
0.4531
0.5947
0.4531
2.9733
1.5857
11.2135
5.2669
9.2030
2.9166
1.3592
0.7929
0.7646
0.9628
0.5097
0.5097
0.5097
0.5097
0.4814
0.5380
1.5291
0.5663
0.4531
0.4531
0.4531
0.4531
0.4814
0.7079
0.5380
1.0194
0.5097
0.6513
0.6513
0.6513
1.0194
0.6513
0.6513
0.5663
0.6230
0.5380
0.5663
0.5380
0.5380
1.1044
1.1327
3.3131
1.4158
4.5024
1.9539
1.5857
0.6796
1.6424
6.2580
2.2653
2.5202
1.5574
1.3026
1.4158
0.8212
0.6230
0.5947
0.5947
1.6990
0.7646
0.6513
3.1998
3.5396
0.8778
0.6230
0.5380
0.5097
0.5097
0.5097
0.5097
0.5097
0.8495
0.8212
0.5947
0.9911
1.3875
2.0105
0.7646
0.6230
0.5097
0.4814
0.5097
1.1044
1.1327
2.0954
30.5822
43.8911
5.4085
1.6990
1.0477
0.8212
3.6529
1.3592
0.8778
0.6796
0.5097
0.5380
0.5380
0.5097
0.8212
0.5097
0.5380
0.5947
2.6051
9.2030
11.2135
9.2030
22.7951
10.1657
2.8600
1.6990
1.1893
0.9628
0.8212
0.7929
0.6796
0.5663
0.5380
0.5097
0.5097
0.5380
0.5663
4.6723
1.4158
5.0970
4.0210
4.0210
19.2838
3.6529
7.4756
3.3980
1.6707
1.7840
2.1238
0.6796
0.8212
2.0388
1.2176
2.2653
0.9628
0.5663
0.5380
0.4814
0.4531
0.4531
0.5663
0.4531
0.4531
0.4531
0.4248
0.4814
1.4158
1.5574
1.0194
0.4814
0.9061
0.9345
0.4531
0.3964
0.3964
0.3964
0.5097
0.4248
0.7079
0.8495
0.8212
0.5380
0.4531
0.4531
1.3592
0.5097
0.3964
0.3681
0.3681
0.3681
0.3681
0.3681
0.3681
0.3681
0.3681
0.5947
0.4531
0.3681
0.3681
0.3681
0.3681
0.3681
0.3681
0.3681
0.3964
0.6513
0.4531
0.5663
0.6230
0.6230
1.0194
0.9911
0.7929
2.1521
1.8972
0.8495
0.6796
0.8212
0.5097
0.6230
0.4248
0.3681
0.3398
0.3398
0.3398
1.5008
1.8972
17.7547
5.5501
1.5857
2.1521
1.5008
3.4263
1.7840
1.2176
0.9628
0.6230
0.8212
0.4248
0.3964
0.5380
1.2176
0.8212
1.6990
2.4919
2.0671
1.5008
0.9628
0.4248
0.4248
0.4248
0.3964
0.8212
0.5380
0.3681
0.3964
0.5663
0.3964
0.3681
2.6618
4.8705
19.2838
32.8475
19.2838
3.5396
2.4919
2.5768
1.6990
1.5008
16.1972
13.5921
3.5396
3.6812
4.7289
5.2103
13.5921
6.9659
3.7095
2.4636
13.5921
6.3430
3.5396
2.7467
2.4636
1.8972
0.8212
1.5008
1.6990
0.7079
0.6513
0.5663
0.4248
0.3964
0.3964
0.3964
0.3681
0.3398
0.3398
0.3681
0.3398
0.3398
0.3398
0.3398
0.3115
0.3115
0.3115
0.3115
0.3115
0.3115
0.3115
0.3115
0.3115
0.3398
0.3398
0.3398
0.3398
0.3964
0.3398
0.3964
1.3026
1.5008
0.3964
0.3398
0.3398
0.3964
0.3398
0.3398
0.8212
1.9822
0.5380
1.6141
0.6513
0.3964
0.3964
0.3964
0.3964
0.3398
0.3398
2.4069
0.6513
0.3964
0.3964
0.3964
0.3398
0.3398
0.3398
0.3398
0.3398
0.3398
0.3398
0.3398
0.3398
0.3398
0.3398
0.3964
0.3964
0.3964
0.6230
0.4248
0.3964
0.3964
0.3964
0.3964
0.3964
0.3964
0.3964
0.3964
0.3964
0.3964
0.3964
0.5380
0.3964
0.3964
0.3398
0.3398
0.5380
0.4248
0.3964
0.3964
0.3964
0.3398
0.3398
0.3964
0.3964
0.7362
0.3964
4.3325
0.8212
0.3964
0.3398
0.3398
0.3398
0.3398
0.3398
0.3398
0.3398
0.3398
0.3964
1.1893
0.4248
0.3964
0.3964
8.7499
11.0719
6.7111
6.3147
4.0776
2.9733
4.0776
4.3891
2.7184
2.1804
1.7556
1.2176
1.0477
1.0477
0.9061
1.2176
1.7556
0.7929
1.0477
1.0477
1.0477
0.7079
0.6230
0.6230
0.5663
0.5663
0.5663
0.7079
4.7006
4.7006
2.1804
4.0776
5.2953
2.1804
0.9061
1.0477
4.7006
1.7556
0.9061
0.7079
0.7079
1.0477
0.9061
0.9061
0.6230
0.5663
0.5380
0.5380
0.5380
0.5380
0.4814
0.4814
0.4814
0.5380
0.7929
0.7929
3.5113
11.5533
12.9974
11.5533
26.2780
6.7111
16.1123
59.1822
19.2838
14.0168
9.2030
6.3147
4.3891
2.9733
2.4636
1.7556
1.5857
1.2176
1.0477
0.9061
0.7929
0.7079
0.7079
4.9838
4.0776
2.7184
1.9822
1.9822
1.9822
1.9822
1.9822
1.7556
2.9733
2.4636
1.5857
1.5857
1.4158
1.2176
0.7929
0.5380
0.4814
0.4814
0.4814
0.4248
0.4248
0.4248
0.4248
0.4248
0.4814
0.3964
0.3964
0.3964
0.3964
0.3964
0.3964
0.3964
0.5663
0.3964
0.3964
0.3964
0.3964
0.3964
0.3964
0.3964
0.3964
0.3964
0.3964
0.3964
0.3964
0.3964
0.3964
0.3964
0.4814
0.3964
0.3964
0.3964
0.5663
0.5380
0.5663
0.3964
0.4248
0.3964
0.3964
0.3964
0.3964
0.3964
0.6230
4.7006
3.2281
0.7079
0.6230
0.4248
0.4248
0.3964
0.3964
0.3964
0.3964
0.3964
0.9061
0.5380
0.4814
0.4248
0.7929
0.6230
0.4248
0.4248
0.3964
0.3964
0.3964
0.3964
0.3964
0.3964
0.3964
0.3964
0.3964
0.3964
0.4248
0.3964
0.5663
0.3964
0.3964
0.3964
0.3964
0.3964
0.3964
0.3964
5.9465
7.1075
12.5160
4.7006
2.4636
1.9822
1.5857
0.9061
2.7184
1.5857
0.7929
0.6230
0.7079
0.5663
0.5380
0.5663
0.5380
2.9733
4.0776
15.6026
3.2281
4.3891
8.3252
4.7006
3.5113
4.7006
5.2953
2.1804
2.4636
1.7556
2.7184
1.9822
8.3252
30.5822
45.5901
11.2135
7.9287
4.0210
16.1972
11.7798
17.7547
10.1657
12.3461
10.1657
7.1358
3.7095
2.1804
1.9822
1.5008
2.1804
1.3026
1.3026
2.1804
3.7095
1.6141
1.0477
0.9628
0.7362
1.1893
7.1358
1.5008
1.3026
0.8212
1.0477
0.9628
0.8212
1.0477
0.5380
0.4248
0.3964
1.6141
0.6230
0.3964
0.3964
0.6230
10.1657
4.9838
3.4263
5.3519
2.6335
1.7840
3.4263
7.1358
2.8883
4.6440
9.2030
3.4263
19.2838
8.3252
5.3519
4.0210
3.4263
2.8883
4.6440
2.8883
2.8883
4.3325
2.8883
4.9838
11.2135
12.3461
9.6844
4.3325
2.6335
2.6335
5.6917
3.4263
2.8883
9.6844
7.9287
7.5323
3.7095
2.8883
2.6335
2.4069
3.7095
13.5921
19.2838
5.2953
3.5113
2.9733
3.5113
3.2281
5.2953
5.9465
3.5113
3.2281
3.2281
3.2281
7.1075
4.3891
3.5113
3.2281
2.7184
2.7184
2.7184
2.1804
1.9822
1.9822
1.7556
1.4158
1.2176
1.0477
3.2281
1.7556
1.4158
1.2176
1.0477
1.0477
1.7556
1.2176
1.4158
7.1075
5.6067
20.1616
19.2838
6.3147
8.7499
4.9838
3.2281
2.9733
2.7184
2.4636
1.9822
1.0477
1.2176
1.0477
0.9061
0.7929
0.7929
0.7929
0.7929
0.7929
0.7929
0.9061
1.0477
0.7929
0.5380
0.4814
0.4248
0.4248
0.4248
0.4248
0.9061
0.6230
0.5663
0.5380
1.7556
3.2281
1.0477
0.6230
0.6230
0.5663
1.0477
1.4158
0.7929
0.9061
0.9061
1.2176
1.5857
2.4636
6.3147
4.7006
2.4636
2.7184
2.7184
7.5040
12.5160
3.2281
3.5113
26.2780
14.0168
7.1075
4.3891
2.4636
1.7556
1.5857
8.7499
7.5040
4.3891
14.5549
13.4788
10.5905
4.0776
6.3147
3.7661
2.4636
1.7556
1.5857
1.4158
2.4636
10.1091
2.7184
2.1804
6.3147
2.4636
1.5857
1.7556
4.0776
4.9838
2.7184
4.0776
4.0776
13.4788
1.4442
6.2580
1.7840
1.9822
1.1044
1.2176
1.1044
0.9061
0.9061
0.7646
0.7646
0.7362
0.7646
0.8212
8.0703
1.5857
1.4158
13.1390
1.9822
1.2176
1.0477
0.9061
0.8212
0.8212
0.8495
0.7646
0.7362
0.7362
12.9691
5.5218
4.2475
8.7216
4.8139
1.9822
3.8511
6.4279
6.1448
4.8988
3.9360
2.8034
3.7661
2.1804
1.5291
1.2176
1.1044
1.0194
0.8778
0.8212
0.7929
0.7362
0.7362
0.7362
0.7079
1.3026
6.0032
20.5863
3.5962
1.5008
0.9911
0.8495
0.7079
0.6796
0.6796
0.6796
0.7079
0.7079
0.7079
0.6796
0.6796
0.7646
0.6796
0.8212
5.6067
1.0760
0.6796
0.5947
0.5663
0.5663
0.5380
0.5380
1.5008
0.9061
0.6796
0.8212
1.1044
9.2030
23.8428
7.1925
2.5485
2.1804
1.9822
1.7556
1.5291
1.4158
1.1893
1.0194
0.9061
0.8778
0.8212
1.5857
1.1044
0.9061
0.8212
0.7362
0.7079
0.7079
0.6513
0.6230
0.6230
0.5663
0.5663
0.8212
0.6513
0.5663
1.1044
0.7929
0.7079
0.8778
4.8139
17.5281
21.9172
10.9586
6.0881
4.3891
24.0976
10.7321
13.1390
8.4951
4.2475
3.2848
2.8034
3.0582
2.4636
9.8259
17.9246
11.0719
3.8511
4.2192
3.1432
2.7184
2.4919
2.1521
1.7556
1.1327
1.0194
1.4725
1.0194
0.9061
0.8212
1.2459
0.8212
0.7929
0.6230
0.6230
0.5947
0.5663
0.6796
2.8600
10.1657
2.0954
0.8778
0.7646
3.7095
7.9854
7.8721
4.3891
1.9822
1.2176
4.2475
2.0954
2.6335
1.6141
1.0760
1.5857
0.9061
0.9061
13.2240
6.0881
1.9255
2.1804
1.9255
2.5485
0.5097
0.5380
0.6230
0.7929
2.0954
5.4368
0.7929
0.6230
0.6230
0.4248
0.7929
0.6796
0.5097
0.4248
1.5574
3.8511
1.0477
0.5097
0.4814
0.4531
0.4248
0.4248
0.3964
0.4814
0.5097
0.4531
1.4158
1.3592
0.4814
0.4531
1.2176
0.9911
0.4531
0.4531
0.4248
0.9628
1.3592
0.9061
11.5533
9.4578
3.8228
12.2612
25.0038
19.1422
23.9561
16.9901
6.3430
3.3414
2.5768
1.9822
1.5291
1.2743
1.0760
0.9061
0.7646
0.6796
0.6230
0.5380
0.5097
0.5097
0.5097
0.9061
0.5947
0.5097
0.4531
0.4531
0.4248
0.4248
0.3964
0.3964
0.6796
0.5380
0.5663
0.8212
0.5947
0.4248
1.6990
1.3026
0.7646
1.2743
6.4846
7.3907
4.5024
1.5008
0.8778
0.6796
0.6230
0.5663
0.9911
3.1998
0.9061
1.0194
0.7079
0.5097
0.4248
0.4248
0.4248
0.3964
0.5097
3.2848
0.9061
0.7646
0.6796
0.5663
0.6796
0.4531
0.5663
1.0194
3.6812
10.4206
2.6618
2.0105
1.7273
0.9911
0.7362
0.5663
0.4531
0.4248
2.3786
4.0210
2.0954
0.8778
0.7362
0.9345
5.6917
1.9822
13.5921
16.5937
5.5218
14.9796
3.4263
2.8883
1.6707
2.2653
1.3026
1.1327
0.9061
1.1044
0.8212
0.6513
0.5947
0.5663
0.4814
1.2743
0.5663
0.4531
0.9061
3.1998
1.4158
3.1149
0.9628
26.9860
21.5491
20.3598
28.6000
11.4683
19.4537
7.1358
6.3147
4.6440
3.5962
5.7766
2.9450
2.1521
1.6990
1.4158
1.1610
1.3309
1.0194
5.4652
2.9733
1.3309
0.9628
0.7646
0.7079
0.6796
0.6513
0.5663
0.5663
0.6230
1.7840
1.1044
