  0.0218
  0.0218
  0.0218
  0.0218
  0.0218
  0.0218
  0.0218
  0.0218
  0.0218
  0.0218
  0.0218
  0.0263
  0.0481
  0.0566
  0.0566
  0.0481
  0.0263
  0.0218
  0.0934
  0.1841
  0.0566
  0.0311
  0.0263
  0.0218
  0.0263
  0.0218
  0.0176
  0.0218
  0.0396
  0.0263
  0.0218
  0.0218
  0.0218
  0.0218
  0.0218
  0.0218
  0.0218
  0.0218
  0.0218
  0.0218
  0.0218
  0.0218
  0.0176
  0.0176
  0.0176
  0.0176
  0.0218
  0.0263
  0.0176
  0.0176
  0.0651
  0.0708
  0.0263
  0.0218
  0.0176
  0.0176
  0.0176
  0.0176
  0.0176
  0.0176
  0.0176
  0.0130
  0.0538
  0.0311
  0.0218
  0.0176
  0.0176
  0.0176
  0.0176
  0.0176
  0.1133
  0.0176
  0.0176
  0.0176
  0.0176
  0.0176
  0.0176
  0.0176
  0.0176
  0.0176
  0.0176
  0.0176
  0.0176
  0.0176
  0.0130
  0.0130
  0.0130
  0.0130
  0.0130
  0.0130
  0.0130
  0.0130
  0.0934
  0.0793
  0.0793
  0.0793
  0.0736
  0.0793
  0.0736
  0.0708
  0.0708
  0.0651
  0.0651
  0.0566
  0.0566
  0.0566
  0.0566
  0.0538
  0.0538
  0.1416
  0.0736
  0.0623
  0.0708
  0.1303
  0.1501
  0.0736
  0.0651
  0.0566
  0.0538
  0.0538
  0.0538
  0.0453
  0.0453
  0.0453
  0.0453
  0.0396
  0.0340
  0.0340
  0.0340
  0.0340
  0.0340
  0.0340
  0.0340
  0.0340
  0.0340
  0.0311
  0.0311
  0.0311
  0.0340
  0.0538
  0.0481
  0.0340
  0.0340
  0.0340
  0.0340
  0.0481
  0.0453
  0.0453
  0.0396
  0.0340
  0.2180
  0.1841
  0.0651
  0.0481
  0.0453
  0.0340
  0.0340
  0.0340
  0.0340
  0.0311
  0.0263
  0.0263
  0.0263
  0.0481
  0.0934
  0.0934
  0.0651
  0.0481
  0.0453
  0.0340
  0.0340
  0.0263
  0.0263
  0.0218
  0.0218
  0.0218
  0.0218
  0.0218
  0.0176
  0.0176
  0.0176
  0.0176
  0.0176
  0.0218
  0.0263
  0.0263
  0.0218
  0.0218
  0.0218
  0.0176
  0.0176
  0.0176
  0.0176
  0.0263
  0.0878
  0.0481
  0.0311
  0.0340
  0.0708
  0.1841
  0.0538
  0.0340
  0.0263
  0.0263
  0.0218
  0.0218
  0.0176
  0.0176
  0.0176
  0.0176
  0.0176
  0.0176
  0.0176
  0.0176
  0.0263
  0.0218
  0.0263
  0.0623
  0.0263
  0.0176
  0.0130
  0.0130
  0.0130
  0.0130
  0.0130
  0.0130
  0.0130
  0.0130
  0.0130
  0.0130
  0.0130
  0.0263
  0.0176
  0.0878
  0.4814
  0.2095
  0.1019
  0.0963
  0.0623
  0.0736
  0.0538
  0.0340
  0.0340
  0.0340
  0.0263
  0.0263
  0.0218
  0.0311
  0.0340
  0.0263
  0.0311
  0.0878
  0.0453
  0.1303
  0.1048
  0.1133
  0.1048
  0.0623
  0.0538
  0.1048
  0.2237
  0.0708
  0.0623
  0.0538
  0.0623
  0.0651
  0.0453
  0.0396
  0.0396
  0.0453
  0.0566
  0.0340
  0.0311
  0.0263
  0.0396
  0.1048
  0.0934
  0.0878
  0.0793
  0.1444
  0.0934
  0.2379
  0.1784
  0.1274
  0.0878
  0.0793
  0.0793
  0.0736
  0.0708
  0.0708
  0.1133
  0.0821
  0.0708
  0.0651
  0.0651
  0.0623
  0.0623
  0.0566
  0.0566
  0.0566
  0.0623
  0.0651
  0.0566
  0.0566
  0.0538
  0.0538
  0.0538
  0.0566
  0.0538
  0.0566
  0.0708
  0.0538
  0.0481
  0.0453
  0.0453
  0.0453
  0.0453
  0.0453
  0.0453
  0.0453
  0.0396
  0.0396
  0.0340
  0.0340
  0.0340
  0.0340
  0.0340
  0.0340
  0.0340
  0.0340
  0.0340
  0.0340
  0.0340
  0.0623
  0.0651
  0.0396
  0.0340
  0.0340
  0.0311
  0.0311
  0.0263
  0.0263
  0.0263
  0.0263
  0.0263
  0.0263
  0.0263
  0.0453
  0.1218
  0.0538
  0.0340
  0.0263
  0.0263
  0.0263
  0.0263
  0.0263
  0.0218
  0.0218
  0.0218
  0.0218
  0.0218
  0.0218
  0.0218
  0.0218
  0.0218
  0.0263
  0.0218
  0.0176
  0.0263
  0.0651
  0.0453
  0.0263
  0.0218
  0.0263
  0.0340
  0.0218
  0.0176
  0.0176
  0.0176
  0.0176
  0.0176
  0.0176
  0.0176
  0.0176
  0.0218
  0.0218
  0.1019
  0.0340
  0.0218
  0.0218
  0.0176
  0.0176
  0.0176
  0.0176
  0.0263
  0.0218
  0.0176
  0.0176
  0.0176
  0.0176
  0.0176
  0.0934
  0.0340
  0.0218
  0.0176
  0.0176
  0.0176
  0.0176
  0.0218
  0.0453
  0.0218
  0.0176
  0.0130
  0.0130
  0.0130
  0.0130
  0.0130
  0.0130
  0.0130
  0.0130
  0.0130
  0.0130
  0.0130
  0.0130
  0.0176
  0.0130
  0.0130
  0.0088
  0.0088
  0.0088
  0.0088
  0.0088
  0.0088
  0.0088
  0.0088
  0.0088
  0.0088
  0.0088
  0.0088
  0.0088
  0.0088
  0.0088
  0.0088
  0.0088
  0.0088
  0.0088
  0.0088
  0.0088
  0.0130
  0.0340
  0.0340
  0.0176
  0.0130
  0.0088
  0.0130
  0.0176
  0.0130
  0.0176
  0.0821
  0.0821
  0.0821
  0.0821
  0.1019
  0.1133
  0.1133
  0.2095
  0.1104
  0.0934
  0.0793
  0.0793
  0.0708
  0.0708
  0.0708
  0.2265
  0.1416
  0.1104
  0.1019
  0.3964
  0.1303
  0.0934
  0.0793
  0.0793
  0.0736
  0.0708
  0.0566
  0.0538
  0.0538
  0.0538
  0.0481
  0.0453
  0.0538
  0.0793
  0.1444
  0.1048
  0.0934
  0.0708
  0.0708
  0.0651
  0.0566
  0.0538
  0.0538
  0.0481
  0.0453
  0.0453
  0.0453
  0.0453
  0.0453
  0.0453
  0.0453
  0.0453
  0.1614
  0.3964
  0.1189
  0.2379
  0.1048
  0.0736
  0.0623
  0.0538
  0.0538
  0.0481
  0.0453
  0.0453
  0.0453
  0.0453
  0.0453
  0.0453
  0.0453
  0.0453
  0.0396
  0.0396
  0.0396
  0.0340
  0.0340
  0.0396
  0.0340
  0.0340
  0.0340
  0.0311
  0.0311
  0.0453
  0.0453
  0.0340
  0.0311
  0.0311
  0.0311
  0.0311
  0.0311
  0.0263
  0.0263
  0.0311
  0.0340
  0.0340
  0.0311
  0.0311
  0.0311
  0.0311
  0.0311
  0.0311
  0.0396
  0.0340
  0.0340
  0.0340
  0.0396
  0.0453
  0.0396
  0.0340
  0.0340
  0.0311
  0.0311
  0.0311
  0.0311
  0.0263
  0.0263
  0.0263
  0.0263
  0.0263
  0.0218
  0.0218
  0.0218
  0.0218
  0.0218
  0.0176
  0.0176
  0.0176
  0.0176
  0.0176
  0.0176
  0.0176
  0.0176
  0.0218
  0.0453
  0.0311
  0.0263
  0.0263
  0.0218
  0.0218
  0.0218
  0.0453
  0.0311
  0.0311
  0.0263
  0.0263
  0.0218
  0.0218
  0.0263
  0.0396
  0.0311
  0.0263
  0.0218
  0.0218
  0.0263
  0.0263
  0.0453
  0.1104
  0.1019
  0.0623
  0.0396
  0.0340
  0.0453
  0.0736
  0.0481
  0.8778
  0.2832
  0.0623
  0.0453
  0.0340
  0.0311
  0.0396
  0.0481
  0.0793
  0.0453
  0.0311
  0.0396
  0.0821
  0.0566
  0.0453
  0.0340
  0.0311
  0.0263
  0.0263
  0.0263
  1.3592
  0.6230
  0.4531
  0.3398
  0.2832
  0.2464
  0.2180
  0.2010
  0.1897
  0.1756
  0.1671
  0.1529
  0.1501
  0.1501
  0.1699
  0.1359
  0.1303
  0.1274
  0.1218
  0.1189
  0.1133
  0.1104
  0.1048
  0.1048
  0.7646
  0.1756
  0.1274
  0.1133
  0.1048
  0.1019
  0.1048
  0.1019
  0.0963
  0.0878
  0.0821
  0.0821
  0.0821
  0.0821
  0.0793
  0.0736
  0.0736
  0.0736
  0.0708
  0.0708
  0.0708
  0.0708
  0.0708
  0.0708
  0.0651
  0.0651
  0.0623
  0.0623
  0.0623
  0.0623
  0.0651
  0.0821
  0.2237
  0.0821
  0.0708
  0.0878
  0.0821
  0.0821
  0.0623
  0.0538
  0.0538
  0.0538
  0.0623
  0.0538
  0.0538
  0.0538
  0.0481
  0.0453
  0.0453
  0.0453
  0.0453
  0.0453
  0.0453
  0.0453
  0.0453
  0.0453
  0.0453
  0.0453
  0.0453
  0.0453
  0.0396
  0.0396
  0.0340
  0.0340
  0.0340
  0.0340
  0.0340
  0.0340
  0.0340
  0.0340
  0.0340
  0.0340
  0.0340
  0.0311
  0.0311
  0.0311
  0.0311
  0.0311
  0.0311
  0.0311
  0.0311
  0.0311
  0.0311
  0.0311
  0.0311
  0.0311
  0.0311
  0.0453
  0.0453
  0.4248
  0.1104
  0.0453
  0.0340
  0.0311
  0.0311
  0.0311
  0.0311
  0.0263
  0.0311
  0.0311
  0.0311
  0.0263
  0.0263
  0.0263
  0.0263
  0.0538
  0.0651
  0.0340
  0.0311
  0.0311
  0.0453
  0.0538
  0.0736
  0.0793
  0.0538
  0.1529
  0.1133
  0.0538
  0.0340
  0.0311
  0.0263
  0.0263
  0.0263
  0.0263
  0.0263
  0.0263
  0.0218
  0.0263
  0.0263
  0.0263
  0.0263
  0.0263
  0.0263
  0.0263
  0.0218
  0.0218
  0.0218
  0.0218
  0.0218
  0.0218
  0.0218
  0.0218
  0.0218
  0.0218
  0.0263
  0.0311
  0.0263
  0.0218
  0.0708
  0.1529
  0.1019
  0.0453
  0.0311
  0.0263
  0.0218
  0.0218
  0.0218
  0.0218
  0.0311
  0.0538
  0.0566
  0.0623
  0.0566
  0.1133
  0.5097
  0.1303
  0.1133
  0.0878
  0.0793
  0.0708
  0.0708
  0.1019
  0.1048
  0.1841
  0.3115
  0.1303
  0.1048
  0.1444
  0.1274
  1.1044
  0.3681
  0.2407
  0.1926
  0.1671
  0.1586
  0.2549
  0.1614
  0.1501
  0.1359
  0.1303
  0.1218
  0.1189
  0.1133
  0.1104
  0.1104
  0.1104
  0.1019
  0.1019
  0.0963
  0.0934
  0.0934
  0.3681
  0.1841
  0.1444
  0.1019
  0.0934
  0.0878
  0.0821
  0.0821
  0.0793
  0.1189
  0.1104
  0.1303
  0.1104
  0.0963
  0.0934
  0.0821
  0.0736
  0.0708
  0.0708
  0.0651
  0.0651
  0.0623
  0.0623
  0.0623
  0.0566
  0.0566
  0.0566
  0.0566
  0.0566
  0.0566
  0.0538
  0.0538
  0.0538
  0.0538
  0.0538
  0.0481
  0.0481
  0.0481
  0.0481
  0.0453
  0.0453
  0.0453
  0.0453
  0.0481
  0.0934
  0.0566
  0.1133
  0.1586
  0.1303
  0.0736
  0.0566
  0.0481
  0.0453
  0.0453
  0.0453
  0.0453
  0.0453
  0.0481
  0.2379
  0.1982
  0.1926
  0.1218
  0.1416
  0.2010
  0.1303
  0.0793
  0.0821
  0.0934
  0.0708
  0.3681
  0.1048
  0.0623
  0.0538
  0.0453
  0.0396
  0.0396
  0.0340
  0.0340
  0.0453
  0.0453
  0.0453
  0.0340
  0.0340
  0.0311
  0.0311
  0.0311
  0.0311
  0.0311
  0.0566
  0.0453
  0.0538
  0.0396
  0.0340
  0.0311
  0.0311
  0.0311
  0.0311
  0.0311
  0.0311
  0.0311
  0.0311
  0.0311
  0.0311
  0.0311
  0.0311
  0.0311
  0.0311
  0.0736
  0.0340
  0.0311
  0.0311
  0.0311
  0.0311
  0.0311
  0.0263
  0.0263
  0.0263
  0.0263
  0.0263
  0.0263
  0.0263
  0.0263
  0.0263
  0.0263
  0.0263
  0.0263
  0.0263
  0.0263
  0.0263
  0.0263
  0.0263
  0.0263
  0.0263
  0.0263
  0.0263
  0.0263
  0.0263
  0.0263
  0.0263
  0.0263
  0.0263
  0.0878
  0.0311
  0.0263
  0.0263
  0.0263
  0.6796
  0.3115
  0.0311
  0.0311
  0.0453
  0.0311
  0.0263
  0.0263
  0.0263
  0.0263
  0.0263
  0.0218
  0.0176
  0.0088
  0.0088
  0.0088
  0.0088
  0.0088
  0.0088
  0.0088
  0.0088
  0.0088
  0.0088
  0.0088
  0.0088
