0.1812
0.1812
0.1699
0.1812
0.1926
0.2039
0.1926
0.5947
0.5380
0.4814
0.2549
0.4814
0.5097
0.3681
0.2039
0.1444
0.1331
0.1048
0.1019
0.1019
0.1019
0.1019
0.2265
0.2265
0.1274
0.1076
0.5947
0.7362
0.3964
0.2832
0.1982
0.1019
0.1019
0.1048
0.1104
0.1161
0.1218
0.1331
0.1331
0.1331
0.2832
0.7362
0.3681
0.2549
0.2265
0.2265
0.2265
0.2039
0.2039
0.2265
0.2265
0.2265
0.2265
0.2265
0.2265
0.2549
0.2265
0.2039
0.1699
0.2549
0.5380
0.7362
0.7362
0.6513
0.3964
0.2265
0.2265
0.2832
0.2832
0.2265
0.1812
0.1331
0.1218
0.1161
0.1104
0.1076
0.1076
0.1104
0.1076
0.1048
0.1019
0.1019
0.1019
0.3681
0.7929
0.7929
0.7929
0.8778
0.5097
0.5380
0.7362
0.3681
0.4531
0.5380
0.6230
0.7362
0.7362
0.7362
0.7929
0.7929
0.7362
0.7362
0.7362
0.6513
0.6230
0.3681
0.5380
0.7362
0.7362
0.7362
0.6513
0.5380
0.5097
0.5947
0.7929
0.7362
0.5380
0.5380
0.5663
0.5947
0.6230
0.6513
0.6513
0.6796
0.7079
0.7362
0.7362
0.9628
0.9628
0.9628
0.9628
0.9628
0.9628
0.9628
0.8212
0.6513
0.5947
0.5380
0.5097
0.4248
0.3964
0.3398
0.3681
0.3681
0.5380
1.0760
0.8495
0.1699
1.1893
1.0760
0.8495
0.2407
0.2265
0.2152
0.1331
0.1331
0.1812
0.2549
0.3681
0.5380
0.6513
0.8495
0.9628
1.1893
1.3592
1.7556
1.6707
1.5574
1.4725
1.3592
1.2743
1.1610
1.0760
0.9628
0.8778
0.7646
0.6796
0.5663
0.4531
0.3398
0.2265
0.2152
0.2039
0.1926
0.1812
0.1331
0.4531
0.2832
1.6424
1.5291
0.6513
1.0760
0.7362
0.5380
0.5380
2.4919
1.4158
0.7362
0.5380
0.5097
0.4814
0.4531
0.9628
0.7362
0.2549
0.2407
0.1926
0.1444
0.1614
0.7362
0.4531
0.1812
0.1642
0.1642
0.1642
0.2577
0.8495
0.6513
0.4814
0.4814
0.4814
0.4814
0.4531
0.3681
0.4814
0.5097
0.4531
0.3398
0.3115
0.2577
0.2039
0.1926
0.3115
0.2435
0.2577
0.9345
0.4814
0.3681
0.3964
0.3115
0.3115
0.2832
0.6796
0.4814
0.4531
0.5947
0.5663
0.3115
0.2322
0.1784
0.1784
0.1784
0.2322
0.4531
0.3115
0.1784
0.1784
0.1727
0.1331
0.1133
0.1019
0.1019
0.0991
0.1019
0.9628
0.9345
0.7929
0.3398
0.3115
0.1784
0.1926
0.1784
0.4814
0.6796
1.2459
1.3309
0.6796
1.8972
0.8778
0.5097
1.2176
0.9061
1.8123
1.3592
0.9628
0.9061
0.4814
0.3681
0.3398
0.3115
0.2322
0.1784
0.1784
0.1784
0.1727
0.1472
1.2459
0.4248
0.2322
0.3964
0.3398
0.2832
0.4814
0.1784
0.1784
0.2039
0.3115
0.2322
0.2322
0.2464
0.2464
0.3115
0.3115
0.3115
0.3115
0.2832
0.2464
0.1926
0.1784
1.0194
0.9911
1.3592
0.8778
1.8689
1.3309
0.8212
0.4814
0.3681
1.7556
1.0477
0.5097
0.7079
0.5097
0.7362
0.6513
0.4814
0.4248
0.3398
0.3964
0.5663
0.4814
0.5097
2.7467
1.1044
0.6230
0.4814
0.4531
0.4531
0.3681
0.3681
0.2832
0.3964
0.7929
0.8212
1.8123
1.2459
0.9345
0.5663
0.3681
0.3115
0.2577
0.2039
0.6796
1.0194
2.0671
4.7006
4.9554
1.8406
1.0760
0.8212
0.6513
0.7646
0.5663
0.4814
0.3681
0.3115
0.1926
0.1784
0.1926
0.1784
0.1784
0.1784
0.1784
0.6513
0.5947
1.3592
1.4725
0.8212
1.1327
0.8212
0.5097
0.3115
0.2718
0.1784
0.1784
0.2039
0.2039
0.2039
0.2039
0.2039
0.2039
0.2039
1.2176
0.5663
1.4158
1.4158
0.4531
3.4547
0.9628
0.7646
0.9061
0.3681
0.2690
0.2265
0.2152
0.2039
0.1954
0.1869
0.1699
0.1642
0.1642
0.1472
0.1189
0.1076
0.0991
0.0991
0.0991
0.1019
0.1104
0.1218
0.1218
0.1218
0.1557
0.9628
0.4531
0.5097
1.0194
0.4531
0.3115
0.2690
0.2577
0.2350
0.2265
0.2265
0.2265
0.2265
0.2265
0.2265
0.2039
1.1044
0.5663
0.4531
0.3115
0.2577
0.2265
0.2265
0.2152
0.2152
0.2152
0.2152
0.2039
0.1869
0.1557
0.1557
0.1189
0.0850
0.0850
0.0850
0.0850
0.0850
0.0850
0.1133
0.1133
0.2039
0.2152
0.4814
0.4248
1.5291
1.7556
1.1610
0.3964
0.3115
0.2039
0.1784
0.1784
0.1586
0.1501
0.1218
0.1218
0.1218
0.1218
0.1614
2.9733
0.7362
0.3115
0.2832
0.2577
1.6141
1.0194
0.7362
0.5663
0.4248
0.3964
0.7362
0.5380
0.4248
0.4814
0.8778
0.6513
0.8212
0.6230
0.7929
0.3964
0.3681
0.3115
0.2265
0.2152
0.2265
0.8212
0.3115
0.2803
0.2803
0.3964
0.4248
1.1327
0.7362
3.0582
3.4547
3.5396
1.2176
1.1327
1.2176
1.2176
1.0194
2.6618
2.5485
1.0194
1.2176
2.3786
2.3786
2.3786
1.7556
0.7929
1.0194
2.0671
2.6618
1.0194
0.7929
0.7929
0.8778
1.2176
1.9255
0.8778
0.7929
0.6230
0.6230
0.6230
0.6230
0.6230
0.5380
0.4248
0.4248
0.4248
0.5380
0.5380
0.5380
0.5380
0.5380
0.4248
0.4248
0.5380
0.5380
0.5380
0.5380
0.5380
0.5380
0.6230
0.6230
0.6230
0.4248
0.4248
1.7556
0.8778
0.7079
3.1432
3.8228
1.2176
0.6230
0.4248
1.2176
0.7079
0.7929
1.0194
1.0194
0.6230
1.5008
0.7929
0.5380
0.4248
0.4248
0.3398
0.3398
0.3398
1.5008
1.0194
0.6230
0.5380
0.4248
0.5380
0.4248
0.4248
0.4248
0.5380
0.5380
0.6230
0.6230
0.5380
0.4248
0.5380
0.5380
0.4248
0.4248
0.3398
0.5380
0.2633
0.2633
0.2180
0.1756
0.2180
0.2180
0.2180
0.2180
0.2180
0.2633
0.2180
0.3398
0.3398
0.2633
0.1756
0.1756
0.1756
0.2180
0.2180
0.1756
0.1756
0.1756
0.1756
0.1303
0.1303
0.1303
0.0878
1.5008
0.7929
0.2633
0.1756
0.1756
0.1756
0.1756
0.1756
0.1756
0.1756
0.1303
0.0878
1.2176
0.4248
0.1756
0.0878
2.0105
1.0477
1.0477
1.5857
0.9628
0.7362
0.9628
1.0477
0.9628
0.6513
0.4248
0.4248
0.4248
0.4248
0.4248
0.3681
0.3398
0.3115
0.3115
0.3115
0.2803
0.2633
0.2633
0.2407
0.2180
0.2180
0.3964
0.3398
0.3681
0.7362
0.5380
0.3681
0.2718
0.2180
0.1756
0.1529
0.1529
0.2180
0.1756
0.1444
0.1303
0.1303
0.1303
0.1048
0.2407
0.1982
0.1048
0.1048
0.1048
0.1048
0.1048
0.1048
0.1048
0.1048
0.3681
0.1982
0.1529
1.3026
0.9628
0.5380
1.1893
0.8778
0.1529
1.5291
0.6513
0.8212
0.6513
0.4248
0.3115
0.3115
1.1893
0.6513
0.4248
0.3681
0.3115
0.3115
0.3115
0.2407
0.2407
1.3026
1.1044
0.6513
0.3964
0.3681
0.6513
0.5663
0.5663
0.8778
1.3026
0.6513
0.4814
0.3398
0.2718
0.2265
0.2010
0.1982
0.1982
0.1982
0.2407
0.2407
0.2407
0.2407
0.1982
0.1982
0.1982
0.1982
0.1529
0.1529
0.1529
0.1529
0.1529
0.1303
0.1303
0.1303
0.1303
0.1303
0.1048
0.1048
0.1982
0.1303
0.1274
0.1048
0.1048
0.1529
0.1303
0.1529
0.1756
0.2633
0.1982
0.2633
0.2379
0.1303
0.1303
0.1303
0.8778
0.5380
0.8778
0.3115
0.1529
0.1982
0.1529
0.1048
0.1303
0.6513
0.5380
0.3115
0.1982
0.1529
0.1303
0.1048
0.1048
0.1048
0.1048
0.1048
0.0878
0.0878
0.0878
0.0708
0.0708
0.0708
0.0708
0.0708
0.0708
0.0708
0.0708
0.0708
0.0708
0.0708
0.0623
0.0623
0.0623
0.0623
0.0623
0.0623
0.0623
0.0623
0.0623
0.0623
0.0623
0.0623
0.0623
0.0623
0.7362
0.4248
0.3681
0.3681
0.3115
0.2407
0.2407
0.2407
0.1982
0.1982
0.1982
0.1982
0.1982
0.1982
0.1982
0.1529
0.1529
0.8778
1.3026
2.1804
0.7362
0.3681
1.6990
0.7362
0.8778
1.4442
1.3026
0.5380
0.9628
1.0477
0.6513
1.4442
2.9450
6.4846
6.4846
1.5857
1.1893
0.9628
1.6990
2.9450
2.9450
2.6335
2.6335
2.1804
1.8406
1.1893
0.8778
0.7362
0.6513
0.6513
1.1044
1.8972
5.2669
2.3786
1.1893
0.8778
0.7362
0.6513
0.6230
1.6990
0.6513
0.3398
0.2407
0.1982
0.1529
0.1529
1.3026
0.5380
0.3115
0.3115
0.3115
0.2407
0.2407
0.2407
0.2407
1.8406
1.3026
0.7079
0.7362
0.5380
0.5380
0.6513
1.0477
0.5380
1.3026
4.1626
2.0105
6.2580
5.0687
2.0105
1.3026
0.9628
0.7362
0.7362
0.7362
0.8778
0.8778
0.8778
4.3325
7.6739
8.9764
5.8616
3.5113
1.9822
1.5291
1.1893
0.9628
0.8778
4.7006
2.4636
3.2848
1.4442
0.8778
0.6513
0.4248
0.7362
3.2848
