  0.1133
  0.1133
  0.1133
  0.2265
  0.7362
  0.3681
  0.2265
  0.1444
  0.1218
  0.1161
  0.1133
  0.1076
  0.1048
  0.1019
  0.1019
  0.1019
  0.1019
  0.1019
  0.1019
  0.1019
  0.5380
  0.2265
  0.1048
  0.1048
  0.1048
  0.1076
  0.1076
  0.1104
  0.1104
  0.1104
  0.1133
  0.1133
  0.1076
  0.1048
  0.1048
  0.1048
  0.1048
  0.1019
  0.1019
  0.1812
  0.2549
  0.1331
  0.1133
  0.1161
  0.1331
  0.1388
  0.1699
  0.1614
  0.1274
  0.1104
  0.1104
  0.1076
  0.1048
  0.1331
  0.1444
  0.1529
  0.1444
  0.1529
  0.2407
  0.2039
  0.1444
  0.4248
  0.3398
  0.2322
  0.2322
  0.2832
  0.7929
  1.2459
  0.9061
  1.4158
  0.5097
  0.4531
  0.3681
  0.3964
  0.3681
  0.3398
  0.3115
  0.5097
  0.8212
  0.3398
  0.2322
  0.2039
  0.1926
  0.1784
  0.1784
  0.3115
  0.4814
  0.3398
  0.3115
  0.2039
  0.1926
  0.1784
  0.1926
  0.1784
  0.1784
  0.1784
  0.2718
  0.2464
  0.2464
  0.2180
  0.1926
  0.1784
  0.1784
  0.1784
  0.2832
  1.2459
  0.5097
  0.2832
  0.1784
  0.1727
  0.1529
  0.1388
  0.3398
  0.3681
  0.3115
  0.3398
  0.1784
  0.2577
  1.4725
  1.2743
  0.4814
  0.3115
  0.1926
  0.1784
  0.1784
  0.1784
  0.1784
  0.1784
  0.1784
  0.1784
  0.1784
  0.1784
  0.1784
  0.1727
  0.2322
  0.4248
  0.3115
  0.2435
  0.1926
  0.1784
  0.1784
  0.1784
  0.1784
  0.2180
  0.1784
  0.3964
  0.4531
  0.2577
  0.2322
  0.2039
  0.1784
  0.1727
  0.1642
  0.1784
  0.3115
  0.3964
  0.4531
  0.3681
  0.8212
  0.8778
  1.1610
  1.1327
  2.1521
  1.0477
  1.7840
  1.5008
  1.1327
  0.8495
  0.7362
  0.6513
  0.6230
  0.5097
  0.4814
  0.5097
  0.5947
  0.6513
  0.6230
  0.5380
  0.5380
  0.5380
  0.4814
  0.4531
  0.4814
  0.4814
  0.4814
  0.4814
  0.4814
  0.4814
  0.4248
  0.3398
  0.3398
  0.3115
  0.3115
  0.1926
  0.2180
  0.2039
  1.1327
  0.9061
  0.3115
  0.2039
  0.1784
  0.1897
  0.1642
  0.1133
  0.1727
  0.1784
  0.2577
  0.2039
  0.1926
  1.9255
  0.5947
  0.1586
  0.1104
  0.1048
  0.8212
  0.6230
  0.3964
  0.1727
  0.1189
  2.0105
  0.8212
  0.5663
  0.5097
  0.4531
  0.4814
  0.4531
  0.3398
  0.2322
  0.2039
  0.1784
  0.1784
  0.1784
  0.1784
  0.1784
  0.1784
  0.1784
  0.1784
  0.1784
  0.1784
  0.1784
  0.1784
  0.1784
  0.1784
  0.1784
  1.1044
  0.5947
  0.3115
  0.2832
  0.2152
  0.1954
  0.1869
  0.1784
  0.2577
  0.6796
  0.9628
  0.5663
  2.3786
  1.4442
  2.6335
  0.8495
  1.0194
  1.2459
  0.9628
  0.5663
  0.5097
  0.4531
  0.4531
  0.4531
  1.4442
  0.7929
  0.5097
  0.5097
  1.2743
  1.1610
  0.7362
  0.6513
  1.0760
  0.5947
  0.4531
  0.4248
  0.3398
  0.3115
  0.2152
  0.2039
  0.6796
  2.8317
  1.9822
  0.8212
  0.5097
  0.4814
  0.4531
  0.4531
  0.4531
  0.3681
  0.3115
  0.2832
  0.2265
  0.2152
  0.2039
  0.2039
  0.2039
  0.2039
  0.2039
  0.2039
  0.2039
  0.2039
  0.1954
  0.2350
  0.3964
  0.3115
  0.3115
  0.3115
  0.2577
  0.2464
  1.0194
  1.1610
  0.4814
  0.4248
  0.6513
  0.3398
  0.3115
  0.2350
  0.2152
  0.2039
  0.2039
  0.2039
  0.2039
  0.1954
  0.1784
  0.1784
  0.8495
  0.4814
  0.5097
  0.3964
  0.2577
  0.7079
  1.4158
  1.2176
  1.1044
  1.4158
  0.8778
  0.7079
  0.7079
  0.4814
  0.3115
  0.2577
  0.2265
  0.2265
  0.3964
  0.3681
  0.2803
  0.2379
  0.2265
  0.2379
  0.2379
  0.2577
  0.2152
  0.2067
  0.2067
  0.2067
  0.2067
  0.2067
  0.2067
  0.2067
  0.2067
  0.1982
  0.1982
  0.1784
  0.1699
  0.1699
  0.1586
  0.1614
  0.1784
  0.1982
  0.2067
  0.2067
  0.2067
  0.2067
  0.2832
  0.4248
  0.4814
  0.7079
  0.4814
  0.4248
  0.2832
  0.2265
  0.1926
  0.2067
  0.2067
  0.1897
  0.1982
  0.1897
  0.1784
  0.4814
  1.9255
  0.5380
  0.9061
  0.8212
  1.1327
  0.8778
  0.3681
  0.3115
  0.3115
  0.3115
  0.2832
  0.2067
  0.2067
  0.1699
  0.1614
  0.1614
  0.1614
  0.1614
  0.1614
  0.1614
  0.1614
  0.1614
  0.1614
  0.1614
  0.1586
  0.1586
  0.1501
  0.1416
  0.1218
  0.1133
  0.1699
  0.1586
  0.1586
  0.4248
  0.2633
  0.0878
  0.0878
  0.0878
  0.2180
  0.0878
  0.0878
  0.0878
  0.0878
  0.0878
  0.0878
  0.0878
  0.0878
  0.0878
  0.0878
  0.0878
  0.1756
  0.0878
  0.1303
  0.2180
  0.1303
  1.6141
  0.4248
  0.5380
  0.1756
  0.7079
  0.7079
  0.1756
  0.1303
  0.4248
  1.1327
  0.7929
  0.4248
  0.4248
  0.3398
  0.2633
  0.3398
  1.7556
  0.6230
  0.3398
  0.2633
  0.2633
  0.2633
  0.2633
  0.2633
  0.2633
  0.2633
  0.2633
  0.4248
  0.4248
  1.1327
  0.3398
  0.2633
  1.1327
  0.7079
  0.6513
  0.6513
  0.6230
  0.6230
  0.5663
  0.5380
  0.4814
  0.4814
  0.4248
  1.2176
  1.3592
  0.5380
  1.3592
  0.7079
  0.7929
  0.3398
  0.2633
  0.2633
  0.2633
  0.2633
  0.2633
  0.2633
  0.2633
  0.7929
  0.7079
  0.7079
  1.7556
  1.1327
  0.7929
  0.7929
  0.6230
  1.2176
  0.5380
  0.4248
  0.4248
  0.4248
  0.4248
  0.4248
  0.4248
  0.4248
  0.3398
  0.3398
  0.4248
  0.2633
  0.7079
  0.4248
  0.2633
  0.2180
  0.2180
  0.2633
  0.6230
  0.2180
  0.2180
  0.1756
  0.1756
  0.1756
  0.1756
  0.1756
  0.1756
  1.2176
  0.7929
  0.2633
  0.2180
  0.4248
  1.2176
  0.5380
  0.2633
  0.2633
  0.2180
  0.2180
  2.1804
  1.3592
  0.6230
  0.6230
  0.4248
  0.2633
  0.2633
  0.3398
  0.2633
  0.2180
  0.2180
  0.2180
  0.2180
  0.2180
  0.2180
  0.2180
  0.2180
  0.7079
  1.9255
  1.1327
  0.2633
  0.7929
  0.2633
  0.2633
  0.6230
  1.1327
  1.9255
  0.4248
  0.2633
  0.6230
  0.2633
  0.4248
  2.5485
  1.0194
  0.7929
  0.7929
  0.7929
  1.1327
  3.4547
  1.7556
  1.3592
  2.3786
  0.8778
  0.7079
  1.1327
  0.8778
  0.7079
  0.7079
  0.7079
  0.7079
  3.1432
  5.4368
  6.6261
  3.8228
  1.3026
  1.5857
  2.0105
  0.0623
  0.0623
  0.0623
  0.0623
  0.0708
  0.0708
  0.0623
  0.0623
  0.0708
  0.0623
  0.0623
  0.0623
  0.0623
  0.0623
  0.1048
  0.3115
  0.1048
  0.1048
  0.1303
  0.1303
  0.1303
  0.3681
  0.4248
  1.0477
  1.6990
  3.1149
  2.3220
  0.3115
  0.9628
  0.2407
  0.6513
  0.1529
  0.1303
  0.1048
  0.1048
  0.1048
  0.1104
  0.1104
  0.1133
  0.1133
  0.1133
  0.1189
  0.1189
  0.1189
  0.1218
  0.1218
  0.1274
  0.1274
  0.1303
  0.1303
  0.1303
  0.1529
  0.1303
  0.1303
  0.1303
  0.1303
  0.1529
  0.1529
  0.1529
  0.1048
  0.1048
  0.1048
  0.1048
  0.1529
  0.1982
  0.1529
  0.1982
  0.1982
  0.1982
  0.1529
  0.1529
  0.1529
  0.1529
  0.1529
  0.1529
  0.2407
  1.6990
  1.6990
  2.0105
  2.1804
  0.7362
  0.3115
  0.2407
  0.1529
  0.1529
  0.1303
  0.1303
  0.1048
  0.1048
  0.1048
  0.1048
  0.1303
  0.1982
  0.2407
  0.2407
  0.2407
  0.3681
  0.3681
  0.2407
  0.1982
  0.1529
  0.1529
  0.1529
  0.1529
  0.1048
  0.1048
  0.2407
  0.1982
  0.1303
  0.3681
  0.2407
  0.1529
  0.1303
  0.1048
  0.0878
  0.0708
  0.1529
  0.1982
  0.2407
  0.1529
  0.0878
  0.0878
  0.0708
  0.0708
  0.0708
  0.1303
  0.1303
  0.3681
  0.1529
  0.8778
  0.3115
  0.1982
  0.1982
  0.3681
  0.3681
  0.6513
  0.6513
  0.3681
  0.3115
  0.3115
  0.2407
  0.1982
  0.6513
  0.5380
  0.3681
  0.2407
  0.1982
  0.1982
  0.1982
  0.1529
  0.1529
  0.2407
  0.9628
  0.3115
  0.1982
  0.1982
  0.1529
  0.1529
  0.1529
  0.1529
  0.1529
  0.2407
  0.2407
  0.7362
  1.3026
  0.5380
  0.3115
  0.2407
  0.1982
  1.1893
  1.4442
  0.4814
  0.1982
  0.1982
  0.1982
  0.8778
  0.5380
  1.3026
  1.8406
  1.6990
  0.8778
  1.0477
  1.4442
